0.600000	-0.098299
0.679000	0.192227
0.679000	0.245830
0.679000	0.272312
0.679000	0.202763
0.679000	0.138626
0.679000	0.050365
0.679000	-0.014957
0.679000	-0.055211
0.679000	-0.093798
0.679000	-0.153250
0.679000	-0.179643
0.679000	-0.211094
0.679000	-0.278846
0.679000	-0.130678
0.679000	-0.031248
0.679000	0.063201
0.679000	0.139057
0.679000	0.187322
0.679000	0.161754
0.679000	0.148174
0.679000	0.151671
0.679000	0.137001
0.679000	0.108153
0.679000	0.067795
0.630000	0.051957
0.614000	0.043633
0.598000	0.016873
0.566000	-0.017758
0.566000	-0.049710
0.550000	-0.084686
0.533000	-0.130689
0.517000	-0.163226
0.501000	-0.192651
0.501000	-0.223682
0.485000	-0.264213
0.436000	-0.315668
0.420000	-0.375763
0.404000	-0.455783
0.372000	-0.520359
0.388000	-0.480714
0.355000	-0.564304
0.533000	-0.364030
0.582000	-0.319949
0.647000	-0.278243
0.630000	-0.310182
0.614000	-0.448593
0.550000	-0.501821
0.517000	-0.498192
0.679000	0.216218
0.679000	0.216583
0.679000	0.091308
0.679000	-0.024019
0.679000	-0.079204
0.679000	0.305361
0.679000	0.585352
0.679000	0.640602
0.679000	0.648253
0.679000	0.641862
0.679000	0.630353
0.679000	0.620547
0.679000	0.614507
0.679000	0.690897
0.679000	0.830750
0.679000	0.824028
0.679000	0.822763
0.679000	0.866018
0.679000	0.893542
0.679000	0.830812
0.679000	0.810098
0.679000	0.782557
0.679000	0.811292
0.679000	0.800046
0.679000	0.797792
0.679000	0.783188
0.679000	0.769519
0.679000	0.752457
0.679000	0.721318
0.679000	0.728451
0.679000	0.730276
0.679000	0.731518
0.679000	0.731348
0.679000	0.730948
0.679000	0.761185
0.679000	0.775500
0.679000	0.768291
0.679000	0.768653
0.679000	0.767834
0.679000	0.762387
0.679000	0.762528
0.679000	0.763604
0.679000	0.790217
0.679000	0.798298
0.679000	0.798513
0.679000	0.817328
0.679000	0.832937
0.679000	0.846016
0.679000	0.854118
0.679000	0.857785
0.679000	0.858940
0.679000	0.795509
0.679000	0.725410
0.679000	0.623469
0.679000	0.571331
0.679000	0.488817
0.679000	0.307181
0.679000	0.060316
0.679000	-0.047039
0.679000	-0.105838
0.679000	-0.027097
0.679000	0.403240
0.679000	0.600175
0.679000	0.709161
0.679000	0.476711
0.679000	0.317137
0.679000	0.092870
0.679000	0.083125
0.679000	0.068232
0.679000	-0.016641
0.679000	-0.071050
0.679000	0.217392
0.679000	0.289398
0.679000	0.126962
0.679000	-0.019754
0.679000	-0.072949
0.679000	0.292277
0.679000	0.455048
0.679000	0.672163
0.679000	0.771652
0.679000	0.755972
0.679000	0.717954
0.679000	0.747446
0.679000	0.654842
0.679000	0.590431
0.679000	0.561295
0.679000	0.544269
0.679000	0.647981
0.679000	0.669643
0.679000	0.558894
0.679000	0.564776
0.679000	0.613486
0.679000	0.670533
0.679000	0.726258
0.679000	0.754705
0.679000	0.736373
0.679000	0.731755
0.679000	0.746690
0.275000	-0.403086
0.291000	-0.492650
0.307000	-0.544939
0.291000	-0.563442
0.275000	-0.411112
0.291000	-0.303678
0.258000	-0.226258
0.258000	-0.183532
0.242000	-0.161783
0.226000	-0.159921
0.226000	-0.152093
0.080000	-0.134270
-0.162000	-0.175132
-0.275000	-0.234968
-0.421000	-0.298917
-0.518000	-0.367161
-0.162000	-0.193685
-0.114000	-0.081246
-0.178000	-0.080670
-0.405000	-0.198614
-0.534000	-0.291589
-0.615000	-0.358585
-0.680000	-0.429137
-0.745000	-0.506683
-0.826000	-0.552344
-0.858000	-0.451025
-0.890000	-0.551236
-0.939000	-0.674500
-1.004000	-0.746249
-1.068000	-0.801403
-1.117000	-0.873289
-1.181000	-0.977053
-1.279000	-1.076013
-1.101000	-1.088766
-0.987000	-1.052122
-1.262000	-1.256005
-1.376000	-1.387885
-1.440000	-1.489407
-1.505000	-1.562836
-1.554000	-1.620734
-1.602000	-1.640066
-1.683000	-1.682587
-1.764000	-1.734132
-1.829000	-1.753232
-1.877000	-1.783906
-1.926000	-1.841876
-1.942000	-1.842433
-1.958000	-1.882129
-1.990000	-1.930108
-1.990000	-1.942714
-2.023000	-1.982258
-2.055000	-2.019790
-2.087000	-2.047350
-1.683000	-1.774399
-1.748000	-1.730962
-1.909000	-1.869654
-2.007000	-1.999162
-2.055000	-2.069235
-2.087000	-2.104133
-2.120000	-2.093879
-2.120000	-2.108682
-2.136000	-2.152811
-2.152000	-2.149141
-2.104000	-2.124576
-2.039000	-2.082456
-2.120000	-2.173915
-2.152000	-2.211047
-2.168000	-2.261222
-2.185000	-2.283693
-1.586000	-1.800135
-1.926000	-1.827230
-2.071000	-1.975328
-2.136000	-2.067928
-2.152000	-2.139887
-2.136000	-2.157194
-2.185000	-2.245468
-2.201000	-2.287193
-2.152000	-2.165400
-2.136000	-2.056376
-1.732000	-1.773685
-1.812000	-1.531240
-1.958000	-1.619089
-1.990000	-1.576494
-2.087000	-1.580773
-2.120000	-1.564738
-2.136000	-1.612870
-0.761000	-0.316502
0.372000	0.368542
0.339000	0.296424
0.000000	0.291331
-0.971000	0.231330
-1.521000	0.199415
-1.570000	0.113998
-1.634000	0.028038
-0.906000	0.238893
0.550000	0.421585
0.550000	0.480681
0.566000	0.512779
0.566000	0.507129
0.566000	0.504181
0.582000	0.507191
0.598000	0.493420
0.598000	0.489799
0.598000	0.469476
0.614000	0.489792
0.630000	0.475821
0.647000	0.477412
0.663000	0.506830
0.647000	0.500155
0.647000	0.490693
0.647000	0.577358
0.663000	0.633376
0.630000	0.609138
0.647000	0.607073
0.647000	0.606677
0.647000	0.678720
0.663000	0.823215
0.679000	0.827482
0.647000	0.838277
0.663000	0.837428
0.647000	0.848919
0.647000	0.792000
0.647000	0.767503
0.679000	0.748920
0.679000	0.814531
0.647000	0.795101
0.679000	0.784825
0.679000	0.790099
0.679000	0.795988
0.566000	0.796634
0.372000	0.790481
0.064000	0.734839
-0.373000	0.578002
-0.178000	0.543471
-0.373000	0.439092
-0.486000	0.239727
-0.712000	0.010625
-0.923000	-0.217402
-1.068000	-0.364790
-1.214000	-0.490620
-1.311000	-0.595361
-1.408000	-0.673056
-1.473000	-0.741685
-1.489000	-0.779547
-1.537000	-0.853782
-1.554000	-0.878565
-1.570000	-0.870254
-1.489000	-0.645176
-1.149000	-0.595543
0.242000	-0.425862
0.501000	-0.365395
0.533000	-0.145380
0.566000	0.177165
0.598000	0.421228
0.614000	0.559841
0.598000	0.607571
0.598000	0.654146
0.598000	0.643038
0.614000	0.638146
0.630000	0.729335
0.647000	0.741341
0.647000	0.702276
0.630000	0.676425
0.614000	0.667984
0.598000	0.674652
0.614000	0.727996
0.647000	0.716715
0.630000	0.696167
0.630000	0.693579
0.614000	0.689882
0.614000	0.691568
0.598000	0.684866
0.598000	0.698120
0.598000	0.703043
0.598000	0.697315
0.582000	0.708736
0.582000	0.708312
0.598000	0.699107
0.598000	0.695133
0.598000	0.729836
0.582000	0.711824
0.582000	0.683974
0.566000	0.677617
0.550000	0.687450
0.533000	0.689590
0.533000	0.679339
0.517000	0.676698
0.517000	0.676418
0.501000	0.666581
0.533000	0.658496
0.533000	0.669227
0.533000	0.672860
0.533000	0.666556
0.517000	0.657242
0.501000	0.651283
0.501000	0.648046
0.501000	0.644786
0.469000	0.637623
0.485000	0.632827
0.485000	0.622442
0.501000	0.593749
0.550000	0.558377
0.614000	0.621967
0.647000	0.693745
0.614000	0.719987
0.598000	0.727222
0.566000	0.734252
0.566000	0.741491
0.598000	0.748798
0.614000	0.755786
0.647000	0.768635
0.663000	0.774068
0.663000	0.794223
0.679000	0.792124
0.679000	0.763745
0.663000	0.659877
0.550000	0.500127
0.404000	0.332320
0.485000	0.318051
0.533000	0.196474
0.372000	0.052476
0.291000	0.056982
0.550000	0.307366
0.566000	0.307588
0.550000	0.280803
0.566000	0.316632
0.550000	0.313253
0.566000	0.246719
0.566000	0.198421
0.582000	0.167286
0.501000	0.070999
0.291000	-0.046301
0.194000	-0.121100
0.097000	-0.179932
-0.081000	-0.264057
-0.551000	-0.425897
-0.793000	-0.504448
-0.890000	-0.545581
-0.890000	-0.530716
-0.939000	-0.583004
-1.004000	-0.649597
-1.052000	-0.685929
-1.068000	-0.713739
-1.084000	-0.741007
-1.101000	-0.768517
-1.117000	-0.789492
-1.133000	-0.801749
-1.084000	-0.717930
-1.036000	-0.637038
-1.084000	-0.706821
-1.084000	-0.744858
-0.292000	-0.466467
-0.664000	-0.517669
-0.761000	-0.558570
-0.809000	-0.568909
-0.809000	-0.581567
-0.826000	-0.599237
-0.890000	-0.643909
-0.955000	-0.700414
-1.020000	-0.727161
-1.052000	-0.764259
-1.101000	-0.817232
-1.133000	-0.856418
-1.133000	-0.879105
-1.149000	-0.926867
0.016000	-0.080521
0.663000	0.414415
0.679000	0.534829
0.679000	0.520493
0.679000	0.531761
0.679000	0.538807
0.679000	0.527310
0.679000	0.507131
0.679000	0.502175
0.679000	0.502098
0.679000	0.527140
0.679000	0.511790
0.679000	0.563171
0.679000	0.556628
0.679000	0.539067
0.679000	0.520246
0.679000	0.523400
0.679000	0.495033
0.679000	0.494286
0.679000	0.476032
0.679000	0.469838
0.679000	0.459760
0.679000	0.451459
0.679000	0.442104
0.679000	0.430557
0.679000	0.405377
0.679000	0.408714
0.679000	0.301852
0.679000	0.175438
0.404000	0.043283
-0.146000	-0.087737
-0.373000	-0.207022
-0.470000	-0.271545
-0.502000	-0.322906
-0.551000	-0.364776
-0.615000	-0.396824
-0.664000	-0.429000
-0.664000	-0.447831
-0.664000	-0.475656
-0.680000	-0.520229
-0.696000	-0.551787
-0.745000	-0.586588
-0.728000	-0.518321
-0.745000	-0.556695
-0.809000	-0.629703
-0.874000	-0.676983
-0.923000	-0.711927
-0.939000	-0.735776
-0.955000	-0.752665
-0.987000	-0.778750
-1.004000	-0.796885
-1.020000	-0.834007
-0.987000	-0.746732
-0.583000	-0.500162
-0.631000	-0.537399
-0.664000	-0.601855
-0.745000	-0.663569
-0.858000	-0.712471
-0.923000	-0.810265
-0.987000	-0.858176
-0.971000	-0.789698
-0.987000	-0.804611
-1.133000	-0.960816
-1.214000	-0.994630
-1.198000	-0.923507
-1.230000	-0.994521
-1.262000	-1.051339
-1.295000	-1.094938
-1.311000	-1.106846
-1.327000	-1.060785
-1.343000	-1.086059
-1.359000	-1.118857
-1.376000	-1.160330
-1.392000	-1.190943
-1.262000	-1.133719
-1.279000	-1.103915
-1.359000	-1.191712
-1.424000	-1.400100
-1.505000	-1.528688
-1.570000	-1.597034
-1.602000	-1.645830
-1.651000	-1.706473
-1.699000	-1.795578
-1.764000	-1.872550
-1.796000	-1.941225
-1.845000	-1.988847
-1.893000	-2.020268
-1.926000	-2.043087
-1.958000	-2.085293
-1.990000	-2.130198
-2.023000	-2.162663
-2.039000	-2.189009
-1.926000	-2.033355
-1.845000	-1.873435
-1.926000	-1.886178
-1.974000	-1.927422
-2.007000	-1.925316
-2.023000	-1.927327
-2.039000	-1.909691
-2.055000	-1.853726
-2.071000	-1.949978
-2.071000	-1.994416
-2.087000	-2.044500
-2.104000	-2.066849
-2.104000	-2.087388
-2.120000	-2.107641
-2.136000	-2.112112
-2.136000	-2.131134
-2.152000	-2.158116
-2.168000	-2.164071
-2.168000	-2.194104
-2.185000	-2.229130
-2.201000	-2.252663
-2.185000	-2.208744
-2.201000	-2.264528
-2.201000	-2.302403
-2.217000	-2.311229
-1.618000	-2.012956
-1.343000	-1.304087
-1.812000	-1.362780
-1.958000	-1.464550
-2.023000	-1.553439
-1.942000	-1.560393
-1.893000	-1.560161
-2.007000	-1.631357
-2.071000	-1.688170
-2.087000	-1.734236
-2.120000	-1.798677
-2.120000	-1.793778
-2.136000	-1.854890
-2.152000	-1.923278
-2.168000	-1.979226
-2.168000	-2.036119
-2.185000	-2.090485
-2.201000	-2.151190
-2.201000	-2.182774
-2.217000	-2.230448
-2.233000	-2.282717
-2.233000	-2.327368
-2.233000	-2.325118
-2.233000	-2.315581
-2.233000	-2.361787
-2.249000	-2.409904
-2.249000	-2.440794
-2.201000	-2.433633
-2.249000	-2.469550
-2.265000	-2.482461
-2.265000	-2.523059
-2.265000	-2.543912
-2.282000	-2.563271
-2.282000	-2.543878
-2.265000	-2.558875
-2.233000	-2.578587
-2.265000	-2.615335
-2.265000	-2.549580
-2.185000	-2.453079
0.485000	-0.737485
-0.890000	-0.930927
-1.537000	-1.097930
-1.667000	-1.169278
-1.780000	-1.253429
-1.861000	-1.326352
-1.893000	-1.398297
-1.958000	-1.559773
-2.023000	-1.658317
-2.055000	-1.732157
-2.071000	-1.800735
-2.104000	-1.871936
-2.136000	-1.917497
-1.796000	-1.729814
0.630000	0.222116
0.582000	0.290205
0.550000	0.297980
0.550000	0.275531
0.566000	0.309867
0.582000	0.321622
0.582000	0.367110
0.582000	0.357113
0.598000	0.352388
0.647000	0.362707
0.647000	0.378466
0.647000	0.387715
0.647000	0.385897
0.647000	0.383665
0.647000	0.381157
0.663000	0.383576
0.647000	0.378436
0.630000	0.376003
0.630000	0.371540
0.630000	0.372075
0.307000	0.377579
-0.081000	0.369810
-0.356000	0.314785
-0.486000	0.222159
-0.648000	0.111807
-0.583000	0.128634
0.258000	0.443190
0.679000	0.373350
0.679000	0.280753
0.679000	0.330642
0.679000	0.315521
0.679000	0.255757
0.679000	0.296918
0.679000	0.405655
0.679000	0.365762
0.679000	0.334828
0.679000	0.341780
0.679000	0.296389
0.679000	0.266315
0.679000	0.297149
0.679000	0.324279
0.679000	0.333138
0.679000	0.332513
0.679000	0.328507
0.679000	0.340118
0.679000	0.296278
0.679000	0.326753
0.679000	0.320761
0.679000	0.324582
0.679000	0.357656
0.679000	0.366462
0.679000	0.399938
0.679000	0.422611
0.679000	0.433102
0.679000	0.389745
0.679000	0.450803
0.679000	0.434107
0.679000	0.438425
0.679000	0.412158
0.679000	0.413891
0.679000	0.455367
0.679000	0.462044
0.679000	0.450325
0.679000	0.469442
0.679000	0.451657
0.679000	0.438055
0.679000	0.441197
0.679000	0.443614
0.679000	0.463985
0.679000	0.503745
0.679000	0.496143
0.679000	0.491499
0.679000	0.495626
0.679000	0.567893
0.679000	0.523711
0.679000	0.436556
0.679000	0.444499
0.679000	0.475053
0.679000	0.507322
0.679000	0.514943
0.679000	0.520844
0.679000	0.536150
0.679000	0.529582
0.679000	0.522629
0.679000	0.545342
0.679000	0.553446
0.679000	0.538168
0.679000	0.540452
0.679000	0.534113
0.679000	0.531883
0.679000	0.534178
0.679000	0.529045
0.679000	0.531943
0.679000	0.529726
0.679000	0.527768
0.679000	0.528838
0.679000	0.518943
0.679000	0.517363
0.679000	0.514601
0.679000	0.489861
0.679000	0.495584
0.679000	0.477345
0.663000	0.447532
0.679000	0.443910
0.679000	0.439642
0.679000	0.438442
0.679000	0.441725
0.679000	0.442654
0.679000	0.434050
0.679000	0.380393
0.679000	0.387222
0.679000	0.451437
0.679000	0.420522
0.679000	0.436754
0.679000	0.447101
0.679000	0.504908
0.679000	0.642132
0.679000	0.603705
0.679000	0.487493
0.679000	0.531944
0.679000	0.544062
0.679000	0.569232
0.679000	0.620172
0.679000	0.563647
0.679000	0.553756
0.679000	0.558392
0.679000	0.573420
0.679000	0.588588
0.679000	0.600152
0.679000	0.612744
0.679000	0.622530
0.679000	0.631946
0.679000	0.634398
0.679000	0.635993
0.679000	0.638036
0.679000	0.635818
0.679000	0.641160
0.679000	0.655298
0.679000	0.653955
0.679000	0.679182
0.679000	0.707114
0.679000	0.702069
0.679000	0.695137
0.679000	0.693371
0.679000	0.744651
0.679000	0.745493
0.679000	0.774946
0.679000	0.727155
0.679000	0.738326
0.679000	0.739901
0.679000	0.747195
0.679000	0.788564
0.679000	0.818342
0.679000	0.796186
0.679000	0.779293
0.679000	0.772597
0.679000	0.774934
0.679000	0.771413
0.679000	0.767681
0.679000	0.776104
0.679000	0.773502
0.679000	0.769359
0.679000	0.766107
0.679000	0.773947
0.679000	0.789848
0.679000	0.786285
0.679000	0.781389
0.679000	0.779693
0.679000	0.769601
0.679000	0.768837
0.679000	0.768401
0.679000	0.761205
0.679000	0.757659
0.679000	0.755933
0.679000	0.758235
0.679000	0.733871
0.679000	0.696013
0.679000	0.695973
0.679000	0.699591
0.679000	0.686560
0.679000	0.704778
0.679000	0.737466
0.679000	0.738517
0.679000	0.732415
0.679000	0.708283
0.679000	0.681648
0.679000	0.674321
0.679000	0.704100
0.679000	0.753156
0.679000	0.778187
0.679000	0.802017
0.679000	0.815794
0.679000	0.828758
0.679000	0.831772
0.679000	0.844169
0.679000	0.856736
0.679000	0.772403
0.679000	0.761919
0.679000	0.774325
0.679000	0.758950
0.679000	0.762473
0.679000	0.776865
0.679000	0.753733
0.679000	0.748263
0.679000	0.742441
0.679000	0.739739
0.679000	0.748239
0.679000	0.736213
0.679000	0.731021
0.679000	0.712277
0.679000	0.671286
0.679000	0.669914
0.679000	0.688955
0.679000	0.708487
0.679000	0.705805
0.679000	0.684690
0.679000	0.678979
0.679000	0.683880
0.679000	0.732971
0.679000	0.762327
0.679000	0.782292
0.679000	0.801220
0.679000	0.808950
0.679000	0.814913
0.679000	0.823380
0.679000	0.828123
0.679000	0.818546
0.679000	0.822752
0.679000	0.820613
0.679000	0.821238
0.679000	0.830005
0.679000	0.842619
0.679000	0.839365
0.679000	0.826747
0.679000	0.815910
0.679000	0.826315
0.679000	0.835904
0.679000	0.843323
0.679000	0.849585
0.679000	0.855500
0.679000	0.861674
0.679000	0.854078
0.679000	0.848864
0.679000	0.846630
0.679000	0.818162
0.679000	0.787180
0.679000	0.733150
0.679000	0.672922
0.679000	0.661981
0.679000	0.624397
0.436000	0.565169
0.194000	0.616185
0.501000	0.698984
0.161000	0.413797
0.177000	0.459288
0.469000	0.782882
0.469000	0.852733
0.436000	0.864953
0.436000	0.843216
0.436000	0.838557
0.436000	0.845898
0.436000	0.830176
0.436000	0.831058
0.420000	0.820587
0.436000	0.858934
0.404000	0.873396
0.420000	0.846800
0.436000	0.829293
0.436000	0.832192
0.453000	0.828580
0.469000	0.835928
0.469000	0.827698
0.453000	0.812482
0.453000	0.804499
0.469000	0.792232
0.469000	0.801618
0.501000	0.837323
0.501000	0.862985
0.517000	0.841206
0.533000	0.837181
0.533000	0.794586
0.517000	0.772169
0.533000	0.749999
0.517000	0.781955
0.533000	0.780576
0.533000	0.779638
0.550000	0.746929
0.436000	0.765174
0.291000	0.732880
0.339000	0.751674
0.355000	0.766009
0.339000	0.735022
0.679000	0.570682
0.679000	0.574462
0.679000	0.553773
0.679000	0.543501
0.679000	0.531538
0.679000	0.516027
0.679000	0.395576
0.485000	0.295106
-0.049000	0.199720
-0.130000	0.152536
-0.162000	0.122595
-0.292000	0.096111
-0.292000	0.119454
-0.324000	0.091992
-0.470000	0.103831
-0.648000	-0.020354
-0.923000	-0.137658
-1.052000	-0.349277
-1.117000	-0.479442
-0.842000	-0.374360
-0.680000	-0.320904
-0.923000	-0.446660
-1.084000	-0.641329
-1.198000	-0.790365
-1.262000	-0.916374
-1.327000	-1.000894
-1.343000	-1.016058
-1.246000	-0.886466
-1.214000	-0.829058
-0.534000	-0.517407
0.242000	0.028750
0.533000	0.102950
0.533000	0.195888
0.533000	0.254627
0.517000	0.308275
0.517000	0.344710
0.533000	0.376399
0.533000	0.422510
0.533000	0.518854
0.517000	0.560019
0.550000	0.545475
0.533000	0.582343
0.550000	0.602444
0.533000	0.699674
0.517000	0.681093
0.517000	0.657923
0.550000	0.667856
0.533000	0.728040
0.533000	0.754025
0.550000	0.692161
0.550000	0.615350
0.566000	0.620600
0.550000	0.632976
0.566000	0.605312
0.566000	0.593914
0.566000	0.602906
0.566000	0.596846
0.582000	0.551814
0.614000	0.441169
0.630000	0.518468
0.614000	0.567172
0.614000	0.586485
0.630000	0.620655
0.663000	0.682519
0.663000	0.675696
0.663000	0.661119
0.679000	0.656388
0.614000	0.658682
0.242000	0.654401
0.016000	0.684272
0.469000	0.778350
0.469000	0.704548
0.501000	0.694206
0.485000	0.716934
0.469000	0.730841
0.485000	0.709262
0.485000	0.712487
0.501000	0.727680
0.501000	0.723748
0.501000	0.697979
0.501000	0.684941
0.501000	0.687492
0.501000	0.675013
0.501000	0.670153
0.485000	0.661505
0.501000	0.644440
0.501000	0.639616
0.517000	0.625722
0.533000	0.582637
0.533000	0.654935
0.550000	0.616201
0.550000	0.581343
0.550000	0.495140
0.550000	0.460112
0.566000	0.518599
0.582000	0.508679
0.566000	0.859178
0.598000	0.847109
0.630000	0.780636
0.630000	0.678341
0.647000	0.707902
0.647000	0.732141
0.663000	0.743764
0.663000	0.828266
0.663000	0.834531
0.679000	0.827245
