0.906000	0.736635
0.906000	0.709786
0.906000	0.652227
1.105000	0.830916
2.778000	2.799032
2.871000	2.961789
2.858000	2.353241
2.858000	1.741615
2.858000	1.815761
3.008000	4.827865
3.048000	4.521754
3.087000	3.951023
3.087000	3.227414
3.100000	2.542270
3.127000	2.178801
3.114000	1.792857
2.871000	1.430401
1.948000	1.108698
1.052000	0.850891
0.663000	0.489472
0.451000	0.292048
0.305000	0.338122
0.478000	0.728550
0.557000	0.723446
0.557000	0.701228
0.557000	0.673881
0.531000	0.646228
0.504000	0.605888
0.464000	0.561777
0.425000	0.512232
0.398000	0.469109
0.372000	0.412466
0.358000	0.481523
0.604000	0.824484
0.853000	0.915395
0.853000	0.893516
0.959000	0.935049
1.038000	0.979838
0.985000	0.933669
0.959000	0.920902
0.932000	0.907597
0.919000	0.885657
0.932000	0.878452
0.919000	0.870488
0.893000	0.839357
0.879000	0.811165
0.853000	0.782364
0.826000	0.742887
0.760000	0.647490
0.478000	0.238680
0.266000	0.105602
0.182000	0.042772
0.115000	-0.002745
0.049000	-0.063616
-0.017000	-0.164505
-0.136000	-0.369961
-0.247000	-0.440306
-0.326000	-0.471745
-0.339000	-0.443903
-0.326000	-0.456213
-0.406000	-0.517099
-0.445000	-0.495398
-0.459000	-0.434519
-0.459000	-0.387134
-0.498000	-0.494769
-0.525000	-0.486344
-0.538000	-0.472753
-0.565000	-0.489493
-0.578000	-0.481533
-0.591000	-0.483610
-0.618000	-0.496893
-0.649000	-0.511081
-0.635000	-0.503544
-0.662000	-0.520575
-0.688000	-0.457751
-0.675000	-0.609934
-0.715000	-0.628213
-0.741000	-0.604337
-0.768000	-0.622266
-0.781000	-0.637921
-0.794000	-0.631662
-0.807000	-0.643862
-0.821000	-0.657416
-0.834000	-0.661122
-0.834000	-0.665023
-0.847000	-0.676996
-0.874000	-0.669938
-0.887000	-0.637377
-0.887000	-0.608091
-0.900000	-0.581263
-0.913000	-0.528619
-0.927000	-0.510994
-0.927000	-0.560246
-0.927000	-0.550661
-0.940000	-0.512912
-0.953000	-0.444165
-0.953000	-0.389750
-0.953000	-0.397165
-0.953000	-0.398770
-0.940000	-0.425724
-0.927000	-0.429258
-0.927000	-0.424967
-0.913000	-0.475401
-0.927000	-0.459680
-0.927000	-0.250315
-0.927000	-0.261492
-0.913000	-0.326136
-0.927000	-0.417023
-0.940000	-0.552749
-0.953000	-0.461788
-0.953000	-0.410411
-0.953000	-0.408844
-0.966000	-0.412160
-0.980000	-0.380675
-0.980000	-0.406155
-0.993000	-0.442030
-1.006000	-0.451478
-1.006000	-0.446268
-1.006000	-0.470123
-0.993000	-0.467015
-0.551000	-0.315609
-0.498000	-0.265505
-0.618000	-0.328449
-0.701000	-0.354534
-0.754000	-0.412670
-0.781000	-0.441706
-0.821000	-0.450687
-0.834000	-0.388461
-0.860000	-0.423305
-0.887000	-0.467276
-0.913000	-0.462201
-0.927000	-0.479982
-0.940000	-0.563649
-0.941000	-0.664825
-0.968000	-0.742886
-0.968000	-0.747321
-0.981000	-0.798246
-0.994000	-0.847102
-1.008000	-1.076509
-1.008000	-1.185904
-1.008000	-1.219763
-1.021000	-1.265908
-1.035000	-1.322864
-1.035000	-1.368946
-1.048000	-1.392419
-1.048000	-1.415243
-1.048000	-1.445120
-1.061000	-1.481814
-1.075000	-1.426907
-1.075000	-1.413361
-1.075000	-1.486322
-1.088000	-1.513469
-1.088000	-1.536159
-1.088000	-1.533626
-1.088000	-1.547442
-1.101000	-1.570379
-1.101000	-1.608959
-1.101000	-1.664277
-1.115000	-1.612038
-1.115000	-1.348777
-1.115000	-1.352917
-1.115000	-1.248320
-1.101000	-1.157978
-0.981000	-0.990532
-0.633000	-0.764006
-0.687000	-0.657589
-0.740000	-0.671224
-0.780000	-0.667921
-0.352000	-0.443629
-0.580000	-0.428324
-0.700000	-0.501901
-0.780000	-0.519155
-0.820000	-0.519634
-0.580000	-0.293681
-0.258000	-0.160688
-0.432000	-0.333852
-0.566000	-0.378476
-0.646000	-0.410355
-0.700000	-0.427826
-0.740000	-0.431924
-0.754000	-0.445519
-0.687000	-0.344607
-0.312000	-0.199656
-0.446000	-0.278821
-0.539000	-0.340572
-0.526000	-0.194666
0.156000	0.785190
0.665000	0.743826
0.678000	0.638093
0.504000	0.336012
0.585000	0.562035
0.585000	0.535348
0.544000	0.476082
0.491000	0.385045
0.411000	0.300183
0.317000	0.160394
0.103000	-0.114394
-0.138000	-0.265337
-0.165000	-0.230441
-0.245000	-0.273424
-0.312000	-0.321162
-0.379000	-0.347861
-0.419000	-0.359011
-0.178000	-0.200816
-0.192000	-0.196784
-0.272000	-0.252403
-0.339000	-0.301693
-0.379000	-0.345062
-0.419000	-0.378371
-0.459000	-0.407134
-0.513000	-0.403350
-0.566000	-0.493949
-0.620000	-0.615990
-0.687000	-0.670946
-0.740000	-0.664486
-0.780000	-0.668920
-0.820000	-0.671820
-0.847000	-0.692683
-0.861000	-0.707218
-0.887000	-0.709474
-0.914000	-0.713001
-0.927000	-0.715007
-0.941000	-0.621879
-0.954000	-0.540620
-0.968000	-0.591406
-0.968000	-0.659723
-0.981000	-0.644793
-0.994000	-0.631731
-1.008000	-0.605230
-1.008000	-0.445879
-0.794000	-0.068454
-0.754000	0.212154
-0.499000	0.411853
-0.258000	-0.004167
-0.513000	-0.439534
-0.646000	-0.423877
-0.700000	-0.341392
-0.727000	-0.332717
-0.754000	-0.315407
-0.767000	-0.311998
-0.767000	-0.287921
-0.767000	-0.289824
-0.794000	-0.318075
-0.807000	-0.395932
-0.847000	-0.402967
-0.874000	-0.650461
-0.901000	-0.649082
-0.941000	-0.425999
-0.954000	-0.413225
-0.968000	-0.426246
-0.981000	-0.478237
-0.994000	-0.516712
-0.994000	-0.491276
-0.954000	-0.473745
-0.941000	-0.445993
-0.941000	-0.422492
-0.968000	-0.332682
-0.914000	-0.009384
-0.218000	0.426892
0.973000	0.776906
1.334000	0.938367
1.147000	0.716312
1.267000	0.824820
2.940000	2.014423
2.886000	1.784526
2.699000	1.652752
2.592000	1.519843
2.150000	1.691262
2.284000	1.937026
1.896000	1.189791
0.759000	0.990331
0.451000	0.636142
0.250000	0.535636
0.357000	0.909517
1.013000	1.347847
1.106000	1.257250
1.106000	1.218525
1.160000	1.285361
1.227000	1.297955
1.481000	1.382805
1.883000	1.727000
1.923000	1.809791
1.816000	1.671849
1.949000	1.720401
1.883000	1.702847
2.204000	2.309254
2.672000	3.079481
2.672000	2.959340
2.659000	2.082134
2.632000	1.472385
2.645000	1.839568
2.659000	1.658402
2.552000	1.484275
2.378000	1.365293
1.508000	1.085773
0.625000	0.605847
1.160000	1.712134
1.949000	1.800357
1.481000	1.226728
1.080000	0.891852
0.852000	0.962321
1.133000	1.117760
0.973000	1.021559
0.386000	1.040480
1.026000	1.094896
0.973000	1.050530
0.959000	1.050058
0.386000	1.006911
0.946000	1.003576
0.946000	0.986400
1.173000	1.055374
1.428000	1.160142
1.200000	1.048840
0.386000	0.879483
0.839000	0.834264
0.825000	0.935181
0.892000	0.965907
1.053000	1.019144
1.267000	1.171501
1.347000	1.314017
1.468000	1.258499
2.337000	1.876440
2.953000	1.875696
2.953000	1.436497
1.842000	1.094807
1.066000	1.014020
0.839000	1.059408
0.973000	1.111638
1.026000	1.086252
1.066000	1.190270
1.240000	1.306401
1.173000	1.157535
1.026000	1.034135
1.013000	1.078232
1.040000	1.098508
1.080000	1.112183
1.040000	1.030489
0.386000	0.915788
0.973000	0.906013
0.946000	0.874090
0.892000	0.820407
0.906000	0.924671
0.986000	0.934337
1.615000	1.167335
1.401000	1.076852
1.321000	1.227521
1.642000	1.578788
1.280000	0.970768
1.026000	0.922920
1.976000	1.695967
1.695000	1.464564
2.578000	2.846952
2.726000	3.407161
2.766000	3.333231
2.779000	2.819337
2.779000	2.135190
2.779000	1.624181
2.739000	1.457523
2.685000	1.748444
2.672000	1.746177
2.485000	1.592149
1.816000	1.622025
1.735000	1.658959
1.642000	1.593120
1.508000	1.493579
1.361000	1.402983
1.254000	1.348695
1.227000	1.269659
0.919000	0.968724
0.892000	1.107316
1.869000	1.683879
2.431000	1.602923
2.230000	1.577865
1.949000	1.721561
1.883000	1.674153
1.749000	1.582987
1.481000	1.474701
1.294000	1.445243
1.200000	1.488979
1.695000	1.678158
1.494000	1.659589
1.347000	1.600485
1.441000	1.669987
1.735000	1.878852
2.525000	2.108079
2.565000	2.456663
2.565000	2.008820
2.498000	1.822047
2.364000	1.910453
2.257000	1.784104
1.869000	1.758882
1.735000	1.800525
1.655000	1.798540
1.615000	1.812947
1.561000	1.745305
1.454000	1.567015
1.347000	1.516217
1.454000	1.653828
2.378000	2.033896
2.378000	1.944823
2.364000	1.854644
2.351000	1.678849
2.378000	2.918699
2.498000	3.707331
2.511000	2.940603
2.525000	2.786887
2.511000	2.056626
2.511000	1.931583
2.337000	1.808646
1.561000	1.676568
1.695000	1.661073
1.829000	1.667630
1.816000	1.656435
1.789000	1.918067
1.749000	1.865947
1.709000	1.816286
1.655000	1.801221
1.695000	1.910005
1.642000	1.784353
1.615000	1.812863
1.655000	1.899017
1.655000	1.892492
1.655000	1.832777
1.628000	1.660076
1.615000	1.695977
1.602000	1.593854
1.575000	1.574744
1.561000	1.554263
1.655000	1.609260
2.378000	1.985044
2.364000	1.994585
2.391000	1.939300
2.431000	1.905954
2.458000	1.866346
2.471000	1.934468
2.471000	1.832154
2.471000	1.833056
2.471000	1.805710
2.485000	1.810433
2.498000	1.889053
2.511000	1.883839
2.525000	1.818834
2.552000	1.822514
2.552000	1.849704
2.552000	1.815496
2.552000	1.816296
2.552000	1.728161
2.578000	1.781013
2.578000	1.873605
2.565000	1.772932
2.565000	1.698181
2.525000	1.682112
2.445000	1.623737
2.391000	1.569650
2.324000	1.518208
2.284000	1.532478
2.271000	1.562150
1.829000	1.218670
1.441000	1.259900
1.106000	0.886550
0.973000	1.004088
0.973000	0.991009
0.946000	0.979105
0.386000	0.984697
0.879000	0.828095
0.705000	0.716796
0.598000	0.645468
0.531000	0.617093
0.504000	0.569694
0.437000	0.507105
0.357000	0.429175
0.290000	0.367168
0.210000	0.213547
0.009000	-0.042033
-0.138000	-0.168899
-0.232000	-0.228256
-0.312000	-0.215786
-0.379000	-0.243309
-0.419000	-0.243900
-0.446000	-0.268948
-0.473000	-0.276337
-0.499000	-0.307014
-0.526000	-0.322128
-0.539000	-0.312521
-0.553000	-0.326346
-0.593000	-0.361902
-0.606000	-0.396699
-0.633000	-0.510220
-0.646000	-0.663049
-0.687000	-0.690404
-0.713000	-0.646983
-0.740000	-0.425039
-0.754000	-0.416332
-0.754000	-0.443356
-0.754000	-0.521636
-0.767000	-0.609073
-0.807000	-0.420658
-0.820000	-0.393027
-0.834000	-0.371339
-0.847000	-0.359605
-0.861000	-0.365001
-0.861000	-0.366416
-0.861000	-0.358897
-0.874000	-0.357187
-0.874000	-0.329795
-0.111000	-0.048847
-0.205000	-0.093931
-0.339000	-0.149666
-0.419000	-0.175241
-0.459000	-0.208313
-0.499000	-0.222324
-0.539000	-0.285622
-0.553000	-0.296451
-0.580000	-0.307382
-0.606000	-0.322952
-0.620000	-0.330488
-0.646000	-0.311050
-0.660000	-0.340381
-0.673000	-0.342182
-0.687000	-0.359279
-0.700000	-0.389881
-0.713000	-0.414341
-0.740000	-0.446294
-0.754000	-0.456853
-0.767000	-0.456727
-0.780000	-0.443043
-0.794000	-0.424744
-0.794000	-0.403911
-0.807000	-0.395428
-0.820000	-0.392584
-0.847000	-0.392480
-0.861000	-0.391798
-0.874000	-0.379786
-0.887000	-0.396300
-0.901000	-0.367453
-0.901000	-0.365626
-0.914000	-0.379062
-0.927000	-0.482672
-0.941000	-0.637113
-0.954000	-0.591857
-0.968000	-0.569804
-0.968000	-0.550269
-0.981000	-0.501687
-0.994000	-0.333022
-0.994000	-0.381925
-1.021000	-0.405104
-1.035000	-0.417557
-1.035000	-0.395024
-1.048000	-0.371214
-1.061000	-0.428764
-1.061000	-0.552243
-1.075000	-0.586765
-1.075000	-0.560721
-1.088000	-0.477513
-1.101000	-0.465952
-1.128000	-0.415117
-1.128000	-0.358466
-1.142000	-0.577828
-1.142000	-0.776597
-1.155000	-0.922459
-1.155000	-1.060029
-1.155000	-1.138627
-1.155000	-1.164841
-1.168000	-1.167197
-1.168000	-1.146007
-1.168000	-1.163150
-1.182000	-1.163539
-1.182000	-1.154735
-1.182000	-1.163023
-1.182000	-1.103414
-1.182000	-1.044400
-1.182000	-1.019731
-1.168000	-1.017154
-1.101000	-0.989196
-1.035000	-0.933723
-1.008000	-0.915220
-0.994000	-0.915406
-0.981000	-0.872026
-0.981000	-0.708763
-0.981000	-0.904593
-0.981000	-0.962982
-0.981000	-1.002693
-0.994000	-1.023284
-0.994000	-1.001756
-1.008000	-0.946955
-1.008000	-0.896453
-1.008000	-0.803282
-0.820000	-0.587995
-0.633000	-0.628596
-0.660000	-0.729934
-0.700000	-0.751902
-0.727000	-0.792830
-0.767000	-0.820277
-0.794000	-0.775237
-0.820000	-0.798514
-0.847000	-0.830833
-0.861000	-0.918949
-0.887000	-1.046414
-0.901000	-1.079349
-0.914000	-1.118274
-0.941000	-1.153555
-0.941000	-1.177417
-0.954000	-1.211696
-0.981000	-1.227701
-0.994000	-1.237515
-1.008000	-1.273490
-1.008000	-1.257927
-0.994000	-1.269678
-0.834000	-1.266618
-0.767000	-1.305175
-0.767000	-1.328136
-0.780000	-1.333505
-0.807000	-1.352603
-0.834000	-1.379662
-0.847000	-1.383227
-0.874000	-1.401591
-0.887000	-1.417296
-0.901000	-1.413846
-0.927000	-1.380576
-0.927000	-1.401442
-0.954000	-1.431654
-0.968000	-1.447053
-0.553000	-1.374356
-0.339000	-1.381861
-0.459000	-1.389568
-0.539000	-1.408307
-0.606000	-1.424165
-0.660000	-1.432572
-0.700000	-1.446530
-0.740000	-1.399466
-0.780000	-1.308792
-0.807000	-1.282436
-0.606000	-1.280012
-0.325000	-1.278878
-0.459000	-1.342635
-0.513000	-1.270245
-0.580000	-1.216948
-0.633000	-1.232001
-0.687000	-1.226678
-0.285000	-0.800233
-0.258000	-0.499307
-0.473000	-0.841520
-0.606000	-0.820254
-0.687000	-0.950651
-0.740000	-0.807142
-0.767000	-0.773276
-0.807000	-0.761775
-0.820000	-0.705325
-0.820000	-0.513173
-0.593000	-0.377411
-0.406000	-0.209035
-0.473000	-0.273644
-0.539000	-0.361491
-0.593000	-0.346856
-0.620000	-0.364205
-0.660000	-0.369455
-0.673000	-0.469841
-0.700000	-0.352052
-0.539000	-0.360524
-0.192000	-0.319603
-0.325000	-0.234350
-0.379000	-0.220488
-0.406000	-0.299095
-0.058000	-0.272947
0.023000	-0.228358
-0.044000	-0.343548
-0.178000	-0.421377
-0.272000	-0.496311
-0.325000	-0.483515
-0.272000	-0.312462
-0.285000	-0.346391
-0.299000	-0.266408
-0.312000	-0.277703
0.089000	-0.093521
0.330000	-0.100194
0.089000	-0.366111
-0.044000	-0.636238
-0.151000	-0.288659
-0.218000	-0.444585
-0.272000	-0.543855
-0.312000	-0.568786
-0.365000	-0.590791
-0.406000	-0.608532
-0.459000	-0.623029
-0.486000	-0.734518
-0.526000	-0.665592
-0.566000	-0.652035
-0.593000	-0.671734
-0.633000	-0.605805
-0.673000	-0.597214
-0.700000	-0.580543
-0.740000	-0.653287
-0.780000	-0.679391
-0.834000	-0.665512
-0.874000	-0.697255
-0.914000	-0.716656
-0.954000	-0.764294
-0.968000	-0.800401
-0.994000	-0.788203
-1.008000	-0.748607
-1.021000	-0.458719
-1.048000	-0.521567
-0.459000	-0.482101
0.089000	-0.405179
0.237000	-0.323979
0.263000	0.016104
0.250000	0.895076
0.250000	0.491538
0.304000	0.218062
0.130000	0.126851
0.076000	0.005250
-0.058000	-0.453529
0.237000	0.368194
0.344000	0.830871
0.424000	0.517593
0.384000	0.446368
0.223000	0.263192
0.156000	0.182462
0.250000	0.449192
0.370000	0.497732
0.290000	0.361267
0.197000	0.274623
0.130000	0.210992
0.089000	0.147001
0.103000	0.114233
0.076000	0.182062
0.089000	0.248219
0.089000	0.225464
0.103000	0.317304
0.130000	0.360832
0.130000	0.324539
0.130000	0.308288
0.143000	0.386810
0.692000	0.754501
0.451000	0.497623
0.263000	0.297497
0.183000	0.296987
0.170000	0.259058
0.130000	0.182538
0.089000	0.149750
0.076000	0.157711
0.063000	0.117138
0.036000	0.054937
0.023000	0.146688
0.049000	0.174785
0.049000	0.145416
0.036000	0.100424
0.023000	0.072756
0.023000	0.069548
0.023000	0.074584
0.009000	0.054937
-0.004000	0.021023
-0.018000	-0.029897
-0.044000	-0.217402
-0.111000	-0.523640
-0.178000	-0.469867
-0.232000	-0.365304
-0.258000	-0.326599
-0.285000	-0.329222
-0.325000	-0.341744
-0.352000	-0.364114
-0.365000	-0.366774
-0.392000	-0.408454
-0.406000	-0.446646
-0.419000	-0.484568
-0.419000	-0.414608
-0.446000	-0.471776
-0.473000	-0.715860
-0.486000	-0.708104
-0.499000	-0.650875
-0.513000	-0.606362
-0.513000	-0.548754
-0.499000	-0.515104
-0.486000	-0.478406
-0.473000	-0.422559
-0.071000	-0.412781
-0.165000	-0.423122
-0.218000	-0.406463
-0.071000	-0.349189
-0.125000	-0.360482
-0.192000	-0.360797
-0.245000	-0.369555
-0.272000	-0.382332
-0.325000	-0.390581
-0.352000	-0.432385
-0.379000	-0.475950
-0.392000	-0.415070
-0.419000	-0.535378
-0.446000	-0.660935
-0.459000	-0.693794
-0.473000	-0.653248
-0.486000	-0.521751
-0.513000	-0.499731
-0.539000	-0.602324
-0.566000	-0.583474
-0.580000	-0.590327
-0.593000	-0.606466
-0.593000	-0.629310
-0.606000	-0.639965
-0.606000	-0.635268
-0.606000	-0.636847
-0.620000	-0.606854
-0.620000	-0.506113
-0.620000	-0.580692
-0.620000	-0.632125
-0.620000	-0.648974
-0.620000	-0.673390
-0.620000	-0.625917
-0.620000	-0.676244
-0.633000	-0.689546
-0.633000	-0.716180
-0.646000	-0.732113
-0.646000	-0.715940
-0.660000	-0.725020
-0.660000	-0.707984
-0.673000	-0.792578
-0.673000	-0.789929
-0.673000	-0.811301
-0.138000	-0.620109
0.170000	-0.516738
-0.031000	-0.212531
-0.098000	-0.443049
-0.165000	-0.424784
-0.218000	-0.419016
-0.272000	-0.472003
-0.312000	-0.574706
-0.325000	-0.589975
-0.352000	-0.610600
-0.365000	-0.508241
-0.379000	-0.687203
-0.379000	-0.362426
-0.339000	-0.368737
-0.325000	-0.448039
-0.325000	-0.538513
-0.339000	-0.482205
-0.339000	-0.660996
-0.352000	-0.603806
-0.365000	-0.671880
-0.379000	-0.680512
-0.392000	-0.678251
-0.406000	-0.645758
-0.419000	-0.634768
-0.432000	-0.652193
-0.446000	-0.694528
-0.459000	-0.540179
-0.486000	-0.550726
-0.499000	-0.527036
-0.513000	-0.532428
-0.513000	-0.564442
-0.526000	-0.648926
-0.539000	-0.608281
-0.553000	-0.621480
-0.553000	-0.646328
-0.566000	-0.679597
-0.566000	-0.711202
-0.580000	-0.612745
-0.593000	-0.577245
-0.593000	-0.607909
-0.593000	-0.623703
-0.606000	-0.668963
-0.620000	-0.592643
-0.633000	-0.669739
-0.633000	-0.623962
-0.633000	-0.651019
-0.646000	-0.628064
-0.660000	-0.642732
-0.673000	-0.658012
-0.673000	-0.626797
-0.660000	-0.571695
-0.660000	-0.656457
-0.673000	-0.638479
-0.673000	-0.655273
-0.673000	-0.566974
-0.660000	-0.598594
-0.660000	-0.622627
-0.660000	-0.692607
-0.660000	-0.807145
-0.660000	-0.836646
-0.660000	-0.855212
-0.660000	-0.828989
-0.660000	-0.605139
-0.660000	-0.521935
-0.673000	-0.520074
-0.687000	-0.524554
-0.700000	-0.535531
-0.700000	-0.550040
-0.700000	-0.449265
-0.687000	-0.322178
-0.687000	-0.333935
-0.687000	-0.414221
-0.687000	-0.435790
-0.687000	-0.490204
-0.673000	-0.595058
-0.459000	-0.564738
-0.446000	-0.602003
-0.473000	-0.970082
-0.499000	-1.116271
-0.526000	-1.119343
-0.553000	-1.141182
-0.580000	-1.217876
-0.593000	-1.084829
-0.620000	-0.975996
-0.633000	-0.976878
-0.646000	-0.851980
-0.646000	-0.746585
-0.660000	-0.644741
-0.673000	-0.643587
-0.687000	-0.670888
-0.700000	-0.664196
-0.713000	-0.641769
-0.178000	-0.113531
0.263000	0.038544
-0.018000	-0.034831
-0.165000	-0.129035
-0.272000	-0.142852
-0.352000	-0.244527
-0.406000	-0.200854
-0.446000	-0.323216
-0.486000	-0.384011
-0.526000	-0.392691
-0.553000	-0.445048
-0.593000	-0.472240
-0.633000	-0.461191
-0.660000	-0.391528
-0.687000	-0.346682
-0.727000	-0.418781
-0.754000	-0.428154
-0.780000	-0.407774
-0.794000	-0.473676
-0.820000	-0.506836
-0.847000	-0.500675
-0.861000	-0.516271
-0.887000	-0.458249
-0.914000	-0.420139
-0.941000	-0.499522
-0.339000	-0.392240
0.451000	-0.342156
-0.044000	-0.435426
-0.218000	-0.440225
-0.339000	-0.477573
-0.446000	-0.455097
-0.499000	-0.296225
-0.580000	-0.274174
-0.646000	-0.320176
-0.713000	-0.355082
-0.754000	-0.360667
-0.794000	-0.374077
-0.820000	-0.445316
-0.847000	-0.496921
-0.874000	-0.473766
-0.887000	-0.464689
-0.914000	-0.432461
-0.927000	-0.355683
-0.941000	-0.310280
-0.954000	-0.258912
-0.981000	-0.245618
-0.994000	-0.267228
-1.021000	-0.289235
-1.021000	-0.299422
-1.035000	-0.296573
-1.035000	-0.293738
-1.048000	-0.303433
-1.061000	-0.286129
-1.075000	-0.266797
-1.075000	-0.317217
-1.088000	-0.328320
-1.075000	-0.355722
-1.088000	-0.410133
-1.088000	-0.458048
-1.075000	-0.534019
-1.088000	-0.773764
-1.101000	-1.040843
-1.088000	-0.990443
-0.994000	-0.871600
0.370000	-0.900113
-0.205000	-1.058251
-0.325000	-1.005522
-0.406000	-0.988845
-0.473000	-0.862468
-0.513000	-0.826581
-0.553000	-0.916431
-0.580000	-1.003289
-0.606000	-1.028325
-0.633000	-1.040614
-0.660000	-1.060042
-0.687000	-1.040688
-0.713000	-1.054714
-0.700000	-0.968614
0.852000	-0.428538
0.250000	-0.596978
0.076000	-0.598921
-0.044000	-0.793025
-0.138000	-0.845160
-0.205000	-0.836962
-0.245000	-0.754219
-0.205000	-0.696546
-0.245000	-0.752952
-0.312000	-0.823200
-0.352000	-0.818469
-0.365000	-0.780988
-0.392000	-0.804607
-0.419000	-0.838133
-0.459000	-0.863145
-0.486000	-0.881999
-0.513000	-0.899899
-0.539000	-0.914482
-0.566000	-0.949992
-0.593000	-1.015916
-0.620000	-1.050419
-0.646000	-1.045258
-0.673000	-1.065685
-0.687000	-1.047232
-0.727000	-1.032836
-0.740000	-1.017645
-0.285000	-0.930780
0.759000	-0.369727
0.357000	-0.362954
0.170000	-0.196834
0.330000	-0.129496
0.839000	1.205885
0.759000	1.372994
1.401000	2.049371
1.695000	1.802986
1.106000	1.442708
1.080000	1.458594
0.759000	1.111667
0.518000	0.881158
0.370000	0.675436
0.330000	0.518403
0.290000	0.473992
0.277000	0.439767
0.237000	0.372239
0.344000	0.502232
0.357000	0.248103
0.210000	0.402716
0.263000	0.420596
0.277000	0.457311
1.080000	0.796184
2.056000	1.205411
1.789000	1.087036
1.401000	0.995505
1.575000	0.988414
1.093000	0.626852
0.946000	0.900326
0.946000	0.841508
0.825000	0.884796
0.812000	0.727840
0.531000	0.543106
0.705000	0.795547
0.825000	0.918984
0.625000	0.840133
0.651000	1.049776
0.625000	0.959754
0.544000	0.826636
0.504000	0.841179
0.504000	0.863061
0.478000	0.628898
0.638000	0.619624
0.705000	0.719115
0.611000	0.602244
0.544000	0.535578
0.678000	0.954539
3.127000	2.706813
2.190000	1.563494
1.147000	0.944451
0.812000	0.664144
0.651000	0.546228
0.183000	0.494626
0.344000	0.589183
0.386000	1.144701
0.759000	1.062066
0.638000	0.921820
0.504000	0.736974
0.558000	0.982042
0.611000	0.997028
0.799000	1.146433
0.705000	0.873782
0.531000	0.757386
0.518000	0.748548
0.518000	0.769400
0.571000	0.917805
0.799000	1.300540
0.718000	1.078701
0.571000	0.849488
0.451000	0.710174
0.397000	0.672284
0.370000	0.625929
0.330000	0.582634
0.317000	0.609604
0.317000	0.600170
0.290000	0.558718
0.277000	0.536204
0.277000	0.579858
0.478000	0.779833
0.558000	0.906788
0.491000	0.808391
0.424000	0.750892
0.384000	0.639170
0.330000	0.601558
0.317000	0.582587
0.304000	0.542302
0.277000	0.505670
0.263000	0.497427
0.263000	0.509332
0.237000	0.312213
0.130000	-0.100860
0.036000	-0.151473
0.063000	-0.065073
0.143000	0.032024
0.143000	0.151931
0.143000	0.356384
0.143000	0.314398
0.103000	0.246379
0.076000	0.059567
-0.004000	-0.154093
-0.058000	-0.187207
-0.084000	-0.298292
-0.125000	-0.263922
-0.138000	-0.268629
-0.165000	-0.243233
-0.178000	-0.247142
-0.192000	-0.243275
-0.205000	-0.264274
-0.178000	-0.196056
0.116000	0.856976
0.277000	0.656628
0.290000	0.657096
0.344000	0.805397
0.290000	0.669678
0.263000	0.654226
0.317000	0.756479
0.290000	0.606473
0.237000	0.533542
0.210000	0.489540
0.197000	0.468033
0.223000	0.459513
0.223000	0.410885
0.183000	0.362500
0.143000	0.180339
0.049000	-0.127666
-0.018000	-0.171944
-0.044000	-0.050099
-0.018000	0.110138
-0.018000	0.113060
-0.058000	-0.032196
-0.084000	-0.129334
-0.098000	-0.211437
-0.125000	-0.155646
-0.138000	-0.138791
-0.151000	-0.099829
-0.165000	-0.086092
-0.165000	-0.086824
-0.165000	-0.098829
-0.178000	-0.083872
-0.178000	-0.089134
-0.178000	-0.121970
-0.178000	-0.105948
-0.192000	-0.151806
-0.205000	-0.182080
-0.218000	-0.170064
-0.218000	-0.151866
-0.218000	-0.160628
-0.218000	-0.261982
-0.218000	-0.363393
-0.232000	-0.359297
-0.245000	-0.347416
-0.258000	-0.338285
-0.272000	-0.349003
-0.285000	-0.331927
-0.299000	-0.320395
-0.312000	-0.389249
-0.325000	-0.456424
-0.325000	-0.487227
-0.339000	-0.584363
-0.339000	-0.527682
-0.352000	-0.580319
-0.365000	-0.608576
-0.365000	-0.514950
-0.379000	-0.484114
-0.406000	-0.501030
-0.406000	-0.483234
-0.392000	-0.554167
-0.392000	-0.476149
-0.406000	-0.451494
-0.084000	-0.201657
-0.151000	0.008114
-0.178000	0.119649
-0.178000	-0.013566
-0.178000	-0.074850
-0.178000	-0.017677
-0.192000	-0.128921
-0.218000	-0.142341
-0.232000	-0.277175
-0.232000	-0.007808
-0.218000	0.235064
-0.192000	0.135054
-0.192000	0.025031
-0.192000	0.021591
-0.151000	0.043229
-0.178000	0.082951
-0.205000	-0.005435
-0.218000	-0.110689
-0.232000	-0.175639
-0.245000	-0.284692
-0.258000	-0.256630
-0.245000	-0.087664
-0.192000	0.077411
-0.125000	0.104903
-0.138000	0.092363
-0.125000	0.019039
-0.111000	0.003957
-0.098000	-0.105823
-0.071000	0.189054
-0.058000	0.272403
-0.098000	0.207954
-0.111000	-0.044116
-0.125000	0.087177
-0.165000	-0.194663
-0.205000	-0.169091
-0.218000	-0.140911
-0.232000	-0.320927
-0.258000	-0.471594
-0.285000	-0.298712
-0.084000	0.189999
-0.044000	0.161498
-0.098000	0.033075
-0.125000	0.107998
-0.151000	0.062122
-0.125000	0.414913
-0.058000	0.536309
-0.031000	0.473100
-0.018000	0.293732
0.009000	0.313622
0.036000	0.371839
0.036000	0.267979
-0.031000	0.039676
-0.084000	-0.071597
-0.071000	0.077720
0.076000	0.397293
0.116000	0.462263
0.103000	0.371943
0.089000	0.327875
0.063000	0.117634
0.009000	0.048587
-0.058000	-0.118763
-0.084000	-0.049529
-0.125000	-0.343678
-0.178000	-0.278918
-0.205000	-0.364988
-0.232000	-0.275848
-0.245000	-0.374508
-0.258000	-0.418874
-0.285000	-0.473932
-0.312000	-0.556127
-0.339000	-0.573637
-0.379000	-0.571380
-0.419000	-0.573559
-0.473000	-0.545974
-0.526000	-0.556176
-0.566000	-0.597693
-0.593000	-0.642968
-0.620000	-0.682652
-0.660000	-0.733935
-0.713000	-0.824079
-0.754000	-0.794409
-0.780000	-0.895083
-0.807000	-1.039184
-0.820000	-1.043363
-0.847000	-0.978510
-0.861000	-1.050235
-0.874000	-1.130218
-0.861000	-1.216409
-0.847000	-1.229877
-0.847000	-1.252633
-0.874000	-1.272646
-0.887000	-1.297984
-0.901000	-1.253164
-0.927000	-1.251954
-0.941000	-1.247951
-0.968000	-1.233119
-0.981000	-1.078151
-0.927000	-1.014221
-0.539000	-1.057287
-0.379000	-0.841838
-0.285000	-0.718507
-0.312000	-0.598029
-0.325000	-0.596558
-0.365000	-0.616967
-0.406000	-0.636176
-0.432000	-0.630858
-0.459000	-0.624140
-0.486000	-0.622241
-0.513000	-0.597501
-0.566000	-0.566527
-0.593000	-0.535706
-0.606000	-0.473254
-0.620000	-0.498003
-0.646000	-0.502274
-0.673000	-0.508049
-0.713000	-0.510054
-0.754000	-0.528669
-0.780000	-0.564278
-0.794000	-0.593290
-0.794000	-0.637205
-0.780000	-0.644594
-0.780000	-0.645635
-0.620000	-0.432814
-0.392000	-0.508668
-0.406000	-0.496512
-0.392000	-0.481396
-0.406000	-0.490085
-0.406000	-0.505611
-0.406000	-0.522951
-0.392000	-0.449630
-0.258000	-0.037931
-0.285000	-0.021068
-0.312000	-0.216232
-0.325000	-0.066484
-0.325000	-0.141976
-0.232000	0.374490
-0.218000	0.143915
-0.232000	-0.075728
-0.272000	-0.126553
-0.272000	0.044475
-0.165000	0.470115
0.063000	0.637159
0.384000	0.867910
0.263000	0.692677
0.237000	0.678797
0.183000	0.412173
0.089000	0.242451
0.063000	0.281365
0.049000	0.221445
0.036000	-0.077505
-0.084000	-0.961383
-0.165000	-0.734847
-0.178000	-0.578410
-0.218000	-0.711795
-0.245000	-0.692957
-0.258000	-0.420248
-0.258000	-0.443078
-0.272000	-0.602395
-0.299000	-0.713901
-0.325000	-0.771651
-0.352000	-0.805273
-0.379000	-0.617566
-0.379000	0.106365
-0.312000	-0.172708
-0.325000	-0.287254
-0.339000	-0.282713
-0.325000	-0.113583
-0.312000	-0.199567
-0.325000	-0.350667
-0.352000	-0.365023
-0.365000	-0.375258
-0.365000	-0.376053
-0.379000	-0.308939
-0.379000	-0.123055
-0.339000	-0.198661
-0.312000	-0.208261
-0.325000	-0.234830
-0.339000	-0.287520
-0.339000	-0.227052
-0.339000	-0.248279
-0.352000	-0.665771
-0.365000	-0.314789
-0.392000	-0.430944
-0.406000	-0.306291
-0.432000	-0.306461
-0.446000	-0.225235
-0.446000	-0.223230
-0.432000	-0.115403
2.297000	1.684028
3.127000	2.572159
3.127000	2.224598
3.127000	1.462524
1.668000	0.965081
1.120000	0.842847
0.732000	0.529039
0.678000	0.997084
0.906000	1.066892
1.026000	1.068908
