0.615000	0.630437
0.580000	0.595721
0.556000	0.570197
0.716000	0.794271
2.514000	2.369047
2.514000	2.467626
2.514000	2.323982
2.514000	2.189730
2.502000	2.155944
2.467000	2.919307
2.514000	2.772035
2.514000	2.613107
2.514000	2.433859
2.514000	2.261372
2.514000	2.200958
2.514000	2.183143
2.514000	2.231994
2.514000	2.392207
2.514000	2.484001
1.759000	1.819003
1.370000	1.404199
1.210000	1.253907
1.140000	1.254278
1.105000	1.183169
1.082000	1.147774
1.070000	1.123118
1.050000	1.097097
1.015000	1.058960
0.969000	1.010578
0.934000	0.972777
0.887000	0.924051
0.844000	0.867306
0.809000	0.850216
0.833000	0.913072
0.887000	0.916729
0.887000	0.908610
0.922000	0.921711
0.969000	0.956569
0.945000	0.940985
0.922000	0.925182
0.899000	0.908895
0.887000	0.892683
0.875000	0.873320
0.864000	0.864488
0.856000	0.854330
0.844000	0.835111
0.833000	0.824341
0.821000	0.811487
0.809000	0.794762
0.762000	0.688939
0.692000	0.637358
0.615000	0.561310
0.510000	0.460353
0.397000	0.346495
0.272000	0.213248
0.167000	0.067763
0.066000	-0.027443
-0.016000	-0.097403
-0.039000	-0.117891
-0.016000	-0.113902
-0.063000	-0.152063
-0.098000	-0.177114
-0.098000	-0.159226
-0.129000	-0.170987
-0.175000	-0.244642
-0.222000	-0.278951
-0.234000	-0.289549
-0.269000	-0.325514
-0.312000	-0.362487
-0.335000	-0.388646
-0.382000	-0.428956
-0.417000	-0.465322
-0.440000	-0.491163
-0.475000	-0.527654
-0.518000	-0.543343
-0.576000	-0.647414
-0.623000	-0.695796
-0.670000	-0.729186
-0.712000	-0.770992
-0.747000	-0.808483
-0.771000	-0.825924
-0.783000	-0.835326
-0.806000	-0.858455
-0.829000	-0.880101
-0.853000	-0.905854
-0.864000	-0.915020
-0.876000	-0.904999
-0.895000	-0.886577
-0.907000	-0.871135
-0.919000	-0.847206
-0.930000	-0.820168
-0.942000	-0.816787
-0.942000	-0.838557
-0.954000	-0.823709
-0.954000	-0.800752
-0.977000	-0.791838
-0.977000	-0.778928
-0.965000	-0.772986
-0.965000	-0.780197
-0.965000	-0.809144
-0.930000	-0.783082
-0.841000	-0.689781
-0.853000	-0.690368
-0.876000	-0.687127
-0.876000	-0.634725
-0.895000	-0.676945
-0.919000	-0.716256
-0.930000	-0.722459
-0.942000	-0.743510
-0.954000	-0.695551
-0.965000	-0.686238
-0.965000	-0.677772
-0.965000	-0.652933
-0.977000	-0.630029
-0.977000	-0.633790
-0.989000	-0.631752
-0.989000	-0.632726
-1.000000	-0.663731
-1.000000	-0.706595
-0.965000	-0.837608
-0.588000	-0.579146
-0.623000	-0.581082
-0.724000	-0.649274
-0.794000	-0.685884
-0.829000	-0.712858
-0.864000	-0.735836
-0.888000	-0.743591
-0.907000	-0.738370
-0.919000	-0.754130
-0.942000	-0.772979
-0.954000	-0.773733
-0.977000	-0.794977
-0.977000	-0.806340
-0.760000	-1.045958
-0.783000	-1.040607
-0.817000	-1.054757
-0.634000	-0.955118
-0.806000	-0.906658
-0.863000	-0.919013
-0.897000	-0.921915
-0.920000	-0.930510
-0.771000	-0.856100
-0.634000	-0.675269
-0.657000	-0.693098
-0.691000	-0.698387
-0.714000	-0.707139
-0.737000	-0.714924
-0.748000	-0.707298
-0.760000	-0.723926
-0.726000	-0.715265
-0.531000	-0.584776
-0.554000	-0.576651
-0.588000	-0.594239
-0.600000	-0.581477
-0.394000	-0.255263
-0.359000	-0.309808
-0.359000	-0.333612
-0.371000	-0.388890
-0.371000	-0.347090
-0.371000	-0.354941
-0.382000	-0.374608
-0.405000	-0.406015
-0.428000	-0.430605
-0.451000	-0.471694
-0.474000	-0.524552
-0.497000	-0.546647
-0.474000	-0.515434
-0.519000	-0.553151
-0.554000	-0.585977
-0.577000	-0.601045
-0.611000	-0.637691
-0.451000	-0.518708
-0.416000	-0.469022
-0.474000	-0.519170
-0.519000	-0.563722
-0.554000	-0.599268
-0.577000	-0.623271
-0.611000	-0.652049
-0.634000	-0.662123
-0.657000	-0.697232
-0.668000	-0.728249
-0.691000	-0.754189
-0.714000	-0.766997
-0.737000	-0.785033
-0.760000	-0.802123
-0.783000	-0.824671
-0.817000	-0.859978
-0.840000	-0.863860
-0.874000	-0.878733
-0.886000	-0.871728
-0.909000	-0.860671
-0.932000	-0.844621
-0.943000	-0.839511
-0.954000	-0.846189
-0.977000	-0.857711
-0.977000	-0.839238
-0.977000	-0.844052
-0.840000	-0.761908
-0.680000	-0.576478
-0.748000	-0.546183
-0.748000	-0.510443
-0.737000	-0.649901
-0.737000	-0.708795
-0.760000	-0.696724
-0.794000	-0.688924
-0.817000	-0.696337
-0.829000	-0.692642
-0.851000	-0.704003
-0.863000	-0.704302
-0.874000	-0.710107
-0.897000	-0.727077
-0.909000	-0.752394
-0.920000	-0.767243
-0.920000	-0.818660
-0.943000	-0.802899
-0.954000	-0.742931
-0.966000	-0.736591
-0.977000	-0.745862
-0.989000	-0.767891
-1.000000	-0.883542
-0.851000	-0.741412
-0.817000	-0.665745
-0.851000	-0.664393
-0.886000	-0.680248
-0.840000	-0.678107
-0.668000	-0.454081
-0.531000	-0.383675
-0.325000	-0.328716
-0.027000	-0.072736
0.007000	-0.045616
0.373000	0.292244
2.514000	2.295609
2.514000	2.303949
2.514000	2.334846
2.514000	2.332634
2.514000	2.401881
2.514000	2.448841
2.514000	2.360983
2.445000	2.488405
1.552000	1.602618
1.232000	1.302831
1.072000	1.229262
1.072000	1.215760
1.072000	1.172127
1.072000	1.162901
1.094000	1.175670
1.094000	1.175374
1.278000	1.292847
1.644000	1.637184
1.724000	1.746695
1.713000	1.730161
1.747000	1.732054
1.747000	1.746142
1.793000	1.727272
1.873000	1.666939
1.861000	1.624346
1.850000	1.424580
1.816000	1.392083
1.804000	1.590670
1.804000	1.590791
1.793000	1.571821
1.793000	1.595082
1.804000	1.705533
1.518000	1.482699
1.403000	1.537463
1.472000	1.471539
1.403000	1.370269
1.278000	1.239463
1.209000	1.228293
1.289000	1.283525
1.197000	1.214084
1.129000	1.277198
1.083000	1.138102
1.037000	1.107745
0.991000	1.068342
0.957000	1.138793
0.923000	0.995367
0.877000	0.924250
0.934000	0.924828
1.163000	1.094626
1.072000	1.045327
0.969000	1.075396
0.888000	0.903256
0.831000	0.883434
0.797000	0.849593
0.831000	0.850988
0.980000	0.972977
0.969000	0.992959
1.049000	1.012494
1.621000	1.499153
1.770000	1.507849
1.735000	1.415717
1.724000	1.578569
1.713000	1.722304
1.506000	1.575667
1.140000	1.220505
1.072000	1.151031
1.037000	1.149999
1.014000	1.126495
0.991000	1.067924
0.946000	1.048732
0.888000	0.999834
0.843000	0.925675
0.820000	0.888547
0.785000	0.842890
0.740000	0.889102
0.705000	0.737856
0.682000	0.714257
0.648000	0.692637
0.602000	0.686573
0.614000	0.657597
0.980000	0.884256
1.175000	1.106626
1.072000	1.073281
1.094000	1.124066
1.026000	0.989170
0.969000	0.956698
1.644000	1.587157
1.621000	1.586616
1.644000	1.769542
1.701000	1.776222
1.735000	1.655417
1.724000	1.490473
1.690000	1.283624
1.655000	1.233480
1.632000	1.295936
1.621000	1.434854
1.632000	1.471285
1.632000	1.491327
1.644000	1.684181
1.655000	1.745686
1.621000	1.693396
1.358000	1.428655
1.232000	1.300384
1.060000	1.156338
0.946000	1.019873
0.888000	0.932552
0.866000	0.962913
1.232000	1.214024
1.449000	1.262499
1.426000	1.328565
1.415000	1.418751
1.403000	1.415736
1.415000	1.448338
1.426000	1.484371
1.438000	1.564103
1.438000	1.614374
1.484000	1.567414
1.461000	1.588511
1.461000	1.611124
1.484000	1.597391
1.495000	1.513991
1.541000	1.406262
1.541000	1.477796
1.518000	1.353520
1.506000	1.355394
1.506000	1.469746
1.529000	1.432811
1.529000	1.514489
1.541000	1.578483
1.552000	1.606892
1.552000	1.645603
1.449000	1.541485
1.106000	1.185116
1.014000	1.106741
1.049000	1.137730
1.655000	1.471142
1.644000	1.478976
1.621000	1.442079
1.587000	1.423528
1.621000	1.610303
1.701000	1.755960
1.701000	1.548574
1.713000	1.517150
1.701000	1.373020
1.690000	1.449441
1.678000	1.510545
1.667000	1.661386
1.678000	1.649125
1.690000	1.627266
1.701000	1.659803
1.724000	1.748023
1.735000	1.735854
1.724000	1.725856
1.735000	1.747823
1.747000	1.796349
1.735000	1.765293
1.747000	1.793233
1.747000	1.834059
1.713000	1.778267
1.552000	1.595120
1.323000	1.341618
1.255000	1.300215
1.209000	1.220648
1.163000	1.165728
1.140000	1.152279
1.152000	1.170150
1.598000	1.488310
1.564000	1.492307
1.575000	1.454903
1.587000	1.463094
1.598000	1.465223
1.610000	1.498050
1.621000	1.484606
1.621000	1.500426
1.632000	1.505313
1.644000	1.505240
1.655000	1.533928
1.655000	1.540899
1.655000	1.529025
1.667000	1.553525
1.644000	1.506664
1.541000	1.397476
1.495000	1.351062
1.472000	1.340223
1.438000	1.293085
1.518000	1.383651
1.472000	1.300202
1.438000	1.253665
1.403000	1.251954
1.358000	1.223498
1.289000	1.145081
1.255000	1.111554
1.232000	1.078501
1.209000	1.079322
1.175000	1.043529
1.140000	1.086847
1.129000	1.063415
1.072000	1.092718
1.026000	1.036664
0.980000	0.985514
0.946000	1.066665
0.900000	0.883903
0.843000	0.836180
0.774000	0.773534
0.705000	0.737755
0.648000	0.653553
0.591000	0.585047
0.522000	0.526388
0.453000	0.468522
0.396000	0.389322
0.328000	0.297523
0.236000	0.183160
0.144000	0.109296
0.053000	0.066008
-0.050000	-0.039271
-0.130000	-0.106828
-0.210000	-0.186034
-0.279000	-0.260881
-0.359000	-0.328089
-0.416000	-0.369767
-0.474000	-0.419169
-0.508000	-0.485794
-0.565000	-0.551785
-0.611000	-0.601874
-0.645000	-0.648444
-0.691000	-0.730177
-0.714000	-0.750896
-0.748000	-0.736117
-0.771000	-0.714311
-0.783000	-0.707707
-0.817000	-0.758909
-0.829000	-0.789989
-0.851000	-0.791679
-0.874000	-0.733765
-0.897000	-0.732280
-0.932000	-0.743680
-0.943000	-0.739850
-0.657000	-0.589985
-0.668000	-0.615252
-0.668000	-0.610591
-0.680000	-0.623527
-0.703000	-0.649063
-0.726000	-0.696871
-0.806000	-0.745268
-0.817000	-0.733559
-0.829000	-0.730818
-0.840000	-0.726308
-0.851000	-0.701772
-0.897000	-0.739578
-0.920000	-0.726790
-0.943000	-0.732262
-0.966000	-0.734788
-0.989000	-0.762375
-1.012000	-0.747335
-1.023000	-0.732268
-1.046000	-0.739187
-1.069000	-0.734312
-1.080000	-0.762551
-1.092000	-0.718726
-1.103000	-0.753085
-1.115000	-0.799551
-1.126000	-0.906456
-1.138000	-0.899443
-1.183000	-0.937217
-1.172000	-0.931053
-1.195000	-0.985873
-1.183000	-0.998518
-1.195000	-1.034891
-1.195000	-1.046303
-1.206000	-1.032358
-1.218000	-1.046540
-1.218000	-1.043640
-1.218000	-1.447360
-1.229000	-1.458857
-1.229000	-1.460942
-1.229000	-1.286636
-1.229000	-1.261789
-1.241000	-1.276365
-1.241000	-1.253978
-1.241000	-1.247919
-1.241000	-1.251120
-1.241000	-1.271071
-1.241000	-1.310618
-1.241000	-1.306206
-1.252000	-1.339501
-1.252000	-1.322992
-1.241000	-1.311387
-1.252000	-1.323142
-1.252000	-1.314305
-1.263000	-1.317691
-1.263000	-1.323532
-1.252000	-1.393986
-1.263000	-1.447463
-1.263000	-1.427431
-1.252000	-1.398667
-1.252000	-1.369277
-1.263000	-1.353928
-1.252000	-1.343282
-1.263000	-1.337936
-1.252000	-1.323221
-1.263000	-1.323059
-1.252000	-1.336358
-1.252000	-1.321150
-1.252000	-1.275869
-1.252000	-1.256968
-1.252000	-1.240414
-1.252000	-1.208342
-1.275000	-1.580921
-1.252000	-1.474431
-1.252000	-1.410735
-1.252000	-1.341550
-1.241000	-1.332035
-1.241000	-1.274397
-1.241000	-1.222212
-1.229000	-1.244875
-1.229000	-1.292454
-1.172000	-1.517951
-0.897000	-1.581387
-0.897000	-1.351499
-0.909000	-1.358072
-0.909000	-1.309517
-0.920000	-1.295392
-0.932000	-1.202811
-0.771000	-1.247411
-0.668000	-0.741973
-0.714000	-1.037752
-0.737000	-1.072500
-0.783000	-1.166202
-0.817000	-0.948823
-0.829000	-0.911643
-0.851000	-0.911726
-0.863000	-0.938328
-0.783000	-0.846774
-0.760000	-0.841322
-0.737000	-0.774302
-0.737000	-0.744540
-0.748000	-0.762221
-0.771000	-0.757271
-0.771000	-0.747207
-0.783000	-0.750141
-0.794000	-0.793449
-0.794000	-0.753046
-0.794000	-0.787860
-0.726000	-0.761648
-0.714000	-0.677768
-0.714000	-0.655935
-0.726000	-0.689445
-0.611000	-0.685833
-0.497000	-0.578526
-0.497000	-0.597212
-0.531000	-0.608825
-0.565000	-0.616922
-0.600000	-0.639122
-0.611000	-0.591077
-0.623000	-0.622520
-0.634000	-0.605219
-0.657000	-0.632438
-0.623000	-0.633427
-0.497000	-0.592294
-0.519000	-0.628427
-0.577000	-0.723670
-0.611000	-0.620685
-0.634000	-0.673312
-0.645000	-0.695077
-0.668000	-0.711744
-0.680000	-0.725719
-0.703000	-0.751363
-0.726000	-0.770752
-0.737000	-0.820376
-0.760000	-0.803667
-0.783000	-0.799517
-0.817000	-0.828843
-0.829000	-0.783260
-0.851000	-0.771272
-0.874000	-0.770101
-0.909000	-0.860347
-0.932000	-0.960797
-0.966000	-1.015961
-0.977000	-1.058092
-1.000000	-1.103285
-1.012000	-1.146914
-1.023000	-1.167298
-1.023000	-1.192017
-1.035000	-1.199794
-1.046000	-0.993321
-1.046000	-1.007881
-1.057000	-1.167000
-1.057000	-1.264895
-1.057000	-1.306840
-1.035000	-1.174886
-0.760000	-0.531495
-0.771000	-0.643373
-0.703000	-0.671255
-0.691000	-0.634176
-0.680000	-0.642812
-0.680000	-0.740687
-0.623000	-0.531518
-0.474000	-0.291602
-0.348000	-0.272851
-0.073000	-0.022244
-0.153000	-0.108921
-0.210000	-0.170789
-0.153000	-0.072954
-0.027000	0.034856
-0.027000	0.016350
-0.130000	-0.081011
-0.199000	-0.147924
-0.245000	-0.199191
-0.245000	-0.212787
-0.256000	-0.202705
-0.268000	-0.195026
-0.291000	-0.220427
-0.302000	-0.206697
-0.291000	-0.187848
-0.291000	-0.195574
-0.325000	-0.229879
-0.313000	-0.202004
0.282000	0.339558
0.247000	0.290475
0.053000	0.091540
-0.073000	-0.009077
-0.130000	-0.070146
-0.176000	-0.123079
-0.222000	-0.166654
-0.245000	-0.181400
-0.256000	-0.197008
-0.291000	-0.240468
-0.313000	-0.230664
-0.313000	-0.240339
-0.325000	-0.259246
-0.325000	-0.266203
-0.336000	-0.279082
-0.336000	-0.279264
-0.336000	-0.277563
-0.348000	-0.289071
-0.371000	-0.316119
-0.382000	-0.334042
-0.394000	-0.384059
-0.428000	-0.494624
-0.474000	-0.513370
-0.508000	-0.514776
-0.531000	-0.536107
-0.554000	-0.549828
-0.588000	-0.578378
-0.623000	-0.614389
-0.645000	-0.628139
-0.668000	-0.669488
-0.691000	-0.722656
-0.714000	-0.762649
-0.748000	-0.782087
-0.771000	-0.815377
-0.794000	-0.895342
-0.817000	-0.880991
-0.851000	-0.859400
-0.874000	-0.848755
-0.897000	-0.850671
-0.897000	-0.829111
-0.920000	-0.813735
-0.943000	-0.814206
-0.943000	-0.946581
-0.943000	-0.924278
-0.932000	-0.886261
-0.806000	-0.782613
-0.783000	-0.743846
-0.817000	-0.746959
-0.840000	-0.749363
-0.863000	-0.771056
-0.886000	-0.773245
-0.909000	-0.770393
-0.932000	-0.775021
-0.943000	-0.753554
-0.954000	-0.823203
-0.954000	-0.884715
-0.954000	-0.949857
-0.966000	-0.973681
-0.966000	-0.946501
-0.977000	-0.958344
-0.989000	-1.039053
-0.989000	-1.030978
-1.012000	-1.055871
-1.023000	-1.071161
-1.023000	-1.102225
-1.035000	-1.123586
-1.035000	-1.117803
-1.035000	-1.161901
-1.035000	-1.163089
-1.035000	-1.127350
-1.035000	-1.154425
-1.035000	-1.249950
-1.035000	-1.253704
-1.035000	-1.259424
-1.023000	-1.240108
-1.012000	-1.239108
-0.989000	-1.215967
-0.977000	-1.204716
-0.966000	-1.193773
-0.954000	-1.174774
-0.954000	-1.168102
-0.954000	-1.135342
-0.954000	-1.173266
-0.954000	-1.150533
-0.966000	-1.172476
-0.829000	-1.203941
-0.726000	-0.925714
-0.748000	-0.795672
-0.737000	-0.817104
-0.737000	-0.785694
-0.737000	-0.764648
-0.737000	-0.757312
-0.748000	-0.777740
-0.760000	-0.778961
-0.760000	-0.795909
-0.748000	-0.784975
-0.748000	-0.830903
-0.737000	-0.752297
-0.726000	-0.733608
-0.726000	-0.746364
-0.737000	-0.773242
-0.737000	-0.746455
-0.748000	-0.813662
-0.748000	-0.793165
-0.748000	-0.805032
-0.748000	-0.802483
-0.748000	-0.795480
-0.760000	-0.791338
-0.760000	-0.782984
-0.771000	-0.786145
-0.783000	-0.788239
-0.783000	-0.752317
-0.806000	-0.754952
-0.817000	-0.741960
-0.829000	-0.747677
-0.840000	-0.787346
-0.863000	-0.834991
-0.851000	-0.820753
-0.851000	-0.835908
-0.851000	-0.845675
-0.863000	-0.902172
-0.874000	-0.941403
-0.886000	-0.926878
-0.897000	-0.933575
-0.897000	-0.949804
-0.909000	-0.974242
-0.920000	-1.003949
-0.932000	-1.007311
-0.932000	-1.026691
-0.943000	-1.018341
-0.954000	-1.047732
-0.966000	-1.055076
-0.977000	-1.071543
-0.989000	-1.084335
-1.000000	-1.002334
-1.000000	-0.904639
-1.000000	-0.934435
-1.000000	-1.038706
-1.012000	-1.210491
-1.012000	-1.153134
-1.023000	-1.151509
-1.023000	-1.180116
-1.023000	-1.170080
-1.023000	-1.188055
-1.012000	-1.216433
-1.000000	-1.228913
-0.989000	-1.109049
-0.989000	-0.545586
-0.989000	-0.517672
-0.989000	-0.573495
-1.000000	-0.596830
-1.000000	-0.591578
-1.000000	-0.612081
-1.000000	-0.564901
-0.989000	-0.572219
-0.989000	-0.578414
-0.989000	-0.752479
-0.989000	-0.752745
-0.989000	-0.787586
-0.989000	-0.973718
-0.989000	-0.918117
-0.989000	-0.902794
-0.989000	-0.872010
-1.000000	-0.832153
-1.000000	-0.794337
-1.000000	-0.794536
-1.057000	-0.848621
-1.046000	-0.179664
-1.035000	-0.215048
-0.771000	-1.512891
-0.829000	-1.417558
-0.863000	-1.303126
-0.874000	-1.248251
-0.874000	-0.996158
-0.886000	-0.870828
-0.897000	-0.873990
-0.897000	-0.632932
-0.909000	-0.616729
-0.909000	-0.732048
-0.920000	-0.682812
-0.920000	-0.416823
-0.920000	-0.414329
-0.932000	-0.586559
-0.485000	-0.898811
-0.485000	-0.701312
-0.531000	-0.695647
-0.554000	-0.729974
-0.577000	-0.741470
-0.588000	-0.722398
-0.588000	-0.688633
-0.565000	-0.660221
-0.577000	-0.657271
-0.588000	-0.658985
-0.611000	-0.670730
-0.611000	-0.659493
-0.611000	-0.663618
-0.623000	-0.677497
-0.634000	-0.682793
-0.645000	-0.690794
-0.634000	-0.675308
-0.645000	-0.682874
-0.657000	-0.695550
-0.668000	-0.731918
-0.668000	-0.773289
-0.680000	-0.778536
-0.691000	-0.782444
-0.703000	-0.767871
-0.714000	-0.749531
-0.726000	-0.762658
-0.737000	-0.884541
-0.199000	-0.430539
0.247000	0.102520
0.030000	-0.020872
0.316000	0.226791
2.514000	2.591541
2.514000	2.670474
2.514000	2.689051
2.514000	2.555934
2.514000	2.605974
2.514000	2.630034
2.514000	2.618240
2.468000	2.570172
1.873000	1.962468
1.392000	1.466652
1.220000	1.301091
1.106000	1.182136
1.026000	1.096780
1.026000	1.108372
1.094000	1.100134
1.014000	1.102536
0.980000	1.058145
0.969000	1.049999
1.175000	1.148622
1.587000	1.426159
1.587000	1.458232
1.587000	1.516467
1.610000	1.477805
1.598000	1.493578
1.610000	1.608566
1.610000	1.590853
1.610000	1.634568
1.632000	1.602432
1.529000	1.514673
1.518000	1.526801
1.564000	1.572785
1.575000	1.618356
1.587000	1.684330
1.564000	1.643489
1.484000	1.549310
1.438000	1.516466
1.392000	1.481601
0.866000	0.915059
0.591000	0.587634
0.866000	0.864123
0.682000	0.674675
0.511000	0.511319
0.659000	0.724262
2.434000	2.423115
2.102000	2.004355
1.564000	1.549166
1.003000	0.994193
0.625000	0.635964
0.442000	0.475001
0.316000	0.357487
0.259000	0.343347
0.225000	0.293135
0.179000	0.229287
0.156000	0.203371
0.431000	0.486632
0.511000	0.550071
0.328000	0.373276
0.225000	0.257499
0.156000	0.191573
0.144000	0.191456
0.202000	0.242485
0.122000	0.173918
0.087000	0.143798
0.099000	0.159825
0.087000	0.154917
0.018000	0.074823
0.007000	0.057201
0.144000	0.195277
0.453000	0.496326
0.419000	0.464086
0.453000	0.468214
0.385000	0.350617
0.316000	0.290461
0.259000	0.228078
0.236000	0.209555
0.236000	0.204041
0.293000	0.247898
1.758000	1.751610
2.514000	2.514889
2.044000	2.007495
1.610000	1.587752
2.113000	2.038401
2.022000	1.949948
2.079000	1.991823
2.445000	2.409954
2.514000	2.549567
2.514000	2.472248
2.514000	2.359911
2.228000	2.150029
2.514000	2.462589
2.239000	2.154777
2.514000	2.533913
2.296000	2.201049
2.216000	2.137399
2.056000	2.016417
1.827000	1.809823
1.552000	1.536964
1.358000	1.356159
1.106000	1.101438
0.866000	0.860281
0.740000	0.748708
0.637000	0.649669
0.556000	0.571718
0.488000	0.512384
0.431000	0.452481
0.408000	0.436666
0.511000	0.567146
0.511000	0.584460
0.579000	0.657465
1.472000	1.616866
1.243000	1.330638
1.117000	1.187194
0.900000	0.948306
0.785000	0.899198
0.785000	0.885143
0.969000	1.050828
1.037000	1.053999
0.854000	0.894632
0.808000	0.849508
0.797000	0.841434
0.831000	0.896890
1.037000	1.148852
0.946000	1.030910
0.808000	0.873219
0.682000	0.744955
0.602000	0.668203
0.545000	0.608298
0.499000	0.561248
0.465000	0.533225
0.442000	0.508389
0.408000	0.468963
0.385000	0.444199
0.373000	0.447742
0.568000	0.636475
0.751000	0.821524
0.637000	0.707345
0.556000	0.631670
0.488000	0.547452
0.431000	0.495492
0.408000	0.472424
0.396000	0.453923
0.362000	0.419560
0.350000	0.408653
0.339000	0.399961
0.328000	0.350317
0.282000	0.215156
0.225000	0.171883
0.328000	0.293002
0.534000	0.497493
0.545000	0.536777
0.476000	0.526042
0.408000	0.449253
0.350000	0.384949
0.316000	0.308887
0.270000	0.224448
0.213000	0.147246
0.167000	0.084603
0.133000	0.073409
0.099000	0.042087
0.076000	0.029619
0.041000	-0.001980
0.007000	-0.029315
-0.016000	-0.054307
0.007000	-0.027243
0.373000	0.534519
0.431000	0.501149
0.442000	0.510555
0.465000	0.572437
0.396000	0.481978
0.339000	0.428032
0.328000	0.438060
0.339000	0.404968
0.305000	0.362592
0.282000	0.335655
0.259000	0.313600
0.293000	0.324581
0.316000	0.330224
0.282000	0.299406
0.259000	0.238537
0.225000	0.135963
0.179000	0.096508
0.144000	0.108939
0.144000	0.154504
0.133000	0.147590
0.110000	0.097910
0.099000	0.062232
0.087000	0.029999
0.076000	0.046057
0.053000	0.026564
0.030000	0.022881
0.018000	0.014200
0.007000	0.004117
-0.016000	-0.023374
-0.027000	-0.027131
-0.039000	-0.037797
-0.039000	-0.045252
-0.050000	-0.050365
-0.073000	-0.082602
-0.085000	-0.100609
-0.107000	-0.114709
-0.096000	-0.100181
-0.096000	-0.098999
-0.107000	-0.144795
-0.119000	-0.186427
-0.130000	-0.196855
-0.153000	-0.211359
-0.176000	-0.226960
-0.188000	-0.243194
-0.210000	-0.253592
-0.233000	-0.270911
-0.256000	-0.309033
-0.279000	-0.348965
-0.313000	-0.386369
-0.336000	-0.430721
-0.348000	-0.416545
-0.371000	-0.444013
-0.394000	-0.461825
-0.416000	-0.449573
-0.439000	-0.453120
-0.462000	-0.475526
-0.474000	-0.498830
-0.497000	-0.549262
-0.508000	-0.506324
-0.531000	-0.530401
-0.462000	-0.491287
-0.313000	-0.305183
-0.291000	-0.236316
-0.291000	-0.270866
-0.291000	-0.284806
-0.302000	-0.272655
-0.302000	-0.299248
-0.313000	-0.304266
-0.325000	-0.353442
-0.325000	-0.271690
-0.313000	-0.197207
-0.313000	-0.233681
-0.302000	-0.255047
-0.302000	-0.249743
-0.245000	-0.215427
-0.245000	-0.197966
-0.268000	-0.238298
-0.279000	-0.271879
-0.291000	-0.295330
-0.313000	-0.342920
-0.325000	-0.343825
-0.302000	-0.294901
-0.256000	-0.223498
-0.199000	-0.180792
-0.188000	-0.165816
-0.188000	-0.184408
-0.188000	-0.185907
-0.188000	-0.218909
-0.176000	-0.125787
-0.176000	-0.102463
-0.188000	-0.117494
-0.210000	-0.206926
-0.233000	-0.186284
-0.256000	-0.283793
-0.279000	-0.284745
-0.302000	-0.286746
-0.313000	-0.334695
-0.336000	-0.397329
-0.359000	-0.381027
-0.199000	-0.147418
-0.073000	-0.037538
-0.107000	-0.090664
-0.153000	-0.104103
-0.188000	-0.155164
-0.199000	-0.071410
-0.188000	-0.035414
-0.188000	-0.051650
-0.153000	-0.068959
-0.107000	-0.031139
-0.062000	0.020014
-0.085000	-0.021840
-0.119000	-0.098887
-0.153000	-0.150015
-0.153000	-0.122624
0.064000	0.105100
0.087000	0.159033
0.041000	0.097187
-0.004000	0.052179
-0.039000	-0.023501
-0.085000	-0.069730
-0.119000	-0.129423
-0.153000	-0.129778
-0.199000	-0.229508
-0.233000	-0.234835
-0.256000	-0.270300
-0.279000	-0.258002
-0.302000	-0.301305
-0.325000	-0.330620
-0.348000	-0.360865
-0.371000	-0.394740
-0.405000	-0.405681
-0.428000	-0.403010
-0.462000	-0.413743
-0.485000	-0.404408
-0.394000	-0.297396
-0.428000	-0.322538
-0.462000	-0.364972
-0.485000	-0.380944
-0.519000	-0.396552
-0.542000	-0.456273
-0.577000	-0.501657
-0.611000	-0.573949
-0.645000	-0.645957
-0.680000	-0.698761
-0.726000	-0.753543
-0.771000	-0.820697
-0.806000	-0.911713
-0.829000	-0.980388
-0.863000	-1.004116
-0.909000	-1.048712
-0.954000	-1.092518
-0.977000	-1.116321
-1.012000	-1.134031
-1.046000	-1.157425
-1.080000	-1.170030
-1.103000	-1.167640
-1.115000	-1.120297
-0.806000	-0.938804
-0.394000	-0.753657
-0.210000	-0.607318
-0.199000	-0.429198
-0.256000	-0.430225
-0.222000	-0.368753
-0.268000	-0.379051
-0.325000	-0.420745
-0.371000	-0.448835
-0.405000	-0.487821
-0.439000	-0.571997
-0.474000	-0.593411
-0.508000	-0.587716
-0.531000	-0.589013
-0.554000	-0.598430
-0.554000	-0.611592
-0.577000	-0.624285
-0.600000	-0.629477
-0.623000	-0.638356
-0.668000	-0.669401
-0.703000	-0.710286
-0.737000	-0.761380
-0.760000	-0.835303
-0.760000	-0.847886
-0.771000	-0.898603
-0.416000	-0.534452
-0.325000	-0.428677
-0.371000	-0.451491
-0.371000	-0.452072
-0.382000	-0.462029
-0.382000	-0.463859
-0.394000	-0.470381
-0.313000	-0.377555
-0.119000	-0.107775
-0.176000	-0.129252
-0.210000	-0.204540
-0.245000	-0.177412
-0.245000	-0.195125
-0.073000	0.079735
-0.119000	-0.027876
-0.165000	-0.127213
-0.210000	-0.171871
-0.336000	-0.251563
-0.336000	-0.173021
0.110000	0.254511
0.808000	0.930003
0.511000	0.628324
0.328000	0.457585
0.213000	0.290328
0.087000	0.143665
0.007000	0.085501
-0.050000	0.016538
-0.085000	-0.087830
-0.153000	-0.367727
-0.199000	-0.342436
-0.176000	-0.283981
-0.233000	-0.372866
-0.268000	-0.397897
-0.291000	-0.348314
-0.291000	-0.353004
-0.313000	-0.418723
-0.348000	-0.474868
-0.382000	-0.517629
-0.405000	-0.540490
-0.428000	-0.506491
-0.416000	-0.303433
-0.405000	-0.366460
-0.416000	-0.406999
-0.428000	-0.415657
-0.405000	-0.355609
-0.405000	-0.380404
-0.416000	-0.434789
-0.439000	-0.459415
-0.451000	-0.469162
-0.462000	-0.477696
-0.474000	-0.467722
-0.485000	-0.422977
-0.439000	-0.425411
-0.428000	-0.418505
-0.439000	-0.431844
-0.462000	-0.460266
-0.474000	-0.453573
-0.485000	-0.463788
-0.497000	-0.588405
-0.519000	-0.527348
-0.531000	-0.562576
-0.554000	-0.545050
-0.565000	-0.537925
-0.588000	-0.523719
-0.600000	-0.537223
