0.365000	0.307910
0.365000	0.641222
0.365000	0.644491
0.365000	0.653915
0.365000	0.561281
0.365000	0.487856
0.365000	0.385105
0.365000	0.309445
0.365000	0.272508
0.365000	0.238625
0.365000	0.174887
0.365000	0.136249
0.365000	0.106719
0.365000	0.005501
0.365000	-0.039623
0.365000	-0.064903
0.365000	-0.050092
0.365000	-0.014658
0.365000	-0.006555
0.365000	-0.060775
0.365000	-0.102015
0.365000	-0.105098
0.365000	-0.110412
0.365000	-0.122987
0.365000	-0.149029
0.365000	-0.142785
0.365000	-0.121231
0.365000	-0.123191
0.365000	-0.126152
0.365000	-0.136078
0.365000	-0.143419
0.365000	-0.161777
0.365000	-0.174652
0.365000	-0.186035
0.365000	-0.206325
0.365000	-0.232452
0.365000	-0.266389
0.365000	-0.303523
0.365000	-0.344982
0.365000	-0.359591
0.365000	-0.232015
0.365000	-0.220772
0.365000	0.179763
0.365000	0.352172
0.365000	0.425523
0.365000	0.311969
0.365000	-0.056406
0.365000	-0.168840
0.365000	-0.207802
0.365000	0.748457
0.365000	0.730651
0.365000	0.555042
0.365000	0.407467
0.365000	0.338124
0.365000	0.749586
0.365000	0.666753
0.365000	0.625760
0.365000	0.613746
0.365000	0.608734
0.365000	0.607967
0.365000	0.603735
0.365000	0.606848
0.365000	0.635727
0.365000	0.593884
0.365000	0.572164
0.365000	0.562802
0.365000	0.591015
0.365000	0.674517
0.365000	0.695532
0.365000	0.683929
0.365000	0.648001
0.365000	0.675567
0.365000	0.673091
0.365000	0.669812
0.365000	0.663176
0.365000	0.655295
0.365000	0.643295
0.365000	0.608796
0.365000	0.590309
0.365000	0.582873
0.365000	0.587195
0.365000	0.588295
0.365000	0.587430
0.365000	0.604609
0.365000	0.588990
0.365000	0.569751
0.365000	0.577010
0.365000	0.583529
0.365000	0.587955
0.365000	0.589816
0.365000	0.592271
0.365000	0.587390
0.365000	0.576853
0.365000	0.558212
0.365000	0.548519
0.365000	0.547948
0.365000	0.548935
0.365000	0.550593
0.365000	0.551387
0.365000	0.559000
0.365000	0.453667
0.365000	0.347626
0.365000	0.271888
0.365000	0.385355
0.365000	0.376384
0.365000	0.266166
0.365000	0.058860
0.365000	-0.031615
0.365000	-0.082639
0.365000	0.092567
0.365000	0.645769
0.365000	0.627811
0.365000	0.662582
0.365000	0.629315
0.365000	0.472760
0.365000	0.202385
0.365000	0.215019
0.230000	0.237782
0.365000	0.174207
0.365000	0.160602
0.365000	0.602690
0.365000	0.617804
0.365000	0.343844
0.365000	0.171268
0.365000	0.140713
0.365000	0.629804
0.365000	0.596291
0.365000	0.653240
0.365000	0.696780
0.365000	0.629059
0.365000	0.575694
0.365000	0.477684
0.365000	-0.077938
0.365000	-0.121900
0.365000	-0.157891
0.365000	-0.180830
0.365000	-0.170246
0.365000	-0.139486
0.365000	-0.249536
0.365000	-0.338008
0.230000	-0.060560
0.230000	0.046666
0.230000	0.148439
0.230000	0.239704
0.230000	0.240240
0.230000	0.236383
0.365000	0.245255
0.230000	0.247958
0.365000	0.216220
0.365000	0.149891
0.365000	0.124195
0.365000	0.104211
0.365000	0.114786
0.365000	0.105604
0.365000	0.230903
0.365000	0.384627
0.365000	0.377383
0.230000	0.285482
0.365000	0.199391
0.230000	0.200955
0.094000	0.167565
0.230000	0.141838
0.230000	0.109753
0.365000	0.009675
0.365000	0.005651
0.365000	0.197305
0.365000	0.240291
0.230000	0.168386
0.365000	0.153448
0.365000	0.170953
0.365000	0.177191
0.365000	0.185934
0.365000	0.163950
0.230000	0.229322
0.094000	0.232163
0.094000	0.246666
0.094000	0.211392
0.094000	0.265524
0.365000	0.288749
0.365000	0.303056
0.365000	0.257031
0.365000	0.255302
0.365000	0.209870
0.365000	0.269541
0.365000	0.297150
0.365000	0.316132
0.365000	0.330598
0.365000	0.310181
0.365000	0.332698
0.365000	0.318547
0.365000	0.249930
0.365000	0.245516
0.365000	0.199285
0.365000	0.073715
0.365000	0.000675
0.365000	0.066857
0.365000	0.216047
0.365000	0.238786
0.365000	0.258650
0.094000	0.290864
0.230000	0.286390
-0.042000	0.269462
-0.042000	0.296928
-0.042000	0.330388
0.094000	0.345891
0.094000	0.347547
0.230000	0.306289
0.230000	0.363138
0.230000	0.365316
0.094000	0.363347
-0.042000	0.387642
0.230000	0.404282
0.365000	0.364844
0.230000	0.258638
0.230000	0.302087
0.230000	0.351876
0.094000	0.285628
0.230000	0.290129
0.230000	0.190090
0.094000	0.149143
0.094000	0.346947
-0.178000	0.441498
-0.314000	0.470829
-0.178000	0.433320
-0.042000	0.383995
0.094000	0.318236
-0.042000	0.269279
-0.042000	0.272772
-0.042000	0.258764
-0.042000	0.220529
-0.178000	0.149310
-0.178000	0.130903
-0.314000	0.139836
-0.178000	0.218587
-0.042000	0.248468
-0.178000	0.295318
-0.042000	0.333725
0.094000	0.310139
-0.042000	0.330378
-0.178000	0.352087
-0.178000	0.314453
-0.314000	0.286986
-0.178000	0.279666
-0.178000	0.271737
-0.314000	0.241378
-0.314000	0.210035
-0.178000	0.170764
-0.314000	0.163532
-0.178000	0.214304
-0.178000	0.202445
-0.178000	0.184778
-0.042000	0.205277
0.365000	0.282888
0.365000	0.368963
0.365000	0.409743
0.365000	0.375315
0.230000	0.341313
-0.042000	0.313984
0.365000	0.304026
0.365000	0.265510
0.365000	0.247181
0.365000	0.236954
0.094000	0.225274
0.094000	0.251681
-0.042000	0.357208
-0.042000	0.377130
-0.042000	0.400529
-0.042000	0.324416
-0.042000	0.309268
0.094000	0.306784
0.094000	0.283727
0.094000	0.454100
0.094000	0.541361
0.094000	0.471444
0.094000	0.452616
-0.042000	0.369707
0.094000	0.325909
0.230000	0.284538
0.230000	0.201138
0.094000	0.206413
0.094000	0.214482
0.094000	0.199989
0.230000	0.215696
0.365000	0.209445
0.365000	0.204012
0.365000	0.192438
0.365000	0.194503
0.365000	0.182188
0.365000	0.176444
0.365000	0.176826
0.365000	0.196698
0.365000	0.256470
0.365000	0.321853
0.365000	0.344359
0.365000	0.355401
0.365000	0.373102
0.365000	0.373936
0.365000	0.384810
0.365000	0.325382
0.365000	0.330876
0.365000	0.334430
0.365000	0.324724
0.365000	0.316268
0.365000	0.316158
0.365000	0.300611
0.365000	0.294107
0.365000	0.286245
0.365000	0.291912
0.365000	0.294952
0.365000	0.289675
0.365000	0.281852
0.365000	0.273108
0.365000	0.295533
0.365000	0.332064
0.365000	0.349522
0.365000	0.336776
0.365000	0.369826
0.365000	0.351023
0.365000	0.364899
0.365000	0.368581
0.365000	0.366733
0.365000	0.365526
0.365000	0.385475
0.365000	0.388525
0.365000	0.404012
0.365000	0.409287
0.365000	0.354857
0.365000	0.346640
0.365000	0.283151
0.365000	0.294862
0.365000	0.313280
0.365000	0.330237
0.365000	0.298853
0.365000	0.340203
0.365000	0.336682
0.365000	0.346050
0.365000	0.354653
0.365000	0.378306
0.365000	0.392271
0.365000	0.398867
0.365000	0.408812
0.365000	0.408657
0.365000	0.393885
0.365000	0.414780
0.365000	0.431669
0.365000	0.443812
0.365000	0.471485
0.365000	0.491612
0.365000	0.513227
0.365000	0.537145
0.365000	0.555173
0.365000	0.566305
0.365000	0.585730
0.365000	0.607416
0.365000	0.623433
0.365000	0.634291
0.365000	0.628402
0.365000	0.628437
0.365000	0.627249
0.365000	0.549037
0.365000	0.660041
0.365000	0.659474
0.365000	0.673342
0.365000	0.669416
0.365000	0.514828
0.365000	0.566489
0.365000	0.581989
0.365000	0.580399
0.365000	0.582888
0.365000	0.595003
0.365000	0.546131
0.365000	0.456803
0.365000	0.436723
0.365000	0.490050
0.365000	0.644330
0.365000	0.616064
0.365000	0.616351
0.365000	0.622439
0.365000	0.629917
0.365000	0.641225
0.365000	0.652354
0.365000	0.665870
0.365000	0.672514
0.365000	0.674389
0.365000	0.671122
0.365000	0.660595
0.365000	0.663564
0.365000	0.658915
0.365000	0.658888
0.365000	0.660479
0.365000	-0.366937
0.365000	-0.214591
0.365000	-0.207414
0.365000	-0.235683
0.365000	-0.264893
0.365000	-0.298543
0.365000	-0.339608
0.365000	-0.423330
0.365000	-0.610414
0.365000	-0.727433
0.365000	-0.733800
0.365000	-0.519012
0.365000	-0.711962
0.365000	-0.826160
0.365000	-0.897568
0.365000	-0.862184
0.365000	-0.844965
0.365000	-0.839452
0.365000	-0.846511
0.365000	-0.862365
0.365000	-0.884784
0.365000	-0.866808
0.365000	-0.806156
0.365000	-0.798175
0.365000	0.535889
0.365000	0.514008
0.365000	0.516757
0.365000	0.523482
0.365000	0.530985
0.365000	0.575141
0.365000	0.567024
0.365000	0.525867
0.365000	0.504198
0.365000	0.526081
0.365000	0.514980
0.365000	0.501313
0.365000	0.499379
0.365000	0.496964
0.365000	0.500595
0.365000	0.503562
0.365000	0.462169
0.365000	0.250765
0.365000	0.180935
0.365000	0.057059
0.365000	-0.001702
0.365000	-0.130763
0.365000	-0.226482
0.365000	-0.328212
0.365000	-0.392074
0.365000	-0.431200
0.365000	-0.500773
0.365000	-0.541620
0.365000	-0.534233
0.365000	-0.609181
0.365000	-0.603293
0.365000	-0.558787
0.365000	-0.374578
0.365000	-0.273277
0.365000	0.070819
0.365000	0.246165
0.365000	0.589119
0.365000	0.921977
0.365000	0.829739
0.365000	0.780710
0.365000	0.738756
0.365000	0.693065
0.365000	0.668786
0.365000	0.599828
0.365000	0.689265
0.365000	0.702218
0.365000	0.633418
0.365000	0.519641
0.365000	0.515853
0.365000	0.525455
0.365000	0.543090
0.365000	0.509459
0.365000	0.489108
0.365000	0.510017
0.365000	0.523220
0.365000	0.532410
0.365000	0.530756
0.365000	0.539923
0.365000	0.549144
0.365000	0.553782
0.365000	0.566437
0.365000	0.566704
0.365000	0.561618
0.365000	0.570914
0.365000	0.582364
0.365000	0.442847
0.365000	0.410828
0.365000	0.448768
0.365000	0.487374
0.365000	0.504712
0.365000	0.509484
0.365000	0.519260
0.365000	0.525849
0.365000	0.523111
0.365000	0.526673
0.365000	0.540019
0.365000	0.547466
0.365000	0.548242
0.365000	0.541759
0.365000	0.540951
0.365000	0.539700
0.365000	0.538935
0.365000	0.538637
0.365000	0.541825
0.365000	0.538097
0.365000	0.520610
0.365000	0.502197
0.365000	0.501490
0.365000	0.502557
0.365000	0.511719
0.230000	0.512340
0.230000	0.517098
0.230000	0.523374
0.094000	0.524517
0.094000	0.528958
0.094000	0.538311
0.094000	0.543087
0.094000	0.561170
0.094000	0.560661
0.094000	0.541095
-0.042000	0.378104
-0.178000	0.286488
-0.042000	0.242723
-0.178000	0.406928
-0.042000	0.342819
-0.042000	0.226077
-0.178000	0.271913
-0.042000	0.700552
-0.042000	0.657788
-0.042000	0.603237
-0.042000	0.646562
-0.042000	0.601523
-0.042000	0.499803
-0.042000	0.441091
0.094000	0.408480
0.230000	0.309139
0.230000	0.197171
0.094000	0.141207
-0.042000	0.099722
0.094000	0.038866
-0.178000	-0.127701
-0.042000	-0.208877
-0.178000	-0.248214
-0.314000	-0.206268
-0.314000	-0.259023
-0.042000	-0.314310
-0.178000	-0.351389
-0.314000	-0.360431
-0.450000	-0.376556
-0.314000	-0.392522
-0.314000	-0.405869
-0.450000	-0.415836
-0.178000	-0.309960
-0.178000	-0.165411
-0.178000	-0.244164
-0.042000	-0.302331
0.094000	0.174276
0.094000	0.103793
0.230000	0.036184
0.365000	0.002036
0.365000	-0.013345
0.365000	-0.045102
0.365000	-0.119535
0.365000	-0.200722
0.365000	-0.249813
0.365000	-0.308625
0.094000	-0.397222
0.230000	-0.448640
-0.042000	-0.476787
0.094000	-0.557860
0.365000	0.617943
0.365000	0.660073
0.365000	0.658874
0.365000	0.618224
0.365000	0.606725
0.365000	0.598737
0.365000	0.584937
0.365000	0.572999
0.230000	0.570089
0.365000	0.572489
0.365000	0.586458
0.365000	0.573246
0.365000	0.604926
0.365000	0.595415
0.365000	0.584218
0.365000	0.576753
0.230000	0.576644
0.365000	0.568499
0.365000	0.571633
0.365000	0.563262
0.365000	0.560203
0.365000	0.558737
0.365000	0.564713
0.365000	0.563914
0.365000	0.561785
0.230000	0.555826
0.365000	0.563678
0.365000	0.448782
0.365000	0.316896
0.365000	0.214222
0.365000	0.135125
0.365000	0.035115
0.365000	-0.032775
0.365000	-0.075896
0.230000	-0.114069
0.365000	-0.125133
0.365000	-0.138127
0.365000	-0.153166
0.365000	-0.165616
0.365000	-0.191558
0.365000	-0.213528
0.365000	-0.237504
0.365000	-0.130771
0.365000	-0.166783
0.365000	-0.273406
0.365000	-0.320634
0.365000	-0.362223
0.365000	-0.371489
0.365000	-0.399960
-0.178000	-0.457241
-0.721000	-0.510815
-0.721000	-0.548761
-0.178000	-0.375733
0.094000	0.066492
-0.042000	-0.013737
-0.042000	-0.114612
0.230000	-0.196302
0.094000	-0.308004
0.094000	-0.397513
0.365000	-0.444623
0.365000	-0.323579
-0.178000	-0.411005
-3.166000	-0.885727
-3.166000	-0.985051
-3.030000	-0.843010
-2.894000	-0.959863
-2.894000	-1.043318
-2.758000	-1.102661
-2.894000	-1.126052
-2.623000	-1.038496
-2.623000	-1.052372
-2.623000	-1.035841
-2.623000	-1.094311
-2.487000	-1.120867
-1.264000	-0.944711
-2.079000	-0.878424
-2.215000	-1.022239
-2.487000	-1.364092
-2.487000	-1.603430
-2.623000	-1.738654
-2.487000	-1.827260
-2.487000	-1.917094
-2.623000	-2.191910
-2.758000	-2.422346
-2.758000	-2.591505
-2.758000	-2.726848
-2.758000	-2.828451
-2.758000	-2.907062
-2.894000	-3.004883
-3.166000	-3.091081
-3.166000	-3.155434
-3.166000	-3.206131
-3.030000	-3.000570
-2.758000	-2.671645
-2.758000	-2.686356
-2.894000	-2.755575
-2.894000	-2.740299
-3.030000	-2.720337
-3.030000	-2.690954
-3.030000	-2.542689
-3.030000	-2.710364
-3.030000	-2.786534
-3.030000	-2.869931
-3.030000	-2.912109
-3.030000	-2.962917
-3.030000	-3.014164
-3.030000	-3.024376
-3.030000	-3.046745
-3.030000	-3.092585
-3.030000	-3.095600
-3.030000	-3.135980
-3.166000	-3.177830
-3.166000	-3.225677
-3.166000	-3.113228
-3.166000	-3.238574
-3.302000	-3.301515
-3.302000	-3.270806
-1.536000	-2.735657
0.365000	-1.538459
-2.623000	-1.894088
-3.030000	-2.097595
-3.030000	-2.251620
-3.030000	-2.280632
-2.894000	-2.320294
-2.894000	-2.429524
-3.030000	-2.517222
-3.030000	-2.584819
-3.166000	-2.692305
-3.030000	-2.695228
-3.166000	-2.791728
-3.166000	-2.896690
-3.166000	-2.994472
-3.166000	-3.092301
-3.302000	-3.188010
-3.302000	-3.305844
-3.302000	-3.365725
-3.438000	-3.442861
-3.573000	-3.534502
-3.573000	-3.599176
-3.573000	-3.589405
-3.573000	-3.564576
-3.573000	-3.647876
-3.573000	-3.730733
-3.573000	-3.786299
-3.573000	-3.756110
-3.709000	-3.824356
-3.709000	-3.825440
-3.845000	-3.886292
-3.981000	-3.896292
-4.117000	-3.907600
-4.117000	-3.842649
-4.117000	-3.816200
-4.117000	-3.749340
-3.981000	-3.688550
-4.117000	-3.429833
-3.981000	-3.277685
0.365000	-0.418319
0.365000	-0.617410
0.365000	-0.764238
0.365000	-0.848938
-1.536000	-1.019055
-2.623000	-1.140025
-2.758000	-1.241080
-3.302000	-1.571266
-3.438000	-1.737911
-3.438000	-1.803699
-3.709000	-1.922731
-3.845000	-2.111855
-3.845000	-2.179844
-3.030000	-1.912807
0.365000	0.596497
0.365000	0.474163
0.365000	0.468058
0.365000	0.439564
0.365000	0.431601
0.365000	0.419802
0.365000	0.415178
0.365000	0.414324
0.365000	0.397065
0.365000	0.374886
0.365000	0.375737
0.365000	0.376702
0.365000	0.370628
0.365000	0.367079
0.365000	0.361709
0.365000	0.358973
0.365000	0.347931
0.365000	0.345597
0.365000	0.340934
0.365000	0.338747
0.365000	0.344589
0.365000	0.345958
0.365000	0.274020
0.365000	0.138328
0.365000	-0.023982
0.365000	-0.025467
0.365000	0.412925
0.365000	0.423716
0.365000	0.235973
0.365000	0.318724
0.365000	0.237402
0.365000	-0.430233
0.365000	-0.421764
0.365000	-0.289473
0.365000	-0.286174
0.365000	-0.375554
0.365000	-0.380610
0.365000	-0.444740
0.365000	-0.471409
0.365000	-0.273279
0.365000	-0.110616
0.365000	-0.055655
0.365000	-0.016038
0.365000	0.002876
0.365000	0.022480
0.365000	-0.026139
0.365000	0.001947
0.365000	0.022824
0.365000	0.032818
0.365000	0.066992
0.365000	0.041076
0.365000	0.016144
0.365000	-0.019181
0.365000	-0.003761
0.365000	-0.080133
0.365000	-0.067667
0.365000	-0.072718
0.365000	-0.079879
0.365000	-0.097970
0.365000	-0.096254
0.365000	-0.050493
0.365000	-0.046275
0.365000	-0.078956
0.365000	-0.064558
0.365000	-0.066792
0.365000	-0.056935
0.365000	-0.042382
0.365000	-0.025282
0.365000	0.149900
0.365000	0.279281
0.365000	0.190179
0.365000	0.241816
0.365000	0.292409
0.365000	0.297680
0.365000	-0.028083
0.365000	-0.089187
0.365000	-0.033242
0.365000	0.130404
0.365000	0.247176
0.365000	0.288366
0.365000	0.322081
0.365000	0.344406
0.365000	0.350601
0.365000	0.359977
0.365000	0.377086
0.365000	0.304410
0.365000	0.276463
0.365000	0.329231
0.365000	0.358875
0.365000	0.375677
0.365000	0.379540
0.365000	0.360635
0.365000	0.384176
0.365000	0.391985
0.365000	0.388121
0.365000	0.392198
0.365000	0.404401
0.365000	0.409737
0.365000	0.370400
0.365000	0.272096
0.365000	0.281981
0.365000	0.255120
0.365000	0.250882
0.365000	0.260033
0.365000	0.267388
0.365000	0.275229
0.365000	0.283156
0.365000	0.286753
0.365000	-0.112098
0.365000	-0.336253
0.365000	-0.194459
0.365000	-0.039635
0.365000	-0.195518
0.365000	-0.154578
0.365000	-0.149879
0.365000	-0.203264
0.365000	-0.141095
0.365000	-0.163708
0.365000	-0.243736
0.365000	-0.150275
0.365000	-0.224443
0.365000	-0.139980
0.365000	-0.190483
0.365000	-0.172359
0.365000	-0.171832
0.365000	-0.144799
0.365000	-0.082671
0.365000	-0.001817
0.365000	0.055543
0.365000	0.130640
0.365000	0.201548
0.365000	0.240145
0.365000	0.269341
0.365000	0.290479
0.365000	0.308571
0.365000	0.320260
0.365000	0.328002
0.365000	0.301500
0.365000	0.285869
0.365000	0.283102
0.365000	0.023999
0.365000	0.121229
0.365000	0.149909
0.365000	0.207029
0.365000	0.274689
0.365000	0.283482
0.365000	0.255775
0.365000	0.201400
0.365000	0.241670
0.365000	0.257029
0.365000	0.264985
0.365000	0.278071
0.365000	0.253472
0.365000	0.256599
0.365000	0.273006
0.365000	0.295442
0.365000	0.317243
0.365000	0.330920
0.365000	0.340135
0.365000	0.355625
0.365000	0.362503
0.365000	0.369054
0.365000	0.373734
0.365000	0.381745
0.365000	0.349168
0.365000	0.300483
0.365000	0.325601
0.365000	0.343409
0.365000	0.354297
0.365000	0.366629
0.365000	0.371940
0.365000	0.370650
0.365000	0.376511
0.365000	0.378499
0.365000	0.383548
0.365000	0.365617
0.365000	0.340065
0.365000	0.346479
0.365000	0.317034
0.365000	0.254649
0.365000	0.262858
0.365000	0.306690
0.365000	0.329070
0.365000	0.340451
0.365000	0.332989
0.365000	0.323891
0.365000	0.348798
0.365000	0.336227
0.365000	0.333053
0.365000	0.335931
0.365000	0.339467
0.365000	0.346206
0.365000	0.353488
0.365000	0.356297
0.365000	0.364034
0.365000	0.382977
0.365000	0.369498
0.365000	0.369818
0.365000	0.373709
0.365000	0.382520
0.365000	0.400057
0.365000	0.415528
0.365000	0.399112
0.365000	0.400953
0.365000	0.402388
0.365000	0.406372
0.365000	0.402897
0.365000	0.390506
0.365000	0.392573
0.365000	0.382915
0.365000	0.362979
0.365000	0.369156
0.365000	0.387241
0.365000	0.400007
0.365000	0.402431
0.365000	0.393884
0.365000	0.390093
0.365000	0.380384
0.365000	0.371128
0.365000	0.373368
0.365000	0.376460
0.365000	0.380052
0.365000	0.381079
0.365000	0.386348
0.365000	0.387763
0.365000	0.388780
0.365000	0.384598
0.365000	0.387745
0.365000	0.389139
0.365000	0.388919
0.365000	0.392488
0.365000	0.392130
0.365000	0.389910
0.365000	0.387296
0.365000	0.381434
0.365000	0.382989
0.365000	0.387651
0.365000	0.392916
0.365000	0.395206
0.365000	0.399961
0.365000	0.406490
0.365000	0.405900
0.365000	0.406169
0.365000	0.412970
0.365000	0.385498
0.365000	0.332077
0.365000	0.262500
0.365000	0.179155
0.365000	0.151966
0.365000	0.094599
0.365000	0.031991
0.365000	0.124191
0.365000	0.249361
0.365000	0.066758
0.365000	0.221759
0.365000	0.536064
0.365000	0.496056
0.365000	0.490922
0.365000	0.478426
0.365000	0.471401
0.365000	0.476394
0.365000	0.463079
0.365000	0.460177
0.365000	0.451896
0.365000	0.470242
0.365000	0.492735
0.365000	0.489489
0.365000	0.474247
0.365000	0.471694
0.365000	0.464518
0.365000	0.462381
0.365000	0.458101
0.365000	0.449080
0.365000	0.442958
0.365000	0.437930
0.365000	0.441017
0.365000	0.455368
0.365000	0.464774
0.365000	0.457251
0.365000	0.452018
0.365000	0.452273
0.365000	0.454279
0.365000	0.446639
0.365000	0.468270
0.365000	0.476434
0.365000	0.465194
0.365000	0.448037
0.365000	0.463681
0.365000	0.441088
0.365000	0.441626
0.365000	0.442834
0.365000	0.426152
0.365000	0.400242
0.365000	0.411442
0.365000	0.407944
0.365000	0.409345
0.365000	0.407949
0.365000	0.402340
0.365000	0.235670
0.365000	0.086246
0.365000	-0.060148
0.365000	-0.172066
0.365000	-0.307619
0.365000	-0.402204
0.365000	-0.421500
0.365000	-0.525778
0.365000	0.485168
0.365000	0.538644
0.365000	0.549466
0.365000	0.381472
0.365000	0.291147
0.365000	0.500940
0.365000	0.625729
0.365000	0.488385
0.365000	0.238207
0.365000	0.025243
0.365000	-0.173754
0.365000	-0.325648
0.365000	-0.385780
0.365000	-0.245146
0.365000	-0.255866
0.365000	0.077119
0.365000	0.550812
0.365000	0.476551
0.365000	0.481047
0.365000	0.472329
0.365000	0.467843
0.365000	0.457482
0.365000	0.450845
0.365000	0.426283
0.365000	0.396650
0.365000	0.410025
0.365000	0.397245
0.365000	0.411689
0.365000	0.408253
0.365000	0.397717
0.365000	0.393862
0.365000	0.387368
0.365000	0.394872
0.365000	0.462580
0.365000	0.528143
0.365000	0.419523
0.365000	0.210393
0.365000	0.294043
0.365000	0.357792
0.365000	0.370629
0.365000	0.393922
0.365000	0.423310
0.365000	0.437315
0.365000	0.418787
0.365000	0.355369
0.365000	0.381963
0.365000	0.377931
0.365000	0.375232
0.365000	0.378979
0.365000	0.408643
0.365000	0.405802
0.365000	0.396755
0.365000	0.391469
0.365000	0.391482
0.365000	0.391522
0.365000	0.413453
0.365000	0.478216
0.365000	0.454456
0.365000	0.443643
0.365000	0.450594
0.365000	0.461187
0.365000	0.454687
0.365000	0.445579
0.365000	0.451234
0.365000	0.451276
0.365000	0.456704
0.365000	0.469944
0.365000	0.492738
0.365000	0.478257
0.365000	0.471773
0.365000	0.470515
0.365000	0.473060
0.365000	0.483495
0.365000	0.491607
0.365000	0.463919
0.365000	0.519456
0.365000	0.512783
0.365000	0.494160
0.365000	0.417752
0.365000	0.412332
0.365000	0.559318
0.365000	0.426653
0.365000	0.263589
0.365000	0.160238
0.365000	0.080014
0.365000	0.059141
0.365000	0.049007
0.365000	0.093002
0.365000	0.145290
0.365000	0.190545
0.365000	0.223842
0.365000	0.235418
