0.413000	0.371252
0.413000	0.668391
0.413000	0.695527
0.413000	0.699003
0.413000	0.618319
0.413000	0.543720
0.413000	0.453623
0.413000	0.390128
0.413000	0.374982
0.413000	0.336726
0.413000	0.273599
0.413000	0.245763
0.413000	0.221042
0.413000	0.119228
0.413000	0.132162
0.413000	0.156870
0.413000	0.218729
0.413000	0.278567
0.413000	0.304927
0.413000	0.235962
0.413000	0.200260
0.413000	0.210818
0.413000	0.215007
0.413000	0.210630
0.413000	0.196222
0.413000	0.212174
0.413000	0.241945
0.413000	0.250028
0.413000	0.256033
0.413000	0.275968
0.413000	0.289997
0.413000	0.273896
0.413000	0.269286
0.413000	0.266238
0.413000	0.259322
0.413000	0.242046
0.413000	0.211453
0.413000	0.170425
0.413000	0.118379
0.413000	0.102864
0.413000	0.246705
0.413000	0.223942
0.413000	0.513292
0.413000	0.618442
0.413000	0.632314
0.413000	0.512087
0.413000	0.081829
0.413000	-0.009344
0.413000	-0.048080
0.413000	0.803111
0.413000	0.781106
0.413000	0.617202
0.413000	0.489386
0.413000	0.433118
0.413000	0.798227
0.413000	0.722152
0.413000	0.656712
0.413000	0.650654
0.413000	0.647619
0.413000	0.648732
0.413000	0.647134
0.413000	0.653491
0.413000	0.670545
0.413000	0.654934
0.413000	0.615715
0.413000	0.608828
0.413000	0.666284
0.413000	0.892110
0.413000	0.904984
0.413000	0.869735
0.413000	0.745236
0.413000	0.833583
0.413000	0.825982
0.413000	0.804118
0.413000	0.776955
0.413000	0.745739
0.413000	0.696330
0.413000	0.584542
0.413000	0.505121
0.413000	0.505163
0.413000	0.501868
0.413000	0.496410
0.413000	0.490971
0.413000	0.493069
0.413000	0.520752
0.413000	0.493218
0.413000	0.489303
0.413000	0.487183
0.413000	0.484082
0.413000	0.481465
0.413000	0.492572
0.413000	0.535630
0.413000	0.532077
0.413000	0.519666
0.413000	0.539992
0.413000	0.577032
0.413000	0.603088
0.413000	0.624422
0.413000	0.640351
0.413000	0.665734
0.413000	0.597405
0.413000	0.529553
0.413000	0.464175
0.413000	0.544035
0.413000	0.539444
0.413000	0.410920
0.413000	0.207125
0.413000	0.138705
0.413000	0.098635
0.413000	0.236058
0.413000	0.694090
0.413000	0.784120
0.413000	0.873864
0.413000	0.837087
0.413000	0.725207
0.413000	0.577840
0.413000	0.610825
0.413000	0.667964
0.413000	0.685753
0.413000	0.699169
0.413000	0.711618
0.413000	0.717205
0.413000	0.721946
0.413000	0.720249
0.413000	0.708352
0.413000	0.721665
0.413000	0.535974
0.413000	0.323128
0.413000	0.394146
0.413000	0.414860
0.413000	0.355447
0.413000	0.322992
0.413000	0.704311
0.413000	0.704604
0.413000	0.479943
0.413000	0.347978
0.413000	0.330894
0.413000	0.739368
0.413000	0.742518
0.413000	0.830098
0.413000	0.986556
0.413000	0.946035
0.413000	0.814144
0.413000	0.666970
0.413000	0.270269
0.413000	0.142474
0.413000	0.044588
0.413000	-0.030557
0.413000	-0.027720
0.413000	0.064390
0.413000	-0.267991
0.413000	-0.514035
0.413000	-0.223568
0.413000	-0.140880
0.413000	0.075955
0.413000	0.327227
0.413000	0.310942
0.413000	0.294465
0.413000	0.317083
0.413000	0.330507
0.413000	0.325965
0.413000	0.327164
0.413000	0.307515
0.413000	0.242197
0.413000	0.267911
0.413000	0.247911
0.413000	0.569104
0.413000	1.041295
0.413000	1.011094
0.413000	0.713386
0.413000	0.398555
0.413000	0.447088
0.413000	0.362664
0.413000	0.281505
0.413000	0.200735
0.413000	-0.047191
0.413000	-0.216085
0.413000	0.309292
0.413000	0.438287
0.413000	0.192526
0.413000	0.079754
0.413000	0.102245
0.413000	0.168798
0.413000	0.148557
0.413000	0.083708
0.413000	0.229648
0.413000	0.224958
0.413000	0.245924
0.413000	0.146385
0.413000	0.262908
0.413000	0.291672
0.413000	0.338250
0.413000	0.313952
0.413000	0.271044
0.413000	0.118705
0.413000	0.218670
0.413000	0.272369
0.413000	0.308965
0.413000	0.333670
0.413000	0.358459
0.413000	0.412413
0.413000	0.378217
0.413000	0.461306
0.413000	0.501060
0.299000	0.339043
0.072000	0.001365
-0.042000	-0.167806
0.072000	-0.083868
-0.042000	0.137998
-0.155000	0.166220
-0.269000	0.218166
-0.042000	0.303123
-0.042000	0.247101
-0.042000	0.193015
0.072000	0.238652
0.413000	0.291714
0.413000	0.322741
0.413000	0.303095
0.413000	0.178376
0.413000	0.296823
0.413000	0.295582
0.413000	0.280471
0.413000	0.332597
0.413000	0.347733
0.413000	0.368621
0.413000	0.199462
0.413000	0.279043
0.413000	0.434302
0.413000	0.203300
0.413000	0.175300
0.413000	0.269029
0.413000	0.138496
0.413000	0.740686
0.413000	1.043469
0.413000	1.094933
0.413000	0.953013
0.413000	0.130110
0.413000	0.236031
0.413000	0.259495
0.413000	0.301813
0.413000	0.332959
0.413000	0.215230
0.413000	0.253158
0.413000	0.442411
0.413000	0.424073
0.413000	0.359203
0.413000	0.354961
0.413000	0.331321
0.413000	0.264917
0.413000	0.167371
0.299000	0.230644
0.299000	0.217173
0.299000	0.238343
0.413000	0.337769
0.413000	0.350957
0.299000	0.388958
0.186000	0.495462
0.299000	0.443255
0.299000	0.419866
0.186000	0.338545
0.299000	0.817193
0.413000	1.132677
0.413000	0.894165
0.413000	0.843877
0.413000	0.575808
0.413000	0.447361
0.413000	0.323068
0.299000	0.121664
0.413000	0.127781
0.413000	0.154716
0.299000	0.127493
0.299000	0.198421
0.413000	0.179367
0.413000	0.158502
0.413000	0.134903
0.299000	0.159835
0.299000	0.115073
0.299000	0.111013
0.072000	0.129729
0.299000	0.160680
0.413000	0.232215
0.299000	0.285388
0.186000	0.323065
0.299000	0.319202
0.413000	0.339302
0.299000	0.335587
0.072000	0.341504
-0.042000	0.412236
-0.042000	0.404927
0.413000	0.409124
0.413000	0.392358
0.413000	0.373418
0.413000	0.389910
0.413000	0.352244
0.299000	0.344296
0.299000	0.331038
0.299000	0.321931
0.186000	0.342125
0.186000	0.346699
0.186000	0.322430
0.072000	0.310070
0.413000	0.353558
0.413000	0.396050
0.413000	0.421628
0.072000	0.382009
0.186000	0.420433
0.186000	0.417369
0.413000	0.415884
0.413000	0.405759
0.186000	0.391754
0.072000	0.373019
0.186000	0.386844
0.186000	0.375392
0.413000	0.399108
0.299000	0.409174
0.299000	0.241422
0.413000	0.205570
0.186000	0.018290
-0.042000	0.044288
0.072000	0.069745
0.186000	0.092039
0.186000	0.014571
0.186000	0.072861
0.186000	0.034902
0.186000	0.028476
-0.042000	0.027119
0.186000	0.050234
0.299000	0.054913
0.186000	0.043793
0.072000	0.040940
0.072000	0.009611
0.072000	-0.069177
0.299000	-0.083721
0.186000	-0.077544
-0.042000	-0.023420
0.072000	0.051911
0.072000	0.113248
0.072000	0.159938
0.186000	0.214077
0.072000	0.242154
-0.042000	0.262916
-0.042000	0.301349
0.299000	0.339694
0.413000	0.368782
0.413000	0.385735
0.299000	0.362256
0.299000	0.347053
0.299000	0.359724
0.072000	0.319315
0.186000	0.477097
0.072000	0.472060
0.186000	0.490170
0.186000	0.472956
-0.042000	0.328848
-0.042000	0.365764
-0.042000	0.357520
-0.042000	0.338251
-0.042000	0.328523
-0.042000	0.338397
-0.042000	0.304129
-0.042000	0.242153
-0.042000	0.236218
-0.042000	0.274583
0.299000	0.435961
0.299000	0.339883
0.186000	0.330138
0.186000	0.340117
0.072000	0.351971
0.186000	0.373054
0.186000	0.381168
0.413000	0.407079
0.413000	0.415200
0.413000	0.418706
0.413000	0.416456
0.299000	0.404424
0.413000	0.408047
0.413000	0.410430
0.413000	0.413563
0.413000	0.418715
0.413000	0.433327
0.413000	0.441492
0.413000	0.445305
0.299000	0.444729
0.299000	0.412225
0.299000	0.432416
0.299000	0.432765
0.186000	0.361559
0.299000	0.322550
0.186000	0.264282
0.186000	0.217751
0.186000	0.176654
0.299000	0.152133
0.186000	0.122939
0.072000	0.082463
0.072000	0.034387
-0.042000	-0.095604
-0.155000	-0.300711
-0.382000	-0.375429
-0.382000	-0.412651
-0.496000	-0.447214
-0.496000	-0.401442
-0.496000	-0.225922
-0.382000	-0.212967
-0.382000	-0.225733
-0.382000	-0.237744
-0.496000	-0.249103
-0.609000	-0.266283
-0.723000	-0.328543
-0.836000	-0.477258
-0.836000	-0.554461
-0.723000	-0.536274
-0.723000	-0.322584
-0.723000	-0.451093
-0.496000	-0.494873
-0.382000	-0.503137
-0.382000	-0.392083
-0.269000	-0.314260
-0.269000	-0.253850
-0.155000	-0.213351
-0.155000	-0.179561
-0.155000	-0.149025
-0.155000	-0.085295
-0.155000	0.013833
-0.042000	0.064024
0.072000	0.113100
0.186000	0.160314
0.186000	0.208926
0.299000	0.485331
0.413000	0.741247
0.413000	0.842308
0.413000	0.761056
0.413000	0.683999
0.413000	0.626976
0.413000	0.560459
0.413000	0.488051
0.413000	0.460943
0.413000	0.612484
0.413000	0.501695
0.413000	0.348609
0.413000	0.259455
0.413000	0.182581
0.413000	0.067651
0.413000	-0.118052
0.413000	-0.342798
0.413000	-0.540447
0.413000	-0.759026
0.413000	-0.991012
0.413000	-1.190234
-0.950000	-1.419313
-1.177000	-1.533440
-1.177000	-1.609656
-1.291000	-1.631406
-1.404000	-1.683652
-1.404000	-1.756240
-1.518000	-1.788911
-1.518000	-1.839151
-1.518000	-1.921924
-1.518000	-1.908267
-1.631000	-1.972850
-1.631000	-2.043759
-1.745000	-2.069294
-1.745000	-2.124591
-1.745000	-2.169700
-1.745000	-2.210980
-1.631000	-1.856464
-1.631000	-1.745061
-1.745000	-1.920462
-1.745000	-2.098372
-1.858000	-2.196351
-1.972000	-2.243447
-2.086000	-2.232939
-2.199000	-2.263612
-2.086000	-2.325832
-2.199000	-2.325707
-2.086000	-2.292398
-2.313000	-2.230791
-2.313000	-2.362549
-2.426000	-2.427229
-2.426000	-2.504490
-2.653000	-2.549452
-1.404000	-1.851411
-2.313000	-1.721576
-2.426000	-1.975140
-2.540000	-2.139184
-2.767000	-2.284129
-2.653000	-2.310765
-2.767000	-2.458624
-2.880000	-2.524830
-2.767000	-2.332831
-2.653000	-2.146691
-1.404000	-1.668478
-0.496000	-1.217254
-1.972000	-1.497924
-1.858000	-1.456072
-1.972000	-1.494487
-2.086000	-1.485101
-2.540000	-1.591918
-0.609000	0.073845
0.413000	0.554477
0.413000	0.537250
0.413000	0.579130
0.413000	0.588143
0.413000	-0.069252
0.413000	-0.110804
0.413000	-0.178334
0.413000	-0.220564
0.413000	-0.235356
0.299000	-0.308585
0.413000	-0.304640
0.413000	-0.263945
0.413000	-0.047648
0.413000	0.014372
0.413000	0.357633
0.413000	0.572105
0.413000	0.872943
0.413000	1.185114
0.413000	1.198754
0.413000	1.018370
0.413000	0.778384
0.413000	0.737539
0.413000	0.694798
0.413000	0.612083
0.413000	0.854042
0.413000	0.856333
0.413000	0.706387
0.413000	0.538972
0.413000	0.491084
0.413000	0.479122
0.413000	0.548890
0.413000	0.523968
0.413000	0.467061
0.413000	0.472383
0.413000	0.475012
0.413000	0.466513
0.413000	0.461301
0.413000	0.485782
0.413000	0.514005
0.413000	0.518558
0.413000	0.554250
0.413000	0.567648
0.413000	0.556715
0.413000	0.569228
0.413000	0.577512
0.413000	0.497839
0.413000	0.389819
0.413000	0.391981
0.413000	0.440825
0.413000	0.453490
0.413000	0.445260
0.413000	0.452336
0.413000	0.464149
0.413000	0.454550
0.413000	0.449291
0.413000	0.486396
0.413000	0.511435
0.413000	0.509754
0.413000	0.492596
0.413000	0.486612
0.413000	0.486554
0.413000	0.490084
0.413000	0.488217
0.413000	0.487341
0.413000	0.473693
0.413000	0.412190
0.413000	0.329754
0.413000	0.445125
0.413000	0.581762
0.413000	0.639565
0.413000	0.662462
0.413000	0.685724
0.413000	0.707336
0.413000	0.728610
0.413000	0.740792
0.413000	0.760544
0.413000	0.775154
0.413000	0.830386
0.413000	0.828766
0.413000	0.768992
0.413000	0.654942
0.413000	0.579466
0.413000	0.521037
0.413000	0.639387
0.413000	0.574796
0.413000	0.477308
0.413000	0.515876
0.413000	0.918451
0.413000	0.874960
0.413000	0.822220
0.413000	0.864339
0.413000	0.818307
0.413000	0.736785
0.413000	0.684738
0.413000	0.655726
0.413000	0.563036
0.413000	0.451029
0.413000	0.389425
0.413000	0.366855
0.413000	0.282607
0.413000	0.114959
0.413000	0.044603
0.413000	0.022802
0.413000	0.084844
0.413000	0.045360
0.413000	-0.023729
0.413000	-0.054354
0.413000	-0.061036
0.413000	-0.078147
0.413000	-0.093996
0.413000	-0.104921
0.413000	-0.112214
0.413000	-0.026726
0.413000	0.096034
0.413000	0.050362
0.413000	-0.016073
0.413000	0.363856
0.413000	0.306715
0.413000	0.248929
0.413000	0.232238
0.413000	0.205784
0.413000	0.170458
0.413000	0.102734
0.413000	0.030888
0.413000	-0.007478
0.413000	-0.057195
0.413000	-0.124709
0.413000	-0.184429
0.413000	-0.208708
0.413000	-0.273132
0.413000	0.730173
0.413000	0.852698
0.413000	0.914251
0.413000	0.817585
0.413000	0.810906
0.413000	0.802956
0.413000	0.773605
0.413000	0.737492
0.413000	0.734813
0.413000	0.732086
0.413000	0.770145
0.413000	0.706469
0.413000	0.817160
0.413000	0.806799
0.413000	0.780913
0.413000	0.757737
0.413000	0.771829
0.413000	0.723244
0.413000	0.741402
0.413000	0.718466
0.413000	0.715014
0.413000	0.711655
0.413000	0.724292
0.413000	0.725306
0.413000	0.721911
0.413000	0.705242
0.413000	0.749119
0.413000	0.645752
0.413000	0.535919
0.413000	0.439441
0.413000	0.360875
0.413000	0.255506
0.413000	0.203676
0.413000	0.161885
0.413000	0.123320
0.413000	0.107377
0.413000	0.089615
0.413000	0.100245
0.413000	0.095704
0.413000	0.063634
0.413000	0.043293
0.413000	0.010765
0.413000	0.113296
0.413000	0.062650
0.413000	-0.010661
0.413000	-0.052470
0.413000	-0.078345
0.413000	-0.090829
0.413000	-0.553370
0.413000	-0.605236
0.413000	-0.638505
0.413000	-0.514875
0.413000	-0.435487
0.413000	-0.556595
-0.382000	-0.950318
-1.177000	-1.200860
-1.291000	-1.315107
-1.404000	-1.397868
-1.518000	-1.479631
-1.745000	-1.778919
-1.858000	-2.017538
-1.972000	-2.208337
-2.086000	-2.332517
-2.199000	-2.419828
-2.313000	-2.484537
-2.313000	-2.572644
-2.426000	-2.656395
-2.540000	-2.717884
-2.540000	-2.759358
-2.540000	-2.455866
-2.313000	-2.110301
-2.313000	-2.154538
-2.426000	-2.229923
-2.426000	-2.219174
-2.767000	-2.461083
-2.653000	-2.485030
-2.767000	-2.487105
-2.880000	-2.521259
-2.767000	-2.555083
-2.880000	-2.554776
-2.880000	-2.594325
-2.880000	-2.628666
-2.994000	-2.664577
-2.994000	-2.570008
-3.108000	-2.647160
-3.108000	-2.669962
-3.108000	-2.636450
-1.404000	-2.125873
0.413000	-1.086657
-1.291000	-1.412706
-2.540000	-1.630501
-2.653000	-1.789126
-2.767000	-1.837487
-2.767000	-1.846093
-2.767000	-1.942512
-2.994000	-2.035134
-2.880000	-2.106614
-2.994000	-2.205166
-2.994000	-2.228455
-3.108000	-2.329843
-3.221000	-2.437027
-3.221000	-2.520206
-3.335000	-2.604383
-3.448000	-2.681538
-3.448000	-2.763377
-3.562000	-2.806428
-3.562000	-2.856054
-3.675000	-2.930196
-3.789000	-2.989983
-3.675000	-2.996078
-3.789000	-2.984536
-3.789000	-3.052551
-4.016000	-3.123073
-4.130000	-3.175468
-3.675000	-3.135081
-3.902000	-3.185924
-3.902000	-3.194802
-4.016000	-3.241271
-4.016000	-3.246607
-4.130000	-3.254055
-4.130000	-3.188515
-4.243000	-3.150523
-4.016000	-3.082482
-4.243000	-3.003583
-4.357000	-2.645092
-4.130000	-2.489954
0.413000	0.148173
0.413000	-0.119054
0.413000	-0.248302
0.413000	-0.322350
0.413000	-0.448812
0.413000	-0.547487
0.413000	-0.652563
-1.404000	-1.003548
-1.404000	-1.142098
-0.155000	-1.156329
-0.382000	-1.263582
-2.767000	-1.493573
-2.767000	-1.553205
-2.086000	-1.321868
0.413000	0.869828
0.413000	0.622010
0.413000	0.621393
0.413000	0.560797
0.413000	0.561888
0.413000	0.580552
0.413000	0.643735
0.413000	0.665870
0.413000	0.657046
0.413000	0.660698
0.413000	0.688675
0.413000	0.707174
0.413000	0.706407
0.413000	0.705275
0.413000	0.702575
0.413000	0.705061
0.413000	0.691727
0.413000	0.695438
0.413000	0.693126
0.413000	0.688652
0.413000	0.699707
0.413000	0.714846
0.413000	0.661430
0.413000	0.563991
0.413000	0.439920
0.413000	0.434939
0.413000	0.857778
0.413000	0.654957
0.413000	0.245274
0.413000	0.369600
0.413000	0.276018
0.413000	-0.332461
0.413000	-0.319110
0.413000	0.017999
0.413000	-0.000254
0.413000	-0.240094
0.413000	-0.251526
0.413000	-0.428265
0.413000	-0.526572
0.413000	-0.306696
0.413000	-0.114829
0.413000	-0.047516
0.413000	0.000119
0.413000	0.014299
0.413000	0.078520
0.413000	-0.028259
0.413000	0.032430
0.413000	0.068600
0.413000	0.092081
0.413000	0.243994
0.413000	0.353261
0.413000	0.239496
0.413000	0.126583
0.413000	0.156074
0.413000	-0.058020
0.413000	-0.012570
0.413000	-0.029172
0.413000	-0.045584
0.413000	-0.101428
0.413000	-0.168582
0.413000	-0.046323
0.413000	-0.000702
0.413000	-0.079983
0.413000	-0.015898
0.413000	-0.036272
0.413000	-0.051302
0.413000	-0.028635
0.413000	0.001357
0.413000	0.197220
0.413000	0.377944
0.413000	0.280523
0.413000	0.320388
0.413000	0.372312
0.413000	0.449013
0.413000	0.532813
0.413000	0.163952
0.413000	0.046277
0.413000	0.187264
0.413000	0.313664
0.413000	0.337316
0.413000	0.367446
0.413000	0.413847
0.413000	0.412844
0.413000	0.413205
0.413000	0.419029
0.413000	0.365922
0.413000	0.334536
0.413000	0.384859
0.413000	0.406129
0.413000	0.420439
0.413000	0.431872
0.413000	0.416667
0.413000	0.446325
0.413000	0.454701
0.413000	0.457646
0.413000	0.469953
0.413000	0.464961
0.413000	0.469931
0.413000	0.428150
0.413000	0.330601
0.413000	0.337833
0.413000	0.273421
0.413000	0.212219
0.413000	0.207976
0.413000	0.201768
0.413000	0.217326
0.413000	0.244140
0.413000	0.286613
0.413000	-0.044760
0.413000	-0.244445
0.413000	-0.123536
0.413000	0.046862
0.413000	-0.134617
0.413000	-0.080936
0.413000	-0.049689
0.413000	-0.011228
0.413000	0.156624
0.413000	0.078133
0.413000	-0.177546
0.413000	-0.068104
0.413000	-0.105584
0.413000	-0.075131
0.413000	-0.035698
0.413000	-0.146401
0.413000	-0.184309
0.413000	0.587905
0.413000	0.568982
0.413000	0.649792
0.413000	0.676835
0.413000	0.569304
0.413000	0.551417
0.413000	0.602046
0.413000	0.625312
0.413000	0.729941
0.413000	0.749317
0.413000	0.721846
0.413000	0.647392
0.413000	0.630584
0.413000	0.621957
0.413000	0.598313
0.413000	0.551482
0.413000	0.546501
0.413000	0.592110
0.413000	0.576943
0.413000	0.542019
0.413000	0.529823
0.413000	0.538671
0.413000	0.491348
0.413000	0.501823
0.413000	0.474197
0.413000	0.518947
0.413000	0.450708
0.413000	0.517526
0.413000	0.518826
0.413000	0.563274
0.413000	0.550868
0.413000	0.557200
0.413000	0.557942
0.413000	0.550135
0.413000	0.424116
0.413000	0.314071
0.413000	0.212386
0.413000	0.142910
0.413000	0.027205
0.413000	-0.038014
0.413000	-0.040334
0.413000	-0.112327
0.413000	-0.201149
0.413000	-0.287019
0.413000	-0.303936
0.413000	-0.369032
0.413000	-0.494596
0.413000	-0.556868
0.413000	-0.519852
0.413000	-0.604425
0.413000	-0.564958
0.413000	-0.541264
0.413000	-0.644266
0.413000	-0.704909
0.413000	-0.742300
0.413000	-0.795531
0.413000	-0.802401
0.413000	-0.828765
0.413000	-0.874210
0.413000	-0.912232
0.413000	-0.893927
0.413000	-0.670136
0.413000	-0.408808
0.413000	0.041377
0.413000	0.506375
0.413000	0.535593
0.413000	0.499862
0.413000	0.492241
0.413000	0.498296
0.413000	0.507582
0.413000	0.518860
0.413000	0.683281
0.413000	0.783023
0.413000	0.539673
0.413000	0.259872
0.413000	0.331421
0.413000	0.415099
0.413000	0.378433
0.413000	0.373791
0.413000	0.422597
0.413000	0.432509
0.413000	0.351927
0.413000	0.085453
0.413000	0.211921
0.413000	0.305252
0.413000	0.340933
0.413000	0.407029
0.413000	0.526556
0.413000	0.519090
0.413000	0.493269
0.413000	0.492213
0.413000	0.509655
0.413000	0.523129
0.413000	0.601438
0.413000	0.797761
0.413000	0.678218
0.413000	0.661016
0.413000	0.666603
0.413000	0.705175
0.413000	0.674371
0.413000	0.644341
0.413000	0.657167
0.413000	0.664886
0.413000	0.672129
0.413000	0.692773
0.413000	0.742511
0.413000	0.699255
0.413000	0.696601
0.413000	0.695340
0.413000	0.689008
0.413000	0.716690
0.413000	0.693989
0.413000	0.568609
0.413000	0.687525
0.413000	0.650604
0.413000	0.669170
0.413000	0.596992
0.413000	0.608262
0.413000	0.716974
0.413000	0.514585
0.413000	0.564524
0.413000	0.541895
0.413000	0.356532
0.413000	0.157460
0.413000	-0.052379
0.413000	-0.057009
0.413000	-0.088511
0.413000	0.055870
0.413000	0.128176
0.413000	0.157946
