0.690000	0.595552
0.690000	0.586630
0.690000	0.565045
0.690000	0.549075
0.690000	0.789235
0.690000	0.814939
0.690000	0.645441
0.690000	0.451253
0.690000	0.430962
0.690000	1.274518
0.690000	1.161942
0.690000	1.005114
0.690000	0.818745
0.690000	0.638948
0.690000	0.533069
0.690000	0.404307
0.690000	0.353503
0.690000	0.518460
0.690000	0.698419
0.690000	0.702737
0.690000	0.697641
0.690000	0.737490
0.690000	0.791660
0.690000	0.758356
0.690000	0.750475
0.690000	0.743713
0.690000	0.745435
0.690000	0.740524
0.690000	0.739942
0.690000	0.732867
0.690000	0.726382
0.690000	0.714483
0.690000	0.726738
0.690000	0.750405
0.690000	0.705598
0.690000	0.691285
0.690000	0.679633
0.690000	0.671663
0.690000	0.667063
0.690000	0.669041
0.690000	0.670298
0.690000	0.666785
0.690000	0.663942
0.690000	0.664474
0.690000	0.662421
0.690000	0.662314
0.690000	0.661925
0.690000	0.661587
0.690000	0.665123
0.690000	0.637972
0.690000	0.668462
0.690000	0.679159
0.690000	0.683076
0.690000	0.679717
0.690000	0.668906
0.690000	0.647461
0.690000	0.662410
0.690000	0.675668
0.690000	0.692833
0.690000	0.695324
0.690000	0.699997
0.690000	0.722901
0.690000	0.744410
0.690000	0.757940
0.690000	0.740696
0.690000	0.751471
0.690000	0.760436
0.690000	0.765404
0.690000	0.772179
0.690000	0.777854
0.690000	0.779436
0.690000	0.786340
0.690000	0.786099
0.690000	0.786599
0.690000	0.810814
0.690000	0.764638
0.690000	0.773170
0.690000	0.787459
0.690000	0.789393
0.690000	0.789151
0.690000	0.793977
0.690000	0.790899
0.690000	0.790779
0.690000	0.793514
0.690000	0.794173
0.690000	0.783157
0.570000	0.660956
0.364000	0.458764
0.178000	0.267306
-0.028000	0.041527
-0.237000	-0.147550
-0.367000	-0.232366
-0.423000	-0.250013
-0.476000	-0.402774
-0.552000	-0.513545
-0.608000	-0.541275
-0.661000	-0.533961
-0.694000	-0.536945
-0.705000	-0.482813
-0.685000	-0.446582
-0.673000	-0.433674
-0.685000	-0.472056
-0.694000	-0.588917
-0.738000	-0.695323
-0.794000	-0.630825
-0.803000	-0.524694
-0.814000	-0.575346
-0.847000	-0.741886
-0.903000	-0.941960
-0.967000	-1.017134
-1.020000	-1.052665
-1.065000	-1.098402
-1.121000	-1.161680
-1.174000	-1.207870
-1.218000	-1.252297
-1.262000	-1.311849
-1.315000	-1.355300
-1.371000	-1.384418
-1.415000	-1.413367
-1.436000	-1.184210
-1.350000	-0.952405
-1.174000	-0.835187
-1.088000	-0.763366
-1.088000	-0.813025
-1.109000	-0.871296
-1.141000	-0.958422
-1.174000	-1.021014
-1.218000	-1.065099
-1.250000	-1.106229
-1.283000	-1.164464
-1.306000	-1.178148
-1.339000	-1.208847
-1.371000	-1.257625
-1.731000	-1.418751
-1.709000	-1.416981
-1.698000	-1.406619
-1.436000	-0.836514
-1.284000	-0.803808
-1.284000	-0.897319
-1.327000	-0.996646
-1.353000	-1.045248
-1.262000	-0.760851
-0.149000	0.022855
0.047000	0.192447
0.058000	0.217726
0.036000	0.210814
0.003000	0.187467
-0.018000	0.170702
-0.040000	0.158292
-0.018000	0.196582
0.505000	0.577103
0.516000	0.593066
0.516000	0.594418
0.505000	0.612203
0.527000	0.664142
0.527000	0.509085
0.527000	0.481087
0.527000	0.461453
0.527000	0.489132
0.516000	0.476720
0.516000	0.477564
0.516000	0.470168
0.516000	0.471294
0.516000	0.468065
0.516000	0.468057
0.516000	0.503795
0.527000	0.527921
0.538000	0.550046
0.549000	0.568009
0.549000	0.581546
0.549000	0.595468
0.560000	0.585984
0.570000	0.598350
0.581000	0.616134
0.581000	0.626968
0.581000	0.628961
0.581000	0.634155
0.581000	0.636048
0.592000	0.658472
0.614000	0.669938
0.614000	0.656274
0.625000	0.673010
0.614000	0.680633
0.614000	0.691954
0.614000	0.703772
0.614000	0.705084
0.603000	0.697133
0.614000	0.652714
0.614000	0.595462
0.494000	0.449007
0.167000	0.233309
-0.008000	0.084947
-0.237000	-0.185635
-0.477000	-0.517694
-0.618000	-0.666817
-0.716000	-0.748588
-0.804000	-0.741940
-0.804000	-0.397548
-0.313000	0.037081
-0.029000	0.299417
0.102000	0.362230
0.200000	0.288605
0.221000	0.273593
0.211000	0.295363
0.178000	0.288315
0.134000	0.253493
0.091000	0.223358
0.036000	0.175782
-0.018000	0.132267
-0.040000	0.108548
-0.095000	0.057525
-0.160000	-0.013388
-0.237000	-0.039810
-0.346000	-0.242540
-0.477000	-0.497008
-0.586000	-0.535532
-0.662000	-0.586019
-0.749000	-0.695942
-0.869000	-0.815493
-0.913000	-0.620955
-0.804000	-0.480786
-0.738000	-0.575783
-0.793000	-0.724274
-0.858000	-0.800671
-0.858000	-0.505318
-0.487000	-0.137787
0.134000	0.319254
0.516000	0.411509
0.527000	0.373991
0.516000	0.365115
0.516000	0.379123
0.549000	0.332259
0.527000	0.264912
0.516000	0.271202
0.516000	0.268700
0.538000	0.458913
0.538000	0.474303
0.527000	0.400295
0.505000	0.638257
0.505000	0.595453
0.494000	0.603072
0.494000	0.646441
0.505000	0.573368
0.505000	0.528880
0.516000	0.529810
0.527000	0.545645
0.527000	0.514583
0.549000	0.509971
0.560000	0.515527
0.549000	0.505117
0.560000	0.505653
0.570000	0.502312
0.570000	0.511493
0.592000	0.666964
0.625000	0.880725
0.614000	0.845094
0.603000	0.628404
0.581000	0.396836
0.570000	0.391911
0.560000	0.309770
0.549000	0.283291
0.538000	0.288487
0.538000	0.463705
0.527000	0.567019
0.549000	0.686103
0.560000	0.511472
0.560000	0.492627
0.549000	0.517391
0.560000	0.602937
0.570000	0.581708
0.570000	0.592322
0.570000	0.739157
0.570000	0.572876
0.570000	0.561688
0.570000	0.564616
0.570000	0.699976
0.581000	0.563394
0.581000	0.569010
0.592000	0.551220
0.614000	0.553301
0.603000	0.565336
0.603000	0.728177
0.592000	0.587653
0.603000	0.613084
0.603000	0.597367
0.614000	0.583684
0.625000	0.586906
0.625000	0.588683
0.625000	0.554136
0.658000	0.543806
0.669000	0.401539
0.647000	0.270106
0.647000	0.489000
0.636000	0.671357
0.636000	0.724345
0.636000	0.687796
0.625000	0.659850
0.625000	0.671783
0.625000	0.623385
0.625000	0.615785
0.625000	0.608564
0.625000	0.611180
0.614000	0.580510
0.614000	0.579421
0.614000	0.574016
0.603000	0.713659
0.603000	0.559620
0.603000	0.554983
0.592000	0.537060
0.581000	0.534850
0.581000	0.531145
0.614000	0.500596
0.614000	0.534191
0.614000	0.573448
0.614000	0.567716
0.614000	0.517125
0.614000	0.576026
0.647000	0.578530
0.647000	0.572222
0.669000	0.670976
0.690000	0.859608
0.690000	0.906841
0.690000	0.805392
0.680000	0.627480
0.658000	0.407947
0.647000	0.311037
0.647000	0.381791
0.647000	0.378333
0.647000	0.392713
0.636000	0.567788
0.636000	0.606087
0.625000	0.561241
0.636000	0.577328
0.636000	0.599776
0.625000	0.590561
0.625000	0.585416
0.614000	0.599769
0.625000	0.633006
0.658000	0.576799
0.680000	0.453302
0.658000	0.446668
0.658000	0.547096
0.647000	0.541466
0.636000	0.538607
0.636000	0.588018
0.647000	0.695071
0.636000	0.722581
0.658000	0.685023
0.647000	0.709135
0.636000	0.717020
0.647000	0.719884
0.647000	0.695398
0.669000	0.578759
0.669000	0.652853
0.647000	0.494190
0.636000	0.439866
0.625000	0.486524
0.625000	0.492717
0.625000	0.592001
0.625000	0.646260
0.625000	0.653002
0.614000	0.640235
0.625000	0.643379
0.625000	0.604183
0.625000	0.615848
0.625000	0.637136
0.690000	0.668471
0.680000	0.600663
0.669000	0.571198
0.647000	0.495743
0.669000	0.854321
0.690000	1.067541
0.690000	0.903119
0.690000	0.868534
0.690000	0.682093
0.680000	0.580290
0.680000	0.562885
0.669000	0.714353
0.658000	0.653550
0.669000	0.633419
0.669000	0.633453
0.669000	0.703600
0.669000	0.703011
0.658000	0.690613
0.658000	0.699478
0.658000	0.715636
0.647000	0.691177
0.647000	0.703178
0.647000	0.719201
0.647000	0.705470
0.647000	0.680756
0.647000	0.646994
0.647000	0.660243
0.647000	0.634869
0.647000	0.630486
0.647000	0.633464
0.647000	0.634357
0.690000	0.633943
0.669000	0.597578
0.669000	0.548306
0.669000	0.522775
0.669000	0.503297
0.669000	0.511373
0.669000	0.488212
0.669000	0.491007
0.669000	0.484815
0.669000	0.489306
0.680000	0.523418
0.669000	0.503008
0.669000	0.480394
0.669000	0.476511
0.680000	0.473665
0.669000	0.452678
0.680000	0.461358
0.680000	0.456725
0.690000	0.470269
0.690000	0.500682
0.680000	0.457822
0.680000	0.436995
0.669000	0.441146
0.680000	0.460442
0.680000	0.453939
0.680000	0.459762
0.680000	0.462943
0.680000	0.478626
0.680000	0.521795
0.680000	0.630118
0.680000	0.652722
0.669000	0.710676
0.680000	0.708568
0.680000	0.707288
0.669000	0.840772
0.669000	0.680443
0.669000	0.697023
0.680000	0.716250
0.669000	0.724934
0.669000	0.709805
0.669000	0.706878
0.680000	0.721945
0.680000	0.729164
0.680000	0.716159
0.669000	0.703092
0.680000	0.710822
0.669000	0.714965
0.669000	0.740144
0.680000	0.747803
0.680000	0.750749
0.690000	0.755244
0.690000	0.751185
0.690000	0.750988
0.690000	0.756127
0.690000	0.757038
0.690000	0.739925
0.690000	0.732925
0.690000	0.726116
0.690000	0.712464
0.690000	0.680011
0.690000	0.682098
0.690000	0.660875
0.690000	0.752711
0.690000	0.761827
0.690000	0.749583
0.690000	0.731634
0.690000	0.640128
0.243000	0.315399
0.014000	0.118828
-0.204000	-0.076132
-0.313000	-0.168027
0.363000	0.476627
0.363000	0.467004
0.374000	0.477278
0.374000	0.476582
0.385000	0.480208
0.385000	0.491514
0.341000	0.447929
0.331000	0.434744
0.254000	0.375163
0.058000	0.195091
-0.062000	0.110772
-0.149000	0.035539
-0.226000	-0.068181
-0.313000	-0.189339
-0.389000	-0.282920
-0.477000	-0.391721
-0.553000	-0.488855
-0.629000	-0.582710
-0.695000	-0.653891
-0.760000	-0.731568
-0.826000	-0.822786
-0.902000	-0.935111
-0.989000	-1.150417
-1.076000	-1.251961
-1.164000	-1.312230
-1.251000	-1.341098
-1.316000	-1.300723
-1.353000	-1.225212
-1.567000	-1.378805
-1.578000	-1.389533
-1.611000	-1.444294
-1.654000	-1.458794
-1.676000	-1.444893
-1.687000	-1.356938
-1.709000	-1.385094
-1.742000	-1.410474
-1.753000	-1.408150
-2.145000	-1.870005
-2.145000	-2.038463
-2.145000	-2.108367
-2.145000	-2.099407
-2.156000	-2.127305
-2.167000	-2.146856
-2.167000	-2.131551
-2.189000	-2.153809
-2.189000	-2.171568
-2.189000	-2.183749
-2.189000	-2.207430
-2.189000	-2.232352
-2.200000	-2.242733
-2.211000	-2.257811
-2.211000	-2.278916
-2.200000	-2.274727
-2.200000	-2.288224
-2.200000	-2.300854
-2.200000	-2.313869
-2.211000	-2.155698
-2.222000	-2.169767
-2.189000	-2.256248
-2.189000	-2.337979
-2.200000	-2.379425
-2.200000	-2.391790
-2.200000	-2.378888
-2.200000	-2.379656
-2.200000	-2.397012
-2.200000	-2.390249
-2.211000	-2.383620
-2.222000	-2.355893
-2.222000	-2.387727
-2.211000	-2.394575
-2.211000	-2.413846
-2.211000	-2.413400
-2.222000	-2.369174
-2.222000	-2.415730
-2.222000	-2.440615
-2.222000	-2.451711
-2.222000	-2.446549
-2.222000	-2.472980
-2.222000	-2.468632
-2.233000	-2.396400
-2.233000	-2.343997
-2.243000	-2.264302
-2.254000	-2.258276
-2.200000	-2.212309
-2.113000	-2.116895
-2.047000	-2.057811
-2.025000	-2.034005
-2.014000	-2.037734
-1.305000	-1.120990
-0.269000	-0.189401
-0.248000	-0.345345
-0.291000	-0.374396
-0.335000	-0.532723
-0.400000	-0.532581
-0.477000	-0.635525
-0.542000	-0.736537
-0.597000	-0.542652
-0.466000	-0.177636
-0.367000	-0.126130
-0.248000	-0.060741
-0.182000	-0.028589
-0.171000	-0.020772
-0.182000	-0.007927
-0.193000	-0.016375
-0.204000	-0.015604
-0.226000	-0.050375
-0.258000	-0.038785
-0.248000	-0.083915
-0.095000	-0.082442
0.003000	0.050569
0.025000	0.086086
0.025000	0.074701
0.385000	0.295077
0.690000	0.548525
0.690000	0.538094
0.690000	0.560326
0.690000	0.573643
0.690000	0.605042
0.690000	0.656605
0.690000	0.656558
0.690000	0.676952
0.690000	0.674396
0.690000	0.606342
0.690000	0.535301
0.690000	0.536654
0.690000	0.511794
0.690000	0.634366
0.690000	0.608974
0.690000	0.604846
0.690000	0.615649
0.690000	0.636135
0.690000	0.636667
0.690000	0.624101
0.690000	0.545367
0.690000	0.398425
0.690000	0.395228
0.690000	0.293946
0.309000	-0.055772
-0.029000	-0.401394
-0.422000	-0.769293
-0.640000	-0.953493
-0.760000	-1.126510
-1.000000	-1.276732
-1.109000	-1.351286
-1.229000	-1.432928
-1.327000	-1.496663
-1.404000	-1.571043
-1.469000	-1.616480
-1.513000	-1.634307
-1.556000	-1.332864
-1.578000	-1.307200
-1.578000	-1.309873
-1.567000	-1.402677
-1.556000	-1.299293
-1.425000	-1.020060
-0.727000	-0.404264
-0.128000	-0.013153
0.396000	0.351809
0.527000	0.473981
0.538000	0.471228
0.538000	0.407021
0.549000	0.521525
0.592000	0.642761
0.625000	0.588501
0.647000	0.616232
0.669000	0.632093
0.680000	0.637747
0.690000	0.684824
0.690000	0.672386
0.690000	0.662707
0.690000	0.662484
0.690000	0.661280
0.690000	0.655630
0.690000	0.644000
0.690000	0.666127
0.690000	0.675451
0.690000	0.668649
0.690000	0.682406
0.690000	0.684687
0.690000	0.677573
0.690000	0.671753
0.690000	0.686111
0.690000	0.651036
0.690000	0.657710
0.690000	0.653251
0.690000	0.665984
0.690000	0.656754
0.690000	0.647799
0.690000	0.647981
0.690000	0.651368
0.690000	0.643634
0.690000	0.637866
0.690000	0.659256
0.690000	0.661013
0.690000	0.654034
0.690000	0.645960
0.690000	0.641115
0.690000	0.640313
0.690000	0.641368
0.690000	0.637267
0.690000	0.633243
0.690000	0.624557
0.690000	0.590252
0.690000	0.546125
0.690000	0.576230
0.690000	0.613117
0.690000	0.627392
0.690000	0.628575
0.690000	0.632207
0.690000	0.632843
0.690000	0.633578
0.690000	0.642689
0.690000	0.660886
0.690000	0.663783
0.690000	0.680753
0.690000	0.675818
0.690000	0.630856
0.690000	0.542095
0.461000	0.282926
0.145000	-0.023199
-0.171000	-0.206889
-0.346000	-0.396163
-0.477000	-0.593069
-0.575000	-0.666656
-0.586000	-0.549344
-0.531000	-0.503300
-0.531000	-0.518522
-0.531000	-0.502578
-0.477000	-0.465101
-0.477000	-0.509768
-0.498000	-0.553960
-0.509000	-0.577831
-0.564000	-0.675985
-0.629000	-0.815977
-0.695000	-0.922946
-0.771000	-1.008301
-0.836000	-1.109800
-0.924000	-1.295130
-1.022000	-1.369281
-1.109000	-1.410374
-1.175000	-1.405368
-1.251000	-1.453276
-1.327000	-1.519754
-1.382000	-1.552383
-1.436000	-1.593181
-1.480000	-1.625664
-1.524000	-1.657347
-1.556000	-1.678811
-1.578000	-1.695570
-1.542000	-1.618791
-1.542000	-1.568335
-1.622000	-1.643118
-1.633000	-1.672756
-1.633000	-1.498322
-1.622000	-1.552085
-1.622000	-1.573038
-1.611000	-1.558597
-1.611000	-1.568950
-1.611000	-1.576979
-1.611000	-1.602073
-1.633000	-1.643775
-1.633000	-1.656350
-1.644000	-1.678262
-1.665000	-1.715265
-1.676000	-1.743518
-1.698000	-1.768692
-1.709000	-1.789275
-1.622000	-1.266411
-0.302000	-0.305045
-0.095000	-0.036037
-0.018000	-0.018521
0.014000	0.019752
0.025000	0.037223
0.025000	0.032520
0.014000	0.003334
0.003000	-0.008352
-0.008000	-0.003885
-0.008000	0.051122
-0.018000	0.004751
-0.008000	0.080717
0.014000	0.078539
0.014000	0.052283
0.003000	0.017953
-0.008000	0.025989
-0.018000	-0.017976
-0.040000	-0.021439
-0.062000	-0.052469
-0.073000	-0.060489
-0.095000	-0.076270
-0.128000	-0.095120
-0.149000	-0.107907
-0.182000	-0.129270
-0.226000	-0.175848
-0.258000	-0.167230
-0.313000	-0.281186
-0.400000	-0.426057
-0.498000	-0.606687
-0.597000	-0.805025
-0.695000	-0.958986
-0.782000	-1.028811
-0.858000	-1.087785
-0.924000	-1.140937
-0.978000	-1.181110
-1.033000	-1.227015
-1.087000	-1.241431
-1.153000	-1.276944
-1.218000	-1.338465
-1.262000	-1.378446
-1.305000	-1.425080
-1.316000	-1.379270
-1.338000	-1.418124
-1.382000	-1.472799
-1.425000	-1.522724
-1.458000	-1.548274
-1.502000	-1.581737
-1.513000	-1.578885
-1.545000	-1.590702
-1.567000	-1.591084
-1.589000	-1.632742
-1.589000	-1.602322
-1.578000	-1.475890
-1.578000	-1.485668
-1.578000	-1.524073
-1.589000	-1.567661
-1.542000	-1.571802
-1.622000	-1.687834
-1.644000	-1.735378
-1.644000	-1.707350
-1.633000	-1.685478
-1.654000	-1.666635
-1.665000	-1.652995
-1.676000	-1.625962
-1.687000	-1.659617
-1.720000	-1.696145
-1.731000	-1.720653
-1.764000	-1.721188
-1.774000	-1.689367
-1.796000	-1.722041
-1.807000	-1.819732
-1.818000	-1.848133
-1.829000	-1.877668
-1.840000	-1.869844
-1.840000	-1.906552
-1.851000	-1.965651
-1.862000	-2.092946
-1.862000	-2.131487
-1.873000	-2.151759
-1.873000	-2.163123
-1.884000	-2.194110
-1.905000	-2.158214
-1.916000	-2.130271
-1.927000	-2.125962
-1.949000	-2.106887
-1.960000	-2.082185
-1.971000	-2.054718
-1.971000	-2.057264
-1.982000	-2.071686
-1.993000	-2.074060
-2.003000	-2.075056
-2.014000	-2.025027
-2.014000	-2.021693
-2.025000	-1.984003
-2.025000	-1.981821
-2.036000	-1.967223
-2.036000	-1.968940
-2.047000	-1.946100
-2.058000	-1.940812
-2.058000	-1.982576
-2.069000	-1.994076
-2.069000	-2.011630
-2.069000	-2.012453
-2.080000	-1.994425
-2.080000	-1.982429
-2.091000	-1.970228
-2.091000	-1.973925
-2.091000	-1.980382
-2.102000	-1.975524
-2.102000	-1.993085
-2.113000	-2.018300
-2.113000	-2.012371
-2.123000	-2.006294
-2.113000	-1.999648
-2.123000	-2.010707
-2.134000	-2.039053
-2.134000	-2.009878
-1.785000	-1.595032
-1.502000	-1.391917
-1.545000	-1.398842
-1.578000	-1.438687
-1.611000	-1.430611
-1.644000	-1.389906
-1.676000	-1.429048
-1.698000	-1.458731
-1.720000	-1.487076
-1.742000	-1.519887
-1.753000	-1.501484
-1.764000	-1.538427
-1.796000	-1.579587
-1.807000	-1.602997
-1.829000	-1.626305
-1.851000	-1.648952
-1.873000	-1.666303
-1.884000	-1.669671
-1.905000	-1.696367
-1.916000	-1.714368
-1.938000	-1.739075
-1.949000	-1.752939
-1.960000	-1.750116
-1.960000	-1.764478
-1.971000	-1.781605
-1.982000	-1.793770
-2.003000	-1.804100
-2.003000	-1.809259
-2.014000	-1.826184
-2.025000	-1.852960
-2.036000	-1.884956
-2.036000	-1.903897
-2.036000	-1.910347
-2.047000	-1.951715
-2.058000	-2.029004
-2.058000	-2.115461
-2.069000	-2.156833
-2.080000	-2.129828
-1.305000	-1.028449
-1.447000	-1.225706
-1.535000	-1.467853
-1.578000	-1.541183
-1.611000	-1.609145
-1.654000	-1.679082
-1.676000	-1.733605
-1.698000	-1.765639
-1.720000	-1.819633
-1.753000	-1.921196
-1.774000	-1.952486
-1.796000	-1.894453
-1.818000	-1.920600
-1.829000	-1.843100
0.265000	0.138352
0.690000	0.514354
0.690000	0.546798
0.690000	0.522543
0.690000	0.530230
0.690000	0.535984
0.690000	0.551681
0.690000	0.527838
0.690000	0.520147
0.690000	0.522842
0.690000	0.530818
0.690000	0.542658
0.690000	0.547039
0.690000	0.546067
0.690000	0.549700
0.690000	0.552850
0.690000	0.554517
0.690000	0.556065
0.690000	0.554110
0.690000	0.563099
0.690000	0.582013
0.690000	0.562586
0.690000	0.508137
0.690000	0.429213
0.690000	0.343547
0.690000	0.338391
0.690000	0.516185
0.690000	0.369366
0.690000	0.500823
0.690000	0.567154
0.690000	0.549477
0.690000	0.807584
0.690000	0.862806
0.690000	0.841416
0.690000	0.716907
0.690000	0.798618
0.690000	0.814094
0.690000	0.823610
0.690000	0.827886
0.690000	0.783124
0.690000	0.739839
0.690000	0.734676
0.690000	0.717153
0.690000	0.710435
0.690000	0.711854
0.690000	0.662501
0.690000	0.733128
0.690000	0.708974
0.690000	0.710190
0.690000	0.586763
0.690000	0.448163
0.690000	0.498906
0.690000	0.584258
0.690000	0.544053
0.690000	0.587588
0.690000	0.690213
0.690000	0.669728
0.690000	0.701740
0.690000	0.666783
0.690000	0.694013
0.690000	0.703936
0.690000	0.703939
0.690000	0.738985
0.690000	0.773725
0.690000	0.753516
0.690000	0.740353
0.690000	0.753051
0.690000	0.754623
0.690000	0.687763
0.690000	0.626935
0.690000	0.655740
0.690000	0.634662
0.690000	0.626730
0.690000	0.693562
0.690000	0.506236
0.690000	0.505537
0.690000	0.634528
0.690000	0.631510
0.690000	0.638860
0.690000	0.663728
0.690000	0.674870
0.690000	0.703253
0.690000	0.696232
0.690000	0.684413
0.690000	0.681932
0.690000	0.713452
0.690000	0.704604
0.690000	0.694351
0.690000	0.679680
0.690000	0.677656
0.690000	0.686582
0.690000	0.692096
0.690000	0.694263
0.690000	0.693699
0.690000	0.699971
0.690000	0.710395
0.690000	0.690362
0.690000	0.687254
0.690000	0.690919
0.690000	0.696538
0.690000	0.704398
0.690000	0.691262
0.690000	0.654043
0.690000	0.662829
0.690000	0.663575
0.690000	0.663471
0.690000	0.657838
0.690000	0.631791
0.690000	0.725030
0.690000	0.719052
0.690000	0.653846
0.690000	0.663085
0.690000	0.649442
0.690000	0.633467
0.690000	0.610962
0.690000	0.666796
0.690000	0.781765
0.690000	0.724231
0.690000	0.577790
0.690000	0.623878
0.690000	0.680851
0.690000	0.631947
0.690000	0.755529
0.690000	0.645528
0.690000	0.655671
0.690000	0.675681
0.690000	0.692217
0.690000	0.693937
0.690000	0.698654
0.690000	0.696859
0.690000	0.691217
0.690000	0.700409
0.690000	0.700774
0.690000	0.701623
0.690000	0.706907
0.690000	0.704109
0.690000	0.708948
0.690000	0.746715
0.690000	0.778234
0.690000	0.763449
0.690000	0.905681
0.690000	0.788951
0.690000	0.775860
0.690000	0.758524
0.690000	0.800557
0.690000	0.786218
0.690000	0.776896
0.690000	0.735101
0.690000	0.755376
0.690000	0.753955
0.690000	0.757370
0.690000	0.780769
0.690000	0.820706
0.690000	0.787569
0.690000	0.770453
0.690000	0.765746
0.690000	0.771011
0.690000	0.764848
0.690000	0.762733
0.690000	0.771829
0.690000	0.765719
0.690000	0.764489
0.690000	0.761459
0.690000	0.766278
0.690000	0.768990
0.690000	0.784112
0.690000	0.774479
0.690000	0.775076
0.690000	0.757515
0.690000	0.760651
0.690000	0.758978
0.690000	0.752566
0.690000	0.749842
0.690000	0.751214
0.690000	0.757528
0.690000	0.719200
0.690000	0.661593
0.690000	0.675175
0.690000	0.689755
0.690000	0.694418
0.690000	0.721447
0.690000	0.760811
0.690000	0.746703
0.690000	0.738204
0.690000	0.706687
0.690000	0.676569
0.690000	0.658305
0.690000	0.639592
0.690000	0.667471
0.690000	0.674057
0.690000	0.693724
0.690000	0.697551
0.690000	0.703275
0.690000	0.701088
0.690000	0.703300
0.690000	0.868302
0.690000	0.764656
0.690000	0.758696
0.690000	0.778646
0.690000	0.755464
0.690000	0.759816
0.690000	0.774911
0.690000	0.747055
0.690000	0.746990
0.690000	0.742817
0.690000	0.740839
0.690000	0.736610
0.690000	0.725202
0.690000	0.724947
0.690000	0.691447
0.690000	0.642616
0.690000	0.649541
0.690000	0.682181
0.690000	0.710909
0.690000	0.710886
0.690000	0.681517
0.690000	0.669203
0.690000	0.656497
0.690000	0.685810
0.690000	0.701827
0.690000	0.714099
0.690000	0.726570
0.690000	0.727407
0.690000	0.728388
0.690000	0.736560
0.690000	0.736106
0.690000	0.724181
0.690000	0.732299
0.690000	0.724631
0.690000	0.720944
0.690000	0.728680
0.690000	0.734068
0.690000	0.729109
0.690000	0.707128
0.690000	0.682339
0.690000	0.692231
0.690000	0.699459
0.690000	0.705612
0.690000	0.710574
0.690000	0.718667
0.690000	0.728850
0.690000	0.714946
0.690000	0.701451
0.690000	0.693984
0.690000	0.658296
0.690000	0.640053
0.690000	0.590151
0.690000	0.537934
0.690000	0.538921
0.690000	0.512603
0.690000	0.444799
0.690000	0.464844
0.690000	0.537851
0.363000	0.112925
0.200000	0.050214
0.451000	0.402046
0.625000	0.625596
0.658000	0.689884
0.680000	0.675026
0.690000	0.668923
0.690000	0.685258
0.690000	0.661459
0.690000	0.667523
0.690000	0.634721
0.690000	0.704097
0.690000	0.754259
0.690000	0.720975
0.690000	0.695979
0.690000	0.696792
0.690000	0.693582
0.690000	0.714443
0.690000	0.700523
0.690000	0.676820
0.690000	0.666006
0.690000	0.644393
0.690000	0.655451
0.690000	0.697935
0.690000	0.724297
0.690000	0.712957
0.690000	0.713989
0.690000	0.687705
0.690000	0.675873
0.690000	0.643065
0.690000	0.707714
0.690000	0.724974
0.690000	0.721897
0.690000	0.663681
0.690000	0.690647
0.690000	0.613913
0.690000	0.640651
0.690000	0.656268
0.690000	0.611300
0.690000	0.604364
0.690000	0.654009
0.690000	0.724510
0.690000	0.715562
0.690000	0.698616
0.690000	0.715096
0.690000	0.715423
0.690000	0.780169
0.690000	0.786921
0.690000	0.763866
0.690000	0.725179
0.690000	0.729176
0.690000	0.739010
0.690000	0.711301
0.690000	0.675702
0.690000	0.662122
0.690000	0.716649
0.690000	0.785099
0.690000	0.786954
0.690000	0.786118
0.690000	0.765264
0.690000	0.757742
0.690000	0.708983
0.690000	0.690900
0.690000	0.701487
0.690000	0.692550
0.690000	0.626343
0.690000	0.469614
0.690000	0.542200
0.690000	0.579832
0.690000	0.561356
0.690000	0.570989
0.690000	0.637883
0.690000	0.629757
0.690000	0.601544
0.690000	0.583039
0.690000	0.572777
0.690000	0.542361
0.690000	0.571447
0.690000	0.767385
0.690000	0.678986
0.690000	0.662418
0.690000	0.665257
0.690000	0.701965
0.690000	0.678636
0.690000	0.652249
0.690000	0.659551
0.680000	0.651031
0.614000	0.593380
0.549000	0.558144
0.516000	0.565842
0.560000	0.580911
0.570000	0.579677
0.560000	0.569297
0.516000	0.522726
0.472000	0.499759
0.429000	0.455129
0.385000	0.334214
0.309000	0.358454
0.254000	0.293759
0.178000	0.238843
0.102000	0.137810
0.025000	0.076019
-0.040000	0.091267
-0.117000	0.072523
0.690000	0.482813
0.690000	0.507724
0.690000	0.435265
0.690000	0.250982
0.690000	0.517307
0.690000	0.620726
0.690000	0.641932
0.690000	0.761962
0.690000	0.715112
0.690000	0.684647
