0.577000	0.528304
0.577000	0.526328
0.577000	0.529049
0.577000	0.544073
0.577000	0.579859
0.577000	0.587117
0.577000	0.658811
0.577000	0.724171
0.577000	0.719611
0.577000	0.393611
0.577000	0.414442
0.577000	0.484189
0.577000	0.572015
0.577000	0.657363
0.577000	0.702925
0.577000	0.746406
0.577000	0.792349
0.577000	0.840953
0.564000	0.866457
0.564000	0.792758
0.551000	0.741737
0.538000	0.702826
0.538000	0.640829
0.538000	0.628322
0.525000	0.623910
0.525000	0.623764
0.508000	0.621091
0.508000	0.617355
0.496000	0.613127
0.508000	0.611270
0.508000	0.606165
0.508000	0.602665
0.508000	0.585534
0.508000	0.550408
0.508000	0.541080
0.508000	0.543112
0.508000	0.545148
0.508000	0.544464
0.508000	0.544228
0.508000	0.540899
0.508000	0.537428
0.508000	0.536622
0.496000	0.534028
0.496000	0.532137
0.496000	0.532363
0.483000	0.533612
0.483000	0.534740
0.483000	0.537611
0.470000	0.548370
0.457000	0.589224
0.445000	0.596877
0.432000	0.590181
0.432000	0.575782
0.445000	0.563389
0.445000	0.553339
0.432000	0.559163
0.419000	0.554654
0.419000	0.553099
0.432000	0.563450
0.432000	0.571606
0.432000	0.585554
0.419000	0.600254
0.419000	0.600709
0.419000	0.594814
0.402000	0.603170
0.402000	0.604285
0.402000	0.607462
0.389000	0.609267
0.389000	0.609785
0.376000	0.611508
0.389000	0.614161
0.376000	0.616605
0.376000	0.615371
0.389000	0.616653
0.389000	0.607407
0.389000	0.615042
0.376000	0.617410
0.376000	0.614824
0.376000	0.615799
0.376000	0.617027
0.376000	0.615676
0.389000	0.617106
0.389000	0.618917
0.389000	0.619077
0.376000	0.618041
0.389000	0.619578
0.402000	0.579721
0.419000	0.516029
0.432000	0.462389
0.457000	0.373838
0.470000	0.327641
0.483000	0.369844
0.496000	0.468277
0.508000	0.279568
0.508000	0.171821
0.525000	0.172240
0.538000	0.239942
0.551000	0.297739
0.577000	0.418711
0.577000	0.459034
0.577000	0.467173
0.577000	0.430553
0.577000	0.282279
0.577000	0.149551
0.577000	0.225883
0.577000	0.437217
0.577000	0.409257
0.577000	0.213524
0.577000	0.020594
0.577000	-0.084198
0.577000	-0.094383
0.577000	-0.107349
0.577000	-0.156996
0.551000	-0.216540
0.538000	-0.222950
0.508000	-0.288660
0.432000	-0.341259
0.296000	-0.388420
0.206000	-0.406941
0.125000	-0.022451
0.206000	0.448762
0.313000	0.449171
0.364000	0.448726
0.376000	0.337030
0.364000	0.262115
0.351000	0.147407
0.338000	0.063367
0.313000	-0.002138
0.283000	-0.039386
0.270000	-0.105146
0.244000	-0.147400
0.219000	-0.186692
0.176000	-0.263989
0.137000	-0.268654
0.084000	-0.284893
0.031000	-0.281754
0.004000	-0.259370
-0.022000	-0.258448
-0.075000	-0.303925
-0.129000	-0.350868
-0.195000	-0.381138
-0.262000	-0.427189
-0.328000	-0.485602
-0.435000	-0.560217
-0.501000	-0.601456
-0.568000	-0.628227
-0.621000	-0.679851
-0.701000	-0.739688
-0.781000	-0.818420
-0.847000	-0.887705
-0.914000	-0.951203
-0.980000	-1.005894
-1.047000	-1.054131
-1.087000	-1.107229
-1.140000	-1.163401
-1.206000	-1.225356
-1.259000	-1.285697
-1.313000	-1.353763
-1.366000	-1.408035
-1.379000	-1.334244
-1.379000	-1.342712
-1.366000	-0.955665
-1.299000	-0.745767
-1.259000	-0.555504
-1.193000	-0.448477
-1.180000	-0.476910
-1.180000	-0.577672
-1.180000	-0.620877
-0.847000	0.376168
-0.275000	0.379005
-0.235000	0.214993
-0.262000	0.060453
-0.288000	-0.019346
-0.222000	0.394774
0.284000	0.428393
0.297000	0.471128
0.324000	0.485198
0.324000	0.490762
0.337000	0.492092
0.364000	0.493889
0.337000	0.492892
0.310000	0.497260
0.377000	0.510391
0.404000	0.525715
0.430000	0.539619
0.443000	0.528084
0.483000	0.367616
0.510000	0.353725
0.510000	0.365826
0.510000	0.405155
0.510000	0.376524
0.497000	0.376775
0.483000	0.382413
0.483000	0.388290
0.483000	0.392422
0.470000	0.403441
0.457000	0.432656
0.443000	0.452690
0.457000	0.450067
0.443000	0.446556
0.430000	0.446291
0.417000	0.446053
0.390000	0.448816
0.404000	0.458125
0.404000	0.462985
0.390000	0.458896
0.364000	0.455862
0.350000	0.452969
0.337000	0.453970
0.337000	0.457207
0.337000	0.478747
0.337000	0.501349
0.337000	0.534917
0.324000	0.561273
0.310000	0.574361
0.297000	0.583366
0.284000	0.587577
0.284000	0.593777
0.271000	0.595152
0.271000	0.496026
0.271000	0.388500
0.271000	0.300346
0.271000	0.335326
0.271000	0.272294
0.271000	0.139541
0.257000	-0.088843
0.231000	-0.207205
0.217000	-0.260309
0.164000	-0.109177
0.164000	0.457829
0.297000	0.465774
0.404000	0.418215
0.457000	0.309309
0.510000	0.356588
0.523000	0.438425
0.550000	0.458429
0.577000	0.456515
0.577000	0.454371
0.577000	0.450990
0.577000	0.444058
0.577000	0.435664
0.577000	0.431544
0.577000	0.428424
0.577000	0.437276
0.523000	0.436756
0.470000	0.330835
0.443000	0.055740
0.430000	0.014759
0.417000	0.028482
0.417000	-0.052622
0.404000	-0.074057
0.430000	0.338154
0.470000	0.443041
0.483000	0.204563
0.470000	0.007651
0.457000	-0.052533
0.483000	0.425272
0.577000	0.429306
0.577000	0.364386
0.577000	0.345519
0.577000	0.378247
0.577000	0.412356
0.577000	0.480167
0.577000	0.715667
0.577000	0.740377
0.577000	0.754570
0.577000	0.770615
0.577000	0.760413
0.577000	0.725454
0.577000	0.816603
0.577000	0.830377
0.577000	0.713387
0.577000	0.678319
0.577000	0.597264
0.577000	0.533203
0.577000	0.540973
0.577000	0.543726
0.577000	0.536426
0.577000	0.535434
0.577000	0.554848
0.577000	0.582205
0.577000	0.583373
0.577000	0.599169
0.577000	0.601588
0.577000	0.603314
0.577000	0.554095
0.577000	0.477740
0.577000	0.489325
0.577000	0.599199
0.577000	0.668669
0.577000	0.622063
0.577000	0.645821
0.577000	0.661695
0.577000	0.675750
0.577000	0.715453
0.577000	0.730463
0.577000	0.570870
0.577000	0.564469
0.577000	0.624381
0.577000	0.642039
0.577000	0.623291
0.577000	0.616741
0.577000	0.611918
0.577000	0.599372
0.577000	0.581957
0.577000	0.581210
0.577000	0.571960
0.577000	0.575840
0.577000	0.566283
0.577000	0.552188
0.577000	0.558581
0.577000	0.593108
0.577000	0.589555
0.577000	0.594325
0.577000	0.578920
0.577000	0.554565
0.577000	0.541683
0.577000	0.545906
0.577000	0.552947
0.577000	0.531584
0.577000	0.558695
0.577000	0.590514
0.577000	0.612804
0.577000	0.659737
0.577000	0.716135
0.577000	0.729238
0.577000	0.685029
0.577000	0.610052
0.577000	0.601215
0.577000	0.581636
0.577000	0.564869
0.577000	0.565129
0.577000	0.575739
0.577000	0.554685
0.577000	0.534942
0.577000	0.525204
0.577000	0.523695
0.577000	0.527287
0.577000	0.517134
0.577000	0.516972
0.577000	0.517258
0.577000	0.498190
0.577000	0.496522
0.577000	0.542074
0.577000	0.594267
0.577000	0.556781
0.577000	0.516182
0.577000	0.584834
0.577000	0.577870
0.577000	0.603990
0.577000	0.636452
0.577000	0.465077
0.577000	0.418629
0.577000	0.450026
0.577000	0.515175
0.577000	0.585638
0.577000	0.628855
0.577000	0.646863
0.577000	0.611999
0.577000	0.611381
0.577000	0.631125
0.577000	0.639081
0.577000	0.639509
0.577000	0.635281
0.577000	0.611300
0.577000	0.601449
0.577000	0.575129
0.577000	0.561706
0.577000	0.587124
0.577000	0.576258
0.577000	0.586995
0.577000	0.633779
0.577000	0.634386
0.577000	0.612887
0.577000	0.617122
0.577000	0.633709
0.577000	0.654173
0.577000	0.670136
0.577000	0.675224
0.577000	0.655739
0.577000	0.654590
0.577000	0.660694
0.577000	0.655550
0.577000	0.621260
0.577000	0.601701
0.577000	0.558500
0.577000	0.602120
0.577000	0.622598
0.577000	0.620195
0.577000	0.626141
0.577000	0.636973
0.577000	0.636238
0.577000	0.636383
0.577000	0.639185
0.577000	0.628040
0.577000	0.584611
0.577000	0.574889
0.577000	0.577381
0.577000	0.645603
0.577000	0.657520
0.577000	0.663450
0.577000	0.678305
0.577000	0.548239
0.577000	0.460240
0.577000	0.555203
0.577000	0.576636
0.577000	0.666282
0.577000	0.672957
0.577000	0.679587
0.577000	0.698798
0.577000	0.705916
0.577000	0.705777
0.577000	0.708544
0.577000	0.676400
0.577000	0.680613
0.577000	0.682884
0.577000	0.685316
0.577000	0.673247
0.577000	0.684770
0.577000	0.681516
0.577000	0.672504
0.577000	0.663293
0.577000	0.637928
0.577000	0.618880
0.577000	0.602609
0.577000	0.605241
0.577000	0.597716
0.577000	0.597091
0.577000	0.602172
0.577000	0.640240
0.577000	0.633392
0.577000	0.637995
0.577000	0.643792
0.577000	0.648432
0.577000	0.642201
0.577000	0.657019
0.577000	0.658563
0.577000	0.664509
0.577000	0.667038
0.577000	0.658651
0.577000	0.664928
0.577000	0.670907
0.577000	0.672012
0.577000	0.660400
0.577000	0.644244
0.577000	0.635685
0.577000	0.646862
0.577000	0.630842
0.577000	0.632662
0.577000	0.632226
0.577000	0.634550
0.577000	0.630083
0.577000	0.630284
0.577000	0.621494
0.577000	0.620776
0.577000	0.610659
0.577000	0.602890
0.577000	0.642565
0.577000	0.628466
0.577000	0.679016
0.577000	0.655909
0.577000	0.646745
0.577000	0.637681
0.577000	0.633315
0.577000	0.639738
0.577000	0.642275
0.577000	0.638371
0.577000	0.630513
0.577000	0.621784
0.577000	0.616204
0.577000	0.614318
0.577000	0.610621
0.577000	0.619979
0.577000	0.641820
0.577000	0.631206
0.577000	0.622511
0.577000	0.629804
0.577000	0.636485
0.577000	0.640070
0.577000	0.639929
0.577000	0.638458
0.577000	0.634250
0.577000	0.631451
0.577000	0.625246
0.577000	0.618456
0.577000	0.617153
0.577000	0.616065
0.577000	0.628787
0.577000	0.650116
0.577000	0.659644
0.577000	0.581387
0.577000	0.628631
0.577000	0.623196
0.577000	0.617877
0.577000	0.625521
0.577000	0.501349
0.577000	0.440376
0.577000	0.402818
0.577000	0.344821
0.577000	0.323761
0.577000	0.401949
0.577000	0.394757
0.577000	0.331805
0.577000	0.331550
0.577000	0.403971
0.577000	0.577022
0.577000	0.567951
0.577000	0.569462
0.577000	0.568176
0.577000	0.567314
0.577000	0.563398
0.577000	0.561904
0.577000	0.557551
0.577000	0.553832
0.577000	0.552194
0.577000	0.551994
0.577000	0.551282
0.577000	0.551407
0.577000	0.554636
0.577000	0.555302
0.577000	0.558000
0.577000	0.552773
0.577000	0.544062
0.577000	0.544570
0.577000	0.538557
0.577000	0.487821
0.577000	0.501912
0.577000	0.487582
0.577000	0.405022
0.577000	0.311703
0.577000	0.243171
0.577000	0.170901
0.577000	0.099564
0.577000	0.048726
0.577000	-0.003047
0.577000	-0.049337
0.577000	-0.113186
0.577000	-0.203598
0.577000	-0.377310
0.577000	-0.493961
0.364000	-0.603713
0.071000	-0.710026
-0.155000	-0.783223
-0.248000	-0.688580
-0.262000	-0.659986
-0.288000	-0.676649
-0.328000	-0.702579
-0.368000	-0.739018
-0.435000	-0.796247
-0.501000	-0.837777
-0.661000	-0.990887
-0.834000	-1.083691
-0.953000	-1.107564
-0.980000	-0.920786
-1.047000	-1.091239
-1.126000	-1.212983
-1.193000	-1.280260
-1.259000	-1.334197
-1.313000	-1.380858
-1.366000	-1.422623
-1.419000	-1.469505
-1.472000	-1.521971
-1.526000	-1.584184
-1.579000	-1.613438
-1.632000	-1.606977
-1.685000	-1.655239
-1.738000	-1.720669
-1.805000	-1.793851
-1.898000	-1.865789
-1.951000	-1.646431
-1.965000	-1.474195
-1.978000	-1.445775
-2.005000	-1.588721
-2.031000	-1.708912
-2.071000	-1.803608
-2.111000	-1.895837
-2.151000	-1.991401
-2.204000	-2.047124
-2.257000	-1.917107
-2.297000	-1.977921
-2.337000	-2.107147
-2.377000	-2.155272
-2.417000	-2.171995
-2.457000	-2.207759
-2.497000	-2.276284
-2.537000	-2.301379
-2.577000	-2.172009
-2.590000	-1.925306
-2.603000	-2.181403
-2.616000	-2.333186
-2.643000	-2.422614
-2.656000	-2.488439
-2.683000	-2.554633
-2.696000	-2.577874
-2.723000	-2.607325
-2.750000	-2.665572
-2.776000	-2.648937
-2.803000	-2.644996
-2.816000	-2.716363
-2.829000	-2.694247
-2.843000	-2.731101
-2.856000	-2.789178
-2.869000	-2.800092
-2.869000	-2.848925
-2.883000	-2.901446
-2.896000	-2.928750
-2.896000	-2.529471
-2.869000	-2.429785
-2.883000	-2.640509
-2.896000	-2.818093
-2.896000	-2.904521
-2.896000	-2.949617
-2.909000	-2.914261
-2.909000	-2.926612
-2.909000	-2.991447
-2.909000	-2.976106
-2.909000	-2.929462
-2.896000	-2.843477
-2.909000	-2.997705
-2.922000	-3.049445
-2.922000	-3.115111
-2.936000	-3.136448
-2.922000	-2.452889
-2.922000	-2.443364
-2.922000	-2.665875
-2.922000	-2.803842
-2.922000	-2.911470
-2.922000	-2.934580
-2.922000	-3.062234
-2.922000	-3.136163
-2.936000	-2.974639
-2.922000	-2.803808
-2.909000	-2.390928
-2.896000	-1.892312
-2.883000	-1.981862
-2.883000	-1.985918
-2.883000	-2.038886
-2.883000	-2.025547
-2.883000	-2.121335
-1.659000	-0.383919
0.284000	0.387236
0.297000	0.369931
0.217000	0.362898
0.137000	0.368270
0.124000	0.329290
0.098000	0.228314
0.071000	0.120030
0.058000	0.351021
0.084000	0.421509
0.124000	0.424949
0.244000	0.412376
0.350000	0.424575
0.350000	0.440887
0.350000	0.439104
0.364000	0.436171
0.364000	0.436387
0.337000	0.443913
0.337000	0.436748
0.364000	0.429864
0.537000	0.428758
0.577000	0.415064
0.577000	0.399807
0.577000	0.399088
0.577000	0.395284
0.577000	0.376824
0.577000	0.384192
0.577000	0.396161
0.577000	0.413507
0.577000	0.477608
0.577000	0.588214
0.577000	0.594406
0.577000	0.585024
0.577000	0.581526
0.577000	0.556396
0.577000	0.537744
0.577000	0.576392
0.577000	0.615525
0.577000	0.580676
0.577000	0.597887
0.577000	0.612717
0.563000	0.619273
0.523000	0.623408
0.497000	0.624716
0.497000	0.624566
0.483000	0.593498
0.470000	0.356769
0.470000	0.287091
0.457000	0.145284
0.457000	0.018529
0.417000	-0.170693
0.324000	-0.344207
0.044000	-0.508015
-0.129000	-0.656698
-0.381000	-0.769905
-0.568000	-0.868816
-0.727000	-0.948339
-0.847000	-0.967815
-0.940000	-1.053291
-1.020000	-1.079155
-1.047000	-1.063341
-1.047000	-0.832534
-1.020000	-0.720114
-0.980000	-0.468788
-0.927000	-0.365440
-0.874000	-0.067898
-0.554000	0.238685
0.244000	0.217285
0.417000	0.279484
0.510000	0.258255
0.577000	0.304313
0.577000	0.328523
0.577000	0.448188
0.577000	0.330519
0.577000	0.238993
0.577000	0.306203
0.577000	0.368396
0.577000	0.378741
0.577000	0.381725
0.577000	0.365304
0.577000	0.381076
0.577000	0.397315
0.577000	0.388940
0.577000	0.383597
0.577000	0.384877
0.577000	0.388259
0.577000	0.378187
0.577000	0.366555
0.577000	0.363935
0.577000	0.350207
0.577000	0.345514
0.577000	0.348824
0.577000	0.343288
0.577000	0.343451
0.577000	0.405833
0.577000	0.431617
0.577000	0.420706
0.577000	0.396820
0.577000	0.391769
0.577000	0.391621
0.577000	0.386371
0.577000	0.380193
0.577000	0.381904
0.577000	0.382049
0.577000	0.365586
0.577000	0.360899
0.577000	0.361314
0.577000	0.366250
0.577000	0.366943
0.577000	0.366537
0.577000	0.364690
0.577000	0.363531
0.577000	0.362756
0.577000	0.365958
0.577000	0.386265
0.577000	0.417522
0.577000	0.461253
0.577000	0.503622
0.577000	0.512228
0.577000	0.519600
0.577000	0.523890
0.577000	0.528731
0.577000	0.535580
0.537000	0.540899
0.457000	0.544067
0.430000	0.549482
0.417000	0.541325
0.417000	0.548605
0.404000	0.580946
0.390000	0.430077
0.390000	0.292855
0.377000	0.181866
0.377000	0.279617
0.404000	0.181428
0.404000	0.032355
0.404000	0.047875
0.430000	0.418673
0.470000	0.397166
0.497000	0.356028
0.523000	0.445113
0.550000	0.431899
0.563000	0.325561
0.577000	0.262997
0.577000	0.216963
0.577000	0.101884
0.577000	-0.011934
0.577000	-0.067455
0.577000	-0.131679
0.470000	-0.206714
0.271000	-0.381792
0.031000	-0.501073
-0.169000	-0.578808
-0.275000	-0.578829
-0.381000	-0.657181
-0.514000	-0.734516
-0.608000	-0.782034
-0.687000	-0.810436
-0.767000	-0.835937
-0.834000	-0.867657
-0.887000	-0.894072
-0.927000	-0.904208
-0.953000	-0.819036
-0.940000	-0.689251
-0.953000	-0.796629
-0.967000	-0.843576
-0.927000	-0.402514
-0.900000	-0.468764
-0.900000	-0.530010
-0.900000	-0.569792
-0.900000	-0.565997
-0.900000	-0.580444
-0.914000	-0.638211
-0.940000	-0.710368
-0.953000	-0.754881
-0.967000	-0.807136
-1.007000	-0.881934
-1.047000	-0.925621
-1.073000	-0.942737
-1.100000	-1.027659
-0.887000	0.125406
0.244000	0.467355
0.350000	0.450331
0.417000	0.488063
0.457000	0.492809
0.483000	0.498263
0.510000	0.506700
0.537000	0.519235
0.523000	0.523018
0.497000	0.521970
0.390000	0.504736
0.404000	0.531546
0.443000	0.492729
0.470000	0.496745
0.483000	0.508078
0.497000	0.519088
0.470000	0.514113
0.470000	0.529496
0.470000	0.522431
0.470000	0.531003
0.470000	0.532264
0.470000	0.530161
0.470000	0.521837
0.470000	0.518385
0.470000	0.519766
0.470000	0.523192
0.470000	0.489491
0.470000	0.361018
0.457000	0.208911
0.443000	0.078144
0.364000	-0.040835
0.310000	-0.156715
0.217000	-0.243171
0.124000	-0.300969
0.018000	-0.341647
-0.089000	-0.383973
-0.182000	-0.416985
-0.235000	-0.467843
-0.302000	-0.507691
-0.355000	-0.542347
-0.408000	-0.578965
-0.461000	-0.610913
-0.488000	-0.536377
-0.514000	-0.560484
-0.554000	-0.683736
-0.621000	-0.743857
-0.674000	-0.802948
-0.714000	-0.823473
-0.781000	-0.854804
-0.820000	-0.873419
-0.847000	-0.886835
-0.887000	-0.913556
-0.887000	-0.816225
-0.847000	-0.460290
-0.820000	-0.538045
-0.820000	-0.627553
-0.834000	-0.722378
-0.860000	-0.792324
-0.887000	-0.865339
-0.900000	-0.925252
-0.900000	-0.805504
-0.900000	-0.823221
-0.980000	-1.015906
-1.087000	-1.126876
-1.100000	-1.019971
-1.140000	-1.148443
-1.193000	-1.228938
-1.233000	-1.298203
-1.273000	-1.333921
-1.286000	-1.302115
-1.286000	-1.320115
-1.299000	-1.366077
-1.313000	-1.418595
-1.339000	-1.450079
-1.339000	-1.364160
-1.326000	-1.262767
-1.339000	-1.380910
-1.379000	-1.569912
-1.446000	-1.734242
-1.499000	-1.844083
-1.526000	-1.927816
-1.579000	-2.021098
-1.632000	-2.027058
-1.672000	-2.060192
-1.725000	-2.084539
-1.765000	-2.128465
-1.818000	-2.163796
-1.858000	-2.196035
-1.898000	-2.244873
-1.938000	-2.289126
-1.978000	-2.328461
-2.018000	-2.367289
-2.044000	-2.214092
-2.071000	-1.942771
-2.098000	-1.973996
-2.138000	-2.048261
-2.151000	-2.060712
-2.177000	-2.057885
-2.204000	-2.057227
-2.231000	-1.934303
-2.244000	-2.084047
-2.257000	-2.153565
-2.284000	-2.222048
-2.297000	-2.252843
-2.310000	-2.291321
-2.337000	-2.347270
-2.350000	-2.364974
-2.364000	-2.380715
-2.377000	-2.425905
-2.390000	-2.437586
-2.404000	-2.472401
-2.417000	-2.518764
-2.444000	-2.572001
-2.444000	-2.498011
-2.444000	-2.632418
-2.470000	-2.730938
-2.483000	-2.756868
-2.483000	-2.356761
-2.483000	-1.277140
-2.483000	-1.456968
-2.470000	-1.568819
-2.457000	-1.658976
-2.430000	-1.656252
-2.390000	-1.674042
-2.390000	-1.762818
-2.390000	-1.816680
-2.377000	-1.858464
-2.377000	-1.933329
-2.377000	-1.905349
-2.377000	-1.957245
-2.390000	-2.024839
-2.390000	-2.099793
-2.404000	-2.173710
-2.404000	-2.251304
-2.417000	-2.356181
-2.417000	-2.407690
-2.417000	-2.480031
-2.430000	-2.556840
-2.444000	-2.607970
-2.444000	-2.596270
-2.444000	-2.565230
-2.444000	-2.630688
-2.457000	-2.696091
-2.470000	-2.743133
-2.483000	-2.730739
-2.483000	-2.789893
-2.497000	-2.788021
-2.497000	-2.845588
-2.510000	-2.869380
-2.510000	-2.897914
-2.510000	-2.881236
-2.510000	-2.933685
-2.510000	-2.989729
-2.523000	-3.125201
-2.523000	-3.241654
-2.537000	-3.152479
-2.537000	-0.934050
-2.417000	-1.064650
-2.018000	-1.190686
-1.898000	-1.257889
-1.898000	-1.318424
-1.911000	-1.376247
-1.925000	-1.447920
-1.951000	-1.611759
-1.991000	-1.758431
-2.018000	-1.882952
-2.044000	-1.966369
-2.071000	-2.025736
-2.111000	-2.089954
-2.111000	-1.954142
-0.169000	0.280163
0.244000	0.325848
0.271000	0.328408
0.310000	0.360929
0.337000	0.395044
0.390000	0.413200
0.443000	0.441283
0.510000	0.437253
0.550000	0.457154
0.577000	0.492062
0.577000	0.502866
0.577000	0.502946
0.577000	0.508897
0.577000	0.514877
0.577000	0.519852
0.577000	0.525772
0.577000	0.532142
0.577000	0.534587
0.577000	0.540428
0.510000	0.548159
0.337000	0.547798
0.324000	0.547807
0.310000	0.482843
0.310000	0.348846
0.297000	0.188825
0.297000	0.178142
0.310000	0.553428
0.577000	0.436017
0.577000	0.450831
0.577000	0.390356
0.577000	0.434989
0.577000	0.667203
0.577000	0.653629
0.577000	0.574760
0.577000	0.605228
0.577000	0.655640
0.577000	0.657187
0.577000	0.700929
0.577000	0.719183
0.577000	0.632368
0.577000	0.563972
0.577000	0.537580
0.577000	0.517572
0.577000	0.510462
0.577000	0.492953
0.577000	0.536642
0.577000	0.503215
0.577000	0.489699
0.577000	0.481724
0.577000	0.482069
0.577000	0.508507
0.577000	0.538727
0.577000	0.559265
0.577000	0.567435
0.577000	0.611512
0.577000	0.586687
0.577000	0.590457
0.577000	0.583916
0.563000	0.603430
0.550000	0.610242
0.563000	0.579645
0.563000	0.571064
0.550000	0.582464
0.550000	0.556123
0.550000	0.560044
0.550000	0.560468
0.537000	0.547881
0.537000	0.535426
0.537000	0.467721
0.550000	0.420993
0.537000	0.461282
0.537000	0.438293
0.537000	0.414021
0.537000	0.397674
0.577000	0.492972
0.577000	0.583050
0.563000	0.568686
0.550000	0.500145
0.550000	0.448929
0.550000	0.428126
0.537000	0.410990
0.550000	0.389443
0.537000	0.389170
0.523000	0.388791
0.523000	0.389108
0.537000	0.418755
0.523000	0.432269
0.523000	0.407299
0.510000	0.393655
0.510000	0.385175
0.510000	0.379668
0.510000	0.387642
0.510000	0.373994
0.510000	0.369068
0.510000	0.367625
0.497000	0.361552
0.510000	0.361048
0.497000	0.357807
0.497000	0.375442
0.510000	0.417195
0.497000	0.413125
0.497000	0.435415
0.483000	0.452677
0.483000	0.448040
0.470000	0.447947
0.470000	0.441433
0.470000	0.437254
0.483000	0.433347
0.497000	0.591261
0.510000	0.679030
0.497000	0.629431
0.497000	0.565550
0.510000	0.648682
0.510000	0.632327
0.510000	0.632622
0.523000	0.641010
0.523000	0.601556
0.523000	0.633298
0.497000	0.710954
0.497000	0.656021
0.510000	0.677526
0.497000	0.665474
0.510000	0.653668
0.483000	0.687096
0.483000	0.688290
0.483000	0.675932
0.483000	0.646390
0.470000	0.611508
0.483000	0.583917
0.470000	0.551814
0.470000	0.521318
0.470000	0.500309
0.470000	0.485886
0.470000	0.476317
0.470000	0.465920
0.470000	0.462647
0.470000	0.458575
0.470000	0.464171
0.470000	0.469350
0.483000	0.480013
0.510000	0.584290
0.497000	0.553542
0.497000	0.545319
0.483000	0.526091
0.483000	0.478251
0.483000	0.475271
0.497000	0.499511
0.497000	0.542416
0.483000	0.526011
0.483000	0.517820
0.483000	0.513868
0.483000	0.509123
0.483000	0.500367
0.497000	0.513004
0.497000	0.516315
0.497000	0.510408
0.483000	0.499041
0.483000	0.493469
0.483000	0.489436
0.483000	0.479594
0.497000	0.476233
0.483000	0.473393
0.483000	0.471178
0.497000	0.464917
0.497000	0.478403
0.497000	0.494803
0.497000	0.485785
0.497000	0.477477
0.497000	0.478489
0.497000	0.472167
0.497000	0.470363
0.497000	0.472320
0.497000	0.470165
0.497000	0.468322
0.483000	0.463782
0.497000	0.488555
0.483000	0.534514
0.483000	0.530971
0.497000	0.541312
0.523000	0.566880
0.523000	0.554459
0.523000	0.515587
0.523000	0.508233
0.523000	0.505059
0.510000	0.520753
0.510000	0.537711
0.497000	0.522616
0.510000	0.578910
0.510000	0.613753
0.510000	0.633496
0.497000	0.643725
0.497000	0.651117
0.497000	0.655787
0.497000	0.660443
0.497000	0.653378
0.550000	0.478501
0.537000	0.470021
0.537000	0.461532
0.550000	0.448212
0.550000	0.450789
0.537000	0.441293
0.523000	0.426727
0.510000	0.444514
0.497000	0.446498
0.497000	0.447062
0.497000	0.445211
0.483000	0.454161
0.483000	0.462905
0.483000	0.462713
0.483000	0.482090
0.470000	0.510746
0.470000	0.507831
0.483000	0.487746
0.497000	0.469287
0.497000	0.465950
0.510000	0.479278
0.497000	0.489942
0.497000	0.516010
0.497000	0.552509
0.483000	0.571053
0.497000	0.579591
0.483000	0.587054
0.483000	0.593454
0.470000	0.596832
0.470000	0.599925
0.470000	0.604600
0.483000	0.607911
0.470000	0.606007
0.470000	0.611599
0.470000	0.617041
0.470000	0.620088
0.470000	0.624799
0.483000	0.626420
0.470000	0.635947
0.470000	0.650965
0.457000	0.656062
0.457000	0.658447
0.457000	0.658976
0.443000	0.662592
0.443000	0.661103
0.430000	0.658324
0.430000	0.665359
0.430000	0.673309
0.430000	0.673217
0.430000	0.658631
0.430000	0.593164
0.430000	0.527358
0.430000	0.444953
0.430000	0.393282
0.430000	0.323340
0.430000	0.249641
0.430000	0.323897
0.443000	0.453818
0.443000	0.194160
0.443000	0.303665
0.577000	0.584408
0.577000	0.580682
0.577000	0.563123
0.577000	0.573561
0.577000	0.583180
0.577000	0.575477
0.577000	0.592727
0.577000	0.596324
0.577000	0.618116
0.577000	0.587571
0.577000	0.541135
0.577000	0.542664
0.577000	0.560346
0.577000	0.564172
0.577000	0.564329
0.577000	0.563061
0.577000	0.574597
0.577000	0.588300
0.577000	0.598067
0.577000	0.611235
0.577000	0.611539
0.577000	0.597673
0.577000	0.582399
0.577000	0.570632
0.577000	0.570340
0.577000	0.549919
0.577000	0.534687
0.577000	0.544003
0.577000	0.503806
0.577000	0.483320
0.577000	0.500616
0.577000	0.532745
0.577000	0.515370
0.577000	0.561883
0.577000	0.567549
0.577000	0.572852
0.577000	0.593377
0.577000	0.618412
0.577000	0.602197
0.577000	0.520477
0.577000	0.517413
0.577000	0.536568
0.577000	0.524710
0.577000	0.533180
0.577000	0.474673
0.577000	0.442725
0.577000	0.443121
0.577000	0.469870
0.577000	0.470975
0.577000	0.461501
0.577000	0.469666
0.577000	0.504611
0.577000	0.525472
0.577000	0.504407
0.577000	0.482387
0.577000	0.458479
0.577000	0.456232
0.577000	0.454334
0.577000	0.477869
0.577000	0.487746
0.577000	0.512276
0.577000	0.502988
0.577000	0.538101
0.577000	0.539945
0.577000	0.556524
0.577000	0.545323
0.577000	0.557050
0.577000	0.563607
0.577000	0.569548
0.577000	0.580873
0.577000	0.413513
0.563000	0.265567
0.550000	0.118178
0.537000	0.011840
0.523000	-0.039017
0.510000	-0.114753
0.497000	-0.121915
0.483000	-0.201713
0.377000	-0.290559
0.177000	-0.380139
0.004000	-0.462517
-0.142000	-0.531226
-0.302000	-0.643351
-0.501000	-0.766842
-0.661000	-0.816343
-0.807000	-0.928301
-0.914000	-0.891698
-0.953000	-0.859196
-1.047000	-1.004543
-1.126000	-1.107138
-1.206000	-1.179341
-1.273000	-1.252184
-1.326000	-1.314546
-1.379000	-1.374335
-1.419000	-1.452251
-1.459000	-1.516813
-1.499000	-1.573718
-1.526000	-1.166783
-1.432000	-0.656097
-1.020000	-0.072957
0.031000	0.595758
0.058000	0.566945
0.111000	0.562173
0.151000	0.546996
0.111000	0.523405
0.071000	0.495216
0.071000	0.462043
0.084000	0.410543
0.084000	0.353715
0.058000	0.132949
0.018000	-0.000572
-0.009000	0.170624
-0.009000	0.288433
-0.022000	0.128004
-0.062000	-0.140268
-0.182000	-0.367301
-0.315000	-0.581366
-0.448000	-0.741533
-0.554000	-0.809642
-0.608000	-0.671755
-0.621000	-0.660080
-0.608000	-0.309333
-0.222000	0.379436
0.111000	0.436435
0.151000	0.460109
0.191000	0.477885
0.204000	0.494760
0.244000	0.509246
0.271000	0.522828
0.310000	0.538697
0.377000	0.507004
0.430000	0.504599
0.470000	0.531431
0.510000	0.517241
0.550000	0.537935
0.577000	0.483959
0.577000	0.495796
0.577000	0.519513
0.577000	0.536381
0.577000	0.497987
0.577000	0.400495
0.577000	0.400599
0.577000	0.467035
0.577000	0.433994
0.577000	0.401164
0.577000	0.412441
0.577000	0.409741
0.577000	0.388982
0.563000	0.383856
0.577000	0.413741
0.563000	0.510736
0.550000	0.508622
0.550000	0.527761
0.537000	0.569001
0.537000	0.592322
0.523000	0.572113
0.537000	0.574030
0.523000	0.595978
0.523000	0.616030
0.510000	0.629743
0.510000	0.640555
0.510000	0.620703
0.497000	0.512468
0.537000	0.525846
0.523000	0.544779
0.523000	0.552918
0.510000	0.527612
0.523000	0.531637
0.510000	0.563123
0.497000	0.569795
0.497000	0.571674
0.497000	0.565526
0.483000	0.548537
0.497000	0.511734
0.510000	0.516161
0.510000	0.519858
0.497000	0.521088
0.497000	0.525037
0.483000	0.514632
0.497000	0.509021
0.483000	0.570454
0.443000	0.534846
0.443000	0.541061
0.430000	0.477280
0.417000	0.387528
0.430000	0.346496
0.457000	0.469866
0.457000	0.543097
0.577000	0.593039
0.577000	0.555007
0.577000	0.618371
0.577000	0.684184
0.577000	0.679935
0.577000	0.646137
0.577000	0.637562
0.577000	0.584047
0.577000	0.571651
0.577000	0.568149
