0.605000	0.563648
0.613000	0.553017
0.622000	0.519852
0.854000	0.650537
1.062000	1.147835
1.080000	1.109775
1.071000	0.754593
1.054000	0.427503
1.027000	0.495488
1.115000	2.174975
1.130000	1.972499
1.124000	1.607059
1.115000	1.167949
1.106000	0.748207
1.106000	0.537761
1.106000	0.393737
1.080000	0.379531
1.071000	0.681378
1.071000	1.016342
1.062000	0.959054
1.054000	0.934417
1.018000	1.002827
1.018000	1.156551
1.018000	1.112095
1.027000	1.106401
1.027000	1.089788
1.027000	1.090439
1.036000	1.087991
1.036000	1.084032
1.036000	1.072376
1.045000	1.066707
1.045000	1.044316
1.054000	1.090901
1.062000	1.184415
1.080000	1.125482
1.080000	1.102601
1.098000	1.082645
1.106000	1.079548
1.115000	1.086579
1.115000	1.095454
1.115000	1.103146
1.115000	1.096823
1.115000	1.089298
1.115000	1.092249
1.124000	1.093729
1.115000	1.080468
1.115000	1.077182
1.115000	1.068456
1.106000	1.048885
1.098000	0.936849
1.080000	0.953653
1.071000	0.957078
1.071000	0.959566
1.071000	0.948175
1.062000	0.910136
1.036000	0.822608
0.992000	0.798689
0.916000	0.752817
0.804000	0.679419
0.787000	0.637337
0.666000	0.540459
0.458000	0.414079
0.396000	0.404312
0.355000	0.398259
0.302000	0.309959
0.217000	0.259311
0.147000	0.216636
0.088000	0.171450
0.009000	0.117308
-0.050000	0.075672
-0.129000	0.012212
-0.191000	-0.031432
-0.232000	-0.069595
-0.284000	-0.117457
-0.328000	-0.105593
-0.343000	-0.220586
-0.431000	-0.281267
-0.507000	-0.318042
-0.569000	-0.368472
-0.622000	-0.416694
-0.654000	-0.433957
-0.672000	-0.453249
-0.716000	-0.490497
-0.751000	-0.516742
-0.777000	-0.538339
-0.801000	-0.566027
-0.854000	-0.614356
-0.898000	-0.659036
-0.930000	-0.700771
-0.965000	-0.753710
-1.000000	-0.772147
-1.009000	-0.764630
-1.009000	-0.780480
-1.036000	-0.863872
-1.086000	-0.912096
-1.112000	-0.894206
-1.112000	-0.849341
-1.103000	-0.836482
-1.094000	-0.806448
-1.077000	-0.827124
-1.071000	-0.838147
-1.086000	-0.846637
-1.103000	-0.939534
-1.130000	-0.983583
-1.165000	-0.853747
-1.094000	-0.747526
-1.103000	-0.808561
-1.130000	-0.938721
-1.174000	-1.110790
-1.218000	-1.115804
-1.250000	-1.117504
-1.267000	-1.137795
-1.285000	-1.165957
-1.303000	-1.170093
-1.320000	-1.199669
-1.338000	-1.246439
-1.364000	-1.263485
-1.379000	-1.254811
-1.397000	-1.265111
-1.397000	-1.126039
-1.329000	-1.103864
-1.241000	-1.031443
-1.232000	-0.997829
-1.241000	-1.008054
-1.259000	-1.046445
-1.276000	-1.093220
-1.303000	-1.120618
-1.320000	-1.099673
-1.329000	-1.118027
-1.338000	-1.153762
-1.355000	-1.155042
-1.364000	-1.171432
-1.379000	-1.240580
-1.389000	-1.275474
-1.397000	-1.297761
-1.406000	-1.287438
-1.415000	-1.302016
-1.415000	-1.313404
-1.423000	-1.444320
-1.432000	-1.512695
-1.441000	-1.532349
-1.449000	-1.560597
-1.458000	-1.598844
-1.466000	-1.631069
-1.475000	-1.642016
-1.484000	-1.655498
-1.492000	-1.682475
-1.501000	-1.706004
-1.510000	-1.682667
-1.518000	-1.690354
-1.527000	-1.744432
-1.535000	-1.762462
-1.544000	-1.782055
-1.544000	-1.786712
-1.553000	-1.806789
-1.561000	-1.825127
-1.561000	-1.852809
-1.562000	-1.896407
-1.562000	-1.867714
-1.579000	-1.708939
-1.587000	-1.728483
-1.587000	-1.575338
-1.587000	-1.500929
-1.562000	-1.404359
-1.527000	-1.381364
-1.475000	-1.203380
-1.466000	-1.205026
-1.475000	-1.205129
-1.277000	-0.961843
-1.216000	-0.907665
-1.251000	-0.971021
-1.294000	-1.009446
-1.320000	-1.025518
-1.242000	-0.889468
-0.258000	-0.197749
-0.293000	-0.205947
-0.405000	-0.258083
-0.483000	-0.298916
-0.543000	-0.335253
-0.586000	-0.358651
-0.621000	-0.381933
-0.569000	-0.331190
-0.051000	0.012834
-0.120000	-0.011109
-0.224000	-0.087762
-0.250000	-0.049092
0.398000	0.718287
0.588000	0.610608
0.588000	0.548598
0.579000	0.448656
0.579000	0.541259
0.579000	0.529964
0.579000	0.520357
0.579000	0.495578
0.588000	0.494978
0.596000	0.469660
0.596000	0.416039
0.588000	0.436795
0.613000	0.479117
0.613000	0.501205
0.605000	0.506469
0.588000	0.516355
0.570000	0.520194
0.596000	0.485059
0.605000	0.518101
0.605000	0.536065
0.596000	0.542845
0.596000	0.544690
0.579000	0.535803
0.518000	0.491090
0.294000	0.339342
0.173000	0.215812
-0.008000	0.023640
-0.215000	-0.139214
-0.396000	-0.254043
-0.517000	-0.332163
-0.603000	-0.380412
-0.681000	-0.444217
-0.759000	-0.507323
-0.836000	-0.584785
-0.914000	-0.667938
-0.975000	-0.744134
-1.018000	-0.725849
-1.026000	-0.700502
-1.052000	-0.795793
-1.113000	-0.963287
-1.182000	-1.039686
-1.233000	-1.085304
-1.268000	-1.038189
-1.242000	-0.793243
-0.923000	-0.438611
-0.629000	-0.040831
0.225000	0.644777
0.346000	0.392779
0.130000	0.083363
-0.112000	-0.041551
-0.275000	-0.105728
-0.353000	-0.154790
-0.414000	-0.184007
-0.457000	-0.215579
-0.465000	-0.212112
-0.474000	-0.224811
-0.508000	-0.264451
-0.595000	-0.377878
-0.698000	-0.425324
-0.802000	-0.675149
-0.957000	-0.866489
-1.061000	-0.807726
-1.095000	-0.828246
-1.121000	-0.865857
-1.173000	-0.950033
-1.164000	-0.923162
-1.113000	-0.846119
-1.113000	-0.900816
-1.147000	-0.961930
-1.173000	-0.978256
-1.138000	-0.780443
-0.811000	-0.357454
0.121000	0.370405
0.562000	0.417398
0.579000	0.362101
0.570000	0.332035
0.579000	0.342182
0.613000	0.304882
0.613000	0.256956
0.622000	0.308150
0.639000	0.308972
0.682000	0.596219
0.708000	0.707734
0.717000	0.495444
0.734000	0.965950
0.743000	0.859352
0.734000	0.873286
0.760000	1.060924
0.803000	1.037054
0.829000	0.957042
0.855000	0.957830
0.872000	0.994478
0.881000	0.953528
0.898000	0.898819
0.898000	0.908366
0.898000	0.953910
0.907000	0.938950
0.924000	0.907007
0.924000	0.932058
0.933000	1.013505
0.959000	1.057283
0.950000	0.977229
0.924000	0.451819
0.898000	0.238405
0.872000	0.500226
0.855000	0.389682
0.838000	0.360758
0.829000	0.387132
0.812000	0.658094
0.803000	0.785230
0.803000	1.161442
0.829000	0.858485
0.855000	0.758827
0.838000	0.759807
0.846000	0.909988
0.846000	0.866512
0.846000	0.894795
0.846000	1.190227
0.846000	0.905213
0.846000	0.888687
0.846000	0.897326
0.846000	1.146150
0.846000	0.877232
0.846000	0.890580
0.846000	0.802197
0.846000	0.730819
0.838000	0.784726
0.846000	1.089231
0.855000	0.856459
0.872000	0.938232
0.881000	0.932878
0.898000	0.891824
0.907000	0.876071
0.924000	0.941211
0.924000	0.833822
0.950000	0.780873
0.967000	0.489230
0.950000	0.263613
0.941000	0.632583
0.933000	0.975761
0.933000	1.102517
0.941000	1.068881
0.933000	1.029300
0.933000	1.079850
0.933000	1.017738
1.019000	1.045351
1.036000	1.031578
1.054000	1.069269
1.071000	1.051691
1.062000	1.046677
1.097000	1.048692
1.105000	1.313126
1.105000	1.026719
1.097000	1.012216
1.105000	0.998214
1.105000	1.037498
1.105000	1.027945
1.114000	0.862301
1.097000	0.894004
1.097000	1.024403
1.097000	1.080974
1.088000	0.878329
1.105000	0.991590
1.114000	1.002778
1.105000	0.983234
1.131000	1.374707
1.157000	1.465652
1.148000	1.267213
1.097000	0.926687
1.088000	0.548872
1.097000	0.377885
1.088000	0.366211
1.088000	0.610168
1.105000	0.649816
1.105000	0.672040
1.097000	1.013405
1.088000	1.089037
1.079000	1.049038
0.959000	0.961206
0.915000	0.952396
0.941000	0.974489
0.941000	0.952782
0.941000	0.933523
0.941000	1.011629
0.959000	0.841393
0.976000	0.519763
0.959000	0.606322
0.950000	0.849221
0.933000	0.845391
0.924000	0.841259
0.933000	0.918347
0.941000	1.051961
0.933000	1.107308
0.941000	0.979202
0.915000	1.046991
0.924000	1.097507
0.915000	1.083640
0.907000	1.053725
0.907000	0.765749
0.933000	0.956364
0.915000	0.692550
0.933000	0.646043
0.950000	0.778818
0.950000	0.794171
0.915000	0.948047
0.915000	1.050394
0.915000	1.094519
0.915000	1.097106
0.924000	1.089715
0.959000	1.026071
0.950000	1.039225
0.950000	1.055591
0.959000	0.730160
0.915000	0.673004
0.881000	0.625075
0.864000	0.559541
0.890000	1.163114
0.941000	1.518748
0.933000	1.050465
0.924000	0.947047
0.924000	0.546467
0.915000	0.591703
0.933000	0.704293
0.924000	1.027621
0.915000	0.931592
0.924000	0.871340
0.933000	0.897665
0.933000	1.083020
0.924000	1.073657
0.924000	1.067135
0.933000	1.095580
0.941000	1.162001
0.941000	1.113877
0.950000	1.154440
0.950000	1.208753
0.950000	1.184466
0.959000	1.139277
0.959000	1.047348
0.959000	1.083218
0.959000	1.017930
0.959000	1.008556
0.959000	1.011711
0.967000	1.014567
0.976000	0.861121
0.959000	0.879736
0.933000	0.787272
0.924000	0.752167
0.933000	0.729012
0.924000	0.760868
0.915000	0.695723
0.907000	0.703234
0.898000	0.681491
0.933000	0.699265
0.959000	0.762086
0.890000	0.704474
0.898000	0.672076
0.907000	0.683892
0.907000	0.671927
0.907000	0.645324
0.915000	0.649899
0.915000	0.627659
0.976000	0.676865
0.984000	0.732208
0.984000	0.662174
0.984000	0.621921
0.993000	0.661543
1.002000	0.685225
1.010000	0.676284
1.019000	0.684200
1.028000	0.698843
1.036000	0.741456
1.028000	0.745399
1.062000	0.977915
1.062000	0.938305
1.062000	1.093469
1.071000	1.085522
1.071000	1.083554
1.062000	1.346513
1.071000	1.025129
1.079000	1.047834
1.088000	1.065241
1.088000	1.099263
1.097000	1.070414
1.105000	1.061274
1.114000	1.071106
1.114000	1.075253
1.105000	1.014871
1.079000	0.938342
1.148000	0.970217
1.140000	0.980238
0.941000	0.882224
0.743000	0.722470
0.579000	0.605567
0.484000	0.522751
0.380000	0.433399
0.329000	0.393681
0.285000	0.369631
0.234000	0.338756
0.208000	0.285397
0.147000	0.222575
0.113000	0.179338
0.078000	0.104685
-0.008000	-0.050841
-0.103000	-0.125366
-0.189000	-0.162070
-0.206000	-0.020458
-0.181000	0.022498
-0.181000	-0.005011
-0.189000	-0.057250
-0.241000	-0.168554
-0.284000	-0.103172
-0.284000	-0.104302
-0.284000	-0.111768
-0.284000	-0.106789
-0.275000	-0.066064
-0.275000	-0.065206
-0.301000	-0.097940
-0.336000	-0.118540
-0.327000	-0.078117
0.078000	0.104852
0.458000	0.433642
0.398000	0.435741
0.346000	0.416080
0.294000	0.379240
0.260000	0.352449
0.234000	0.310075
0.208000	0.272479
0.199000	0.268659
0.173000	0.249352
0.147000	0.229824
0.139000	0.245502
0.130000	0.217910
0.104000	0.205107
0.087000	0.187652
0.061000	0.156660
0.044000	0.155921
0.018000	0.131126
-0.017000	0.105205
-0.034000	0.080297
-0.068000	0.044524
-0.068000	0.052950
-0.060000	0.060448
-0.077000	0.035654
-0.094000	-0.009630
-0.103000	-0.023707
-0.120000	-0.058095
-0.146000	-0.091209
-0.163000	-0.136210
-0.172000	-0.133096
-0.181000	-0.152134
-0.189000	-0.186120
-0.206000	-0.297649
-0.189000	-0.441985
0.121000	0.012131
0.139000	-0.073481
-0.017000	-0.227118
-0.198000	-0.284084
-0.370000	-0.510698
-0.508000	-0.653271
-0.629000	-0.753225
-0.707000	-0.824030
-0.776000	-0.723634
-0.690000	-0.443014
-0.724000	-0.499218
-0.586000	-0.404256
-0.517000	-0.371780
-0.586000	-0.435665
-0.621000	-0.422380
-0.578000	-0.387092
-0.612000	-0.398381
-0.638000	-0.466396
-0.707000	-0.434735
-0.621000	-0.472821
-0.379000	-0.465121
-0.206000	-0.202309
-0.077000	-0.053702
-0.017000	-0.024113
0.484000	0.235589
1.079000	0.735757
1.097000	0.733272
1.028000	0.710133
0.959000	0.644487
0.363000	0.186899
-0.690000	-0.588126
-0.724000	-0.648665
-0.750000	-0.616063
-0.759000	-0.626761
-0.672000	-0.643454
-0.370000	-0.537975
-0.457000	-0.638464
-0.603000	-0.846423
-0.681000	-0.644418
-0.716000	-0.734524
-0.759000	-0.797169
-0.828000	-0.840566
-0.880000	-0.858239
-0.940000	-0.896500
-0.992000	-0.932756
-1.035000	-1.049508
-1.087000	-1.114987
-1.113000	-1.116480
-1.138000	-1.179570
-1.173000	-1.203307
-1.199000	-1.259962
-1.225000	-1.301730
-1.259000	-1.333278
-1.277000	-1.342539
-1.311000	-1.313402
-1.328000	-1.312252
-1.346000	-1.304376
-1.354000	-1.296298
-1.372000	-1.321541
-1.380000	-1.303168
-1.389000	-1.266875
-1.389000	-1.023361
-1.397000	-1.014633
-1.389000	-1.131434
-1.380000	-1.313795
-1.372000	-1.261286
-1.259000	-0.974145
-0.552000	-0.035596
0.009000	0.177722
1.097000	0.882793
0.967000	0.808313
0.907000	0.717875
0.380000	0.081249
0.631000	0.630162
1.200000	1.322229
1.200000	1.102442
1.200000	1.089692
1.200000	1.065789
1.200000	1.050617
1.200000	1.159672
1.200000	1.133782
1.200000	1.092373
1.200000	1.088964
1.200000	1.083311
1.200000	1.066107
1.200000	1.036095
1.200000	1.086231
1.200000	1.123541
1.200000	1.111783
1.200000	1.161330
1.200000	1.176721
1.200000	1.157884
1.200000	1.149488
1.200000	1.190424
1.200000	1.142042
1.200000	1.110731
1.200000	1.078260
1.200000	1.116464
1.200000	1.098365
1.200000	1.074397
1.200000	1.073096
1.200000	1.086070
1.200000	1.070108
1.200000	1.047862
1.200000	1.112546
1.200000	1.102634
1.200000	1.084892
1.200000	1.065749
1.200000	1.056778
1.200000	1.055406
1.200000	1.058637
1.200000	1.053830
1.200000	1.041357
1.200000	1.020912
1.200000	0.928956
1.200000	0.768797
0.691000	0.421514
0.156000	0.069465
0.001000	-0.039982
-0.077000	-0.113583
-0.163000	-0.175281
-0.241000	-0.242123
-0.310000	-0.310521
-0.370000	-0.364106
-0.431000	-0.410897
-0.491000	-0.472904
-0.560000	-0.487231
-0.603000	-0.544716
-0.672000	-0.725324
-0.767000	-0.838525
-0.836000	-0.923247
-0.897000	-0.971191
-0.931000	-0.970230
-0.949000	-0.997992
-0.983000	-1.058013
-1.018000	-1.081717
-0.983000	-1.127731
-0.966000	-1.092268
-0.975000	-1.082765
-0.966000	-1.095781
-0.957000	-1.076093
-0.983000	-1.095959
-1.000000	-1.111920
-1.009000	-1.108808
-1.026000	-1.120240
-1.052000	-1.186003
-1.078000	-1.253843
-1.095000	-1.262899
-1.113000	-1.318026
-1.147000	-1.453230
-1.182000	-1.469474
-1.208000	-1.444095
-1.225000	-1.351022
-1.242000	-1.334691
-1.259000	-1.367688
-1.268000	-1.351261
-1.285000	-1.361186
-1.294000	-1.369007
-1.311000	-1.378621
-1.320000	-1.380788
-1.328000	-1.388961
-1.328000	-1.332404
-1.328000	-1.271557
-1.337000	-1.249217
-1.337000	-1.295906
-1.337000	-1.189018
-1.328000	-1.248576
-1.328000	-1.274093
-1.320000	-1.237723
-1.320000	-1.266769
-1.320000	-1.271902
-1.320000	-1.301400
-1.328000	-1.327398
-1.328000	-1.326485
-1.337000	-1.343013
-1.346000	-1.374236
-1.354000	-1.419662
-1.354000	-1.440262
-1.354000	-1.462000
-1.320000	-1.305973
-0.811000	-1.061616
-0.767000	-0.739131
-0.733000	-0.824353
-0.750000	-0.796881
-0.776000	-0.791052
-0.785000	-0.806513
-0.802000	-0.868393
-0.828000	-0.897574
-0.845000	-0.892332
-0.836000	-0.792080
-0.845000	-0.908949
-0.811000	-0.728067
-0.802000	-0.735525
-0.819000	-0.798372
-0.845000	-0.874778
-0.862000	-0.848882
-0.862000	-0.943894
-0.888000	-0.924747
-0.914000	-0.979122
-0.931000	-0.990584
-0.940000	-0.989226
-0.957000	-0.977243
-0.966000	-0.971838
-0.992000	-0.998858
-1.009000	-1.044403
-1.026000	-0.952951
-1.035000	-0.989860
-1.061000	-1.033767
-1.078000	-1.095071
-1.104000	-1.179703
-1.121000	-1.273886
-1.147000	-1.269835
-1.164000	-1.280673
-1.190000	-1.315127
-1.199000	-1.312826
-1.208000	-1.327842
-1.216000	-1.265891
-1.225000	-1.238314
-1.233000	-1.262860
-1.242000	-1.278360
-1.251000	-1.305507
-1.259000	-1.228882
-1.259000	-1.268951
-1.268000	-1.275497
-1.277000	-1.304805
-1.285000	-1.294497
-1.294000	-1.300332
-1.302000	-1.290949
-1.311000	-1.304320
-1.311000	-1.303128
-1.320000	-1.361308
-1.320000	-1.293571
-1.320000	-1.254298
-1.311000	-1.233036
-1.302000	-1.266868
-1.302000	-1.283076
-1.311000	-1.348311
-1.311000	-1.433245
-1.320000	-1.453224
-1.328000	-1.441907
-1.320000	-1.449531
-1.320000	-1.501079
-1.328000	-1.450661
-1.337000	-1.428639
-1.346000	-1.449808
-1.354000	-1.461617
-1.354000	-1.466970
-1.363000	-1.417079
-1.372000	-1.323648
-1.372000	-1.340106
-1.380000	-1.528538
-1.380000	-1.551093
-1.380000	-1.574462
-1.380000	-1.510027
-1.380000	-1.638377
-1.380000	-1.715692
-1.380000	-1.940642
-1.380000	-1.988316
-1.389000	-2.004240
-1.380000	-1.992723
-1.389000	-2.036624
-1.397000	-1.927636
-1.397000	-1.845621
-1.397000	-1.820402
-1.397000	-1.728790
-1.406000	-1.654001
-1.406000	-1.570664
-1.415000	-1.584484
-1.415000	-1.610050
-1.415000	-1.591366
-1.415000	-1.569216
-1.423000	-1.461071
-1.423000	-1.523029
-1.423000	-1.421176
-1.432000	-1.422771
-1.432000	-1.377290
-1.432000	-1.403237
-1.432000	-1.340002
-1.441000	-1.367068
-1.441000	-1.410857
-1.441000	-1.404659
-1.441000	-1.428556
-1.449000	-1.433751
-1.449000	-1.398647
-1.449000	-1.357058
-1.449000	-1.305887
-1.449000	-1.321269
-1.449000	-1.331025
-1.449000	-1.295183
-1.458000	-1.341473
-1.458000	-1.370110
-1.458000	-1.348930
-1.458000	-1.328282
-1.458000	-1.307247
-1.466000	-1.306552
-1.475000	-1.356428
-1.475000	-1.465749
-1.208000	-1.279671
-1.216000	-1.246621
-1.251000	-1.164970
-1.285000	-1.175955
-1.302000	-1.117532
-1.311000	-1.017453
-1.328000	-1.003117
-1.346000	-1.022305
-1.354000	-1.040489
-1.363000	-1.053363
-1.363000	-1.020863
-1.372000	-1.076979
-1.380000	-1.111814
-1.380000	-1.103924
-1.389000	-1.104833
-1.389000	-1.096064
-1.397000	-1.072590
-1.397000	-1.042362
-1.406000	-1.041463
-1.406000	-1.039417
-1.415000	-1.053354
-1.415000	-1.060033
-1.415000	-1.047457
-1.415000	-1.054957
-1.423000	-1.055532
-1.423000	-1.055497
-1.432000	-1.071372
-1.432000	-1.063165
-1.432000	-1.092555
-1.441000	-1.122556
-1.441000	-1.160619
-1.441000	-1.199922
-1.449000	-1.232493
-1.449000	-1.293681
-1.449000	-1.474350
-1.449000	-1.645753
-1.449000	-1.659395
-1.449000	-1.611487
-1.121000	-1.260973
-1.225000	-1.289476
-1.259000	-1.410359
-1.285000	-1.439973
-1.302000	-1.519883
-1.320000	-1.600436
-1.328000	-1.671664
-1.346000	-1.669792
-1.354000	-1.722967
-1.363000	-1.852019
-1.372000	-1.879503
-1.380000	-1.692757
-1.389000	-1.702680
-1.389000	-1.601043
0.648000	0.026968
1.010000	0.483264
0.924000	0.496900
0.821000	0.352295
0.613000	0.190768
0.449000	0.082734
0.165000	-0.102336
0.156000	-0.123108
0.044000	-0.230698
-0.181000	-0.423341
-0.319000	-0.510977
-0.362000	-0.518633
-0.396000	-0.552551
-0.439000	-0.593372
-0.483000	-0.620454
-0.534000	-0.656997
-0.560000	-0.671312
-0.595000	-0.695486
-0.638000	-0.736038
-0.690000	-0.783146
-0.742000	-0.799135
-0.793000	-0.841871
-0.845000	-0.912764
-0.897000	-0.979597
-0.940000	-1.034979
-0.975000	-1.050524
-0.975000	-1.080028
0.613000	-0.071641
1.200000	0.648350
1.200000	0.841734
1.200000	0.805015
1.200000	1.443849
1.200000	1.604521
1.200000	1.659070
1.200000	1.352027
1.200000	1.453690
1.200000	1.486987
1.200000	1.454774
1.200000	1.448763
1.200000	1.371616
1.200000	1.274776
1.200000	1.262505
1.200000	1.246386
1.200000	1.222786
1.200000	1.244333
1.200000	1.080764
1.200000	1.249639
1.200000	1.235646
1.200000	1.247266
1.200000	1.029422
1.200000	0.768260
1.200000	0.839007
1.200000	0.981659
1.200000	0.864915
1.200000	0.917566
1.200000	1.154554
1.200000	1.122770
1.200000	1.223600
1.200000	1.137281
1.200000	1.177820
1.200000	1.222529
1.200000	1.229460
1.200000	1.307736
1.200000	1.427330
1.200000	1.389735
1.200000	1.349897
1.200000	1.384043
1.200000	1.399155
1.200000	1.243907
1.200000	1.113820
1.200000	1.151476
1.200000	1.128654
1.200000	1.121834
1.200000	1.297421
1.200000	1.193056
1.200000	0.966096
1.200000	1.109295
1.200000	1.088824
1.200000	1.080315
1.200000	1.117477
1.200000	1.133259
1.200000	1.211416
1.200000	1.183307
1.200000	1.145210
1.200000	1.145648
1.200000	1.198163
1.200000	1.174140
1.200000	1.165005
1.200000	1.148865
1.200000	1.145177
1.200000	1.166482
1.200000	1.162598
1.200000	1.171806
1.200000	1.172352
1.200000	1.184155
1.200000	1.204945
1.200000	1.161466
1.200000	1.161975
1.200000	1.180118
1.200000	1.190332
1.200000	1.199278
1.200000	1.144512
1.200000	1.038722
1.200000	1.047380
1.200000	1.027326
1.200000	1.032325
1.200000	1.014379
1.200000	0.979029
1.200000	1.237019
1.200000	1.293594
1.200000	1.158324
1.200000	1.164277
1.200000	1.109480
1.200000	1.094120
1.200000	1.062086
1.200000	1.218532
1.200000	1.450758
1.200000	1.285644
1.200000	0.982527
1.200000	1.114480
1.200000	1.219684
1.200000	1.115039
1.200000	1.397330
1.200000	1.118544
1.200000	1.136919
1.200000	1.172466
1.200000	1.196736
1.200000	1.188090
1.200000	1.196930
1.200000	1.178829
1.200000	1.157995
1.200000	1.177033
1.200000	1.175825
1.200000	1.172018
1.200000	1.180912
1.200000	1.163294
1.200000	1.177553
1.200000	1.257722
1.200000	1.300290
1.200000	1.286526
1.200000	1.587034
1.200000	1.375647
1.200000	1.342389
1.200000	1.292351
1.200000	1.407914
1.200000	1.385076
1.200000	1.370218
1.200000	1.255804
1.200000	1.282075
1.200000	1.280465
1.200000	1.289692
1.200000	1.346887
1.200000	1.463299
1.200000	1.370576
1.200000	1.307025
1.200000	1.283739
1.200000	1.291423
1.200000	1.276628
1.200000	1.269561
1.200000	1.284840
1.200000	1.269851
1.200000	1.263845
1.200000	1.256694
1.200000	1.278711
1.200000	1.294115
1.200000	1.329039
1.200000	1.306994
1.200000	1.306791
1.200000	1.260180
1.200000	1.264070
1.200000	1.259696
1.200000	1.242695
1.200000	1.235481
1.200000	1.236912
1.200000	1.249083
1.200000	1.144181
1.200000	0.952697
1.200000	0.971470
1.200000	1.010914
1.200000	1.019685
1.200000	1.088410
1.200000	1.209636
1.200000	1.182445
1.200000	1.161727
1.200000	1.069652
1.200000	0.982047
1.200000	0.987902
0.777000	0.584615
0.415000	0.324367
0.208000	0.152629
0.061000	0.060495
-0.051000	-0.030226
-0.146000	-0.100676
-0.206000	-0.156784
-0.172000	-0.100649
0.812000	1.150376
1.114000	1.220454
1.200000	1.288895
1.200000	1.352916
1.200000	1.299811
1.200000	1.307587
1.200000	1.349627
1.200000	1.275972
1.200000	1.263386
1.200000	1.251248
1.200000	1.246593
1.200000	1.225245
1.200000	1.194936
1.200000	1.190232
1.200000	1.105535
1.200000	0.973225
1.200000	0.980512
1.200000	1.062777
1.200000	1.142712
1.200000	1.146494
1.200000	1.077805
1.200000	1.035409
1.045000	0.863009
0.682000	0.612558
0.475000	0.456763
0.337000	0.366806
0.251000	0.312882
0.182000	0.254982
0.121000	0.200269
0.061000	0.164708
0.009000	0.119971
0.009000	0.095302
-0.017000	0.089489
-0.060000	0.032432
-0.094000	-0.008530
-0.172000	-0.060593
-0.189000	-0.063972
-0.189000	-0.072724
-0.198000	-0.140502
-0.250000	-0.245696
-0.319000	-0.291765
-0.388000	-0.335661
-0.439000	-0.366585
-0.483000	-0.400319
-0.526000	-0.418005
-0.560000	-0.429034
-0.595000	-0.492743
-0.638000	-0.564445
-0.664000	-0.602877
-0.698000	-0.689460
-0.716000	-0.685867
-0.742000	-0.753532
-0.776000	-0.816269
-0.802000	-0.792988
-0.828000	-0.808157
-0.854000	-0.861546
-0.871000	-0.857718
-0.871000	-0.857142
-0.888000	-0.928465
-0.905000	-0.900385
-0.629000	-0.623256
-0.439000	-0.308987
-0.336000	-0.133720
-0.284000	-0.163551
-0.293000	-0.202407
-0.301000	-0.171331
-0.345000	-0.264455
-0.379000	-0.285868
-0.448000	-0.417522
-0.457000	-0.260470
-0.301000	0.001059
-0.232000	-0.015020
-0.267000	-0.108225
-0.284000	-0.118706
-0.224000	-0.090633
-0.258000	-0.081679
-0.310000	-0.164009
-0.345000	-0.246586
-0.388000	-0.311780
-0.431000	-0.404812
-0.483000	-0.425693
-0.483000	-0.346783
-0.422000	-0.229553
-0.284000	-0.134644
-0.241000	-0.091814
-0.017000	0.047943
0.113000	0.144880
0.130000	0.091418
0.191000	0.305143
0.268000	0.413768
0.165000	0.315917
0.096000	0.116582
0.070000	0.173834
-0.112000	-0.130608
-0.206000	-0.170344
-0.310000	-0.226277
-0.336000	-0.334251
-0.448000	-0.482077
-0.543000	-0.432225
-0.034000	0.149996
0.216000	0.320579
0.113000	0.197799
0.052000	0.208507
-0.051000	0.112475
0.044000	0.392189
0.191000	0.554509
0.251000	0.553465
0.268000	0.453648
0.320000	0.488200
0.406000	0.573414
0.406000	0.510566
0.285000	0.309884
0.156000	0.167188
0.165000	0.254433
0.501000	0.641504
0.786000	0.912334
0.803000	0.889208
0.769000	0.844005
0.708000	0.677188
0.562000	0.538039
0.406000	0.338131
0.320000	0.315734
0.216000	0.064346
-0.051000	-0.092711
-0.224000	-0.270340
-0.301000	-0.266336
-0.370000	-0.377638
-0.448000	-0.463817
-0.508000	-0.534874
-0.586000	-0.632661
-0.655000	-0.734478
-0.716000	-0.809424
-0.767000	-0.896530
-0.811000	-0.919532
-0.854000	-0.942678
-0.897000	-1.006854
-0.931000	-1.043302
-0.957000	-1.091830
-1.000000	-1.131770
-1.035000	-1.166659
-1.069000	-1.132362
-1.095000	-1.184011
-1.121000	-1.278374
-1.156000	-1.290545
-1.182000	-1.222542
-1.199000	-1.274414
-1.225000	-1.291060
-1.233000	-1.328209
-1.242000	-1.378501
-1.259000	-1.421135
-1.268000	-1.430527
-1.285000	-1.459070
-1.294000	-1.439740
-1.311000	-1.451444
-1.320000	-1.474525
-1.328000	-1.485239
-1.337000	-1.421652
-1.346000	-1.280196
-1.164000	-1.206906
-0.949000	-0.870359
-0.586000	-0.621657
-0.629000	-0.617772
-0.647000	-0.652701
-0.690000	-0.705281
-0.742000	-0.750451
-0.785000	-0.782782
-0.828000	-0.828582
-0.880000	-0.895056
-0.923000	-0.943699
-0.975000	-1.011200
-1.018000	-1.051109
-1.035000	-0.949926
-1.026000	-0.914062
-1.035000	-0.968724
-1.052000	-1.047987
-1.087000	-1.090385
-1.113000	-1.121688
-1.130000	-1.148685
-1.156000	-1.167210
-1.173000	-1.151963
-1.173000	-1.150741
-1.164000	-1.018348
-0.949000	-0.672919
-0.690000	-0.645329
-0.733000	-0.659536
-0.750000	-0.678179
-0.767000	-0.685722
-0.759000	-0.694349
-0.776000	-0.715439
-0.724000	-0.642340
-0.310000	-0.120645
-0.250000	-0.047495
-0.301000	-0.201371
-0.327000	-0.133703
-0.327000	-0.187760
0.061000	0.393800
0.173000	0.354624
0.121000	0.191041
-0.042000	0.045834
-0.042000	0.149216
0.346000	0.650114
0.924000	1.126151
1.200000	1.365652
1.200000	1.316533
1.200000	1.316742
1.200000	1.184085
1.200000	1.124467
1.200000	1.160587
1.200000	1.135599
1.200000	0.961689
1.200000	0.495408
0.924000	0.446621
0.622000	0.292700
0.311000	-0.021620
0.035000	-0.222949
-0.112000	-0.167128
-0.103000	-0.180059
-0.172000	-0.323300
-0.293000	-0.473468
-0.422000	-0.598064
-0.526000	-0.709281
-0.595000	-0.653027
-0.422000	-0.046831
-0.224000	-0.092754
-0.301000	-0.210798
-0.353000	-0.244483
-0.293000	-0.099625
-0.241000	-0.121164
-0.345000	-0.288730
-0.414000	-0.336692
-0.457000	-0.371307
-0.491000	-0.406995
-0.500000	-0.368632
-0.431000	-0.208074
-0.284000	-0.174774
-0.293000	-0.194537
-0.319000	-0.219379
-0.370000	-0.285945
-0.414000	-0.282042
-0.362000	-0.258245
-0.457000	-0.580212
-0.552000	-0.443137
-0.560000	-0.511458
-0.603000	-0.481873
-0.612000	-0.499073
-0.629000	-0.471744
-0.578000	-0.399866
-0.586000	-0.357072
0.622000	0.436357
1.200000	1.000208
1.200000	0.824544
1.200000	0.415538
1.200000	0.826267
1.200000	1.031912
1.200000	1.033988
1.200000	1.323228
1.200000	1.248480
1.200000	1.187553
