-0.168000	0.680763
-0.212000	0.650520
-0.229000	0.584430
0.149000	0.658565
4.499000	2.785103
5.536000	2.998030
5.158000	2.219315
4.024000	1.426353
2.943000	1.421367
5.667000	5.240200
5.720000	4.878155
5.720000	4.153846
5.650000	3.239258
5.562000	2.362480
5.202000	1.891810
3.690000	1.355627
2.003000	0.818304
1.273000	0.276358
0.764000	-0.152346
0.491000	-0.407098
0.307000	-0.534310
0.219000	-0.413187
0.175000	0.130672
0.131000	0.157651
0.105000	0.138974
0.131000	0.111756
0.105000	0.087766
0.061000	0.048457
0.017000	0.008066
-0.027000	-0.041833
-0.071000	-0.081135
-0.097000	-0.134077
-0.115000	-0.032269
-0.097000	0.402476
0.061000	0.538563
0.061000	0.513130
0.263000	0.553847
0.307000	0.609273
0.175000	0.552076
0.105000	0.542454
0.034000	0.533151
0.017000	0.511893
0.017000	0.511861
-0.010000	0.507098
-0.027000	0.470605
-0.027000	0.441794
-0.053000	0.408416
-0.053000	0.361301
-0.097000	0.239461
-0.115000	-0.287741
-0.168000	-0.453368
-0.229000	-0.509093
-0.256000	-0.531559
-0.273000	-0.577481
-0.326000	-0.662696
-0.343000	-0.885784
-0.370000	-0.940631
-0.414000	-0.945146
-0.300000	-0.900788
-0.053000	-0.909119
-0.168000	-0.958990
-0.256000	-0.892331
-0.273000	-0.805211
-0.300000	-0.725489
-0.343000	-0.834498
-0.387000	-0.796701
-0.387000	-0.760507
-0.414000	-0.758497
-0.431000	-0.720157
-0.458000	-0.702448
-0.484000	-0.690790
-0.502000	-0.689273
-0.484000	-0.657457
-0.431000	-0.655142
-0.431000	-0.554433
-0.458000	-0.716506
-0.484000	-0.708285
-0.502000	-0.648265
-0.528000	-0.644526
-0.528000	-0.641565
-0.546000	-0.619611
-0.572000	-0.627784
-0.590000	-0.627827
-0.590000	-0.617793
-0.616000	-0.610192
-0.633000	-0.618232
-0.660000	-0.616638
-0.686000	-0.595239
-0.704000	-0.577499
-0.704000	-0.565842
-0.730000	-0.525692
-0.730000	-0.525270
-0.704000	-0.599989
-0.590000	-0.576364
-0.546000	-0.524624
-0.546000	-0.436741
-0.528000	-0.380505
-0.528000	-0.402411
-0.484000	-0.420455
-0.053000	-0.446331
0.149000	-0.453466
-0.027000	-0.477949
-0.115000	-0.532983
-0.185000	-0.503660
-0.256000	-0.246180
-0.300000	-0.271908
-0.326000	-0.339771
-0.343000	-0.442865
-0.387000	-0.602803
-0.458000	-0.487562
-0.458000	-0.420257
-0.484000	-0.421459
-0.528000	-0.431291
-0.546000	-0.391808
-0.572000	-0.423853
-0.590000	-0.464932
-0.633000	-0.471704
-0.633000	-0.450760
-0.633000	-0.468147
-0.168000	-0.483943
0.377000	-0.389665
0.175000	-0.309048
-0.097000	-0.362701
-0.229000	-0.378013
-0.326000	-0.440792
-0.370000	-0.463392
-0.414000	-0.464720
-0.458000	-0.379064
-0.484000	-0.418669
-0.528000	-0.465160
-0.572000	-0.450209
-0.590000	-0.460816
-0.616000	-0.557165
-0.164000	-0.556881
-0.232000	-0.557765
-0.300000	-0.566686
0.647000	-0.375863
0.016000	-0.369545
-0.164000	-0.447688
-0.277000	-0.457196
-0.322000	-0.448452
0.376000	-0.276335
0.399000	-0.137990
-0.007000	-0.342053
-0.142000	-0.382350
-0.232000	-0.411480
-0.300000	-0.426012
-0.367000	-0.428675
-0.390000	-0.435160
-0.007000	-0.371753
0.354000	-0.205177
0.016000	-0.307038
-0.119000	-0.367442
0.084000	-0.197236
0.376000	0.952995
0.129000	0.911469
0.016000	0.779844
-0.052000	0.374684
-0.007000	0.670469
-0.029000	0.640847
-0.074000	0.562094
-0.142000	0.454244
-0.209000	0.349947
-0.254000	0.174918
-0.300000	-0.181287
-0.277000	-0.403592
-0.097000	-0.360794
-0.187000	-0.400863
-0.254000	-0.446866
-0.322000	-0.473472
-0.367000	-0.505017
0.241000	-0.328164
0.038000	-0.339963
-0.119000	-0.394836
-0.209000	-0.442689
-0.300000	-0.484974
-0.345000	-0.518663
-0.412000	-0.533345
-0.457000	-0.485336
-0.502000	-0.571015
-0.547000	-0.695864
-0.592000	-0.724883
-0.615000	-0.681279
-0.638000	-0.659151
-0.660000	-0.638235
-0.660000	-0.640739
-0.683000	-0.630407
-0.728000	-0.604602
-0.750000	-0.577040
-0.773000	-0.576853
-0.773000	-0.506876
-0.795000	-0.416017
-0.818000	-0.498025
-0.818000	-0.586670
-0.818000	-0.556378
-0.818000	-0.540157
-0.840000	-0.533867
-0.367000	-0.442272
0.331000	0.037338
0.061000	0.404727
-0.074000	0.568041
-0.187000	0.067504
-0.277000	-0.469535
-0.345000	-0.416551
-0.412000	-0.282870
-0.480000	-0.257357
-0.525000	-0.225963
-0.570000	-0.210951
-0.615000	-0.191808
-0.638000	-0.187128
-0.660000	-0.216305
-0.705000	-0.302487
-0.705000	-0.296037
-0.728000	-0.596095
-0.773000	-0.571257
-0.773000	-0.284818
-0.795000	-0.271376
-0.818000	-0.282540
-0.773000	-0.360224
0.264000	-0.402648
0.399000	-0.411848
0.106000	-0.382055
-0.052000	-0.326777
-0.164000	-0.286082
0.196000	-0.236608
0.602000	0.096522
0.827000	0.587524
0.579000	1.048773
0.692000	1.181478
0.422000	0.860921
0.714000	0.815651
2.089000	1.759471
1.075000	1.430674
0.579000	1.226651
0.354000	1.032210
1.368000	1.183699
1.233000	1.501717
0.647000	0.499817
0.264000	0.128383
0.106000	-0.028767
-0.007000	-0.108808
-0.074000	0.433324
-0.052000	1.063464
-0.029000	0.956414
-0.052000	0.905299
-0.007000	0.986368
0.061000	1.009915
0.444000	1.095933
0.850000	1.439560
0.579000	1.513152
0.399000	1.324396
0.669000	1.381394
0.579000	1.351527
3.238000	2.166747
7.609000	3.311964
7.609000	3.169557
7.114000	2.055912
4.072000	1.167113
2.292000	1.574528
1.638000	1.329463
1.143000	1.095855
0.805000	0.920124
0.557000	0.466744
0.354000	-0.153118
0.714000	1.361582
0.737000	1.543457
0.512000	0.782653
0.286000	0.363107
0.399000	0.451522
0.557000	0.664167
0.309000	0.552520
0.174000	0.532799
0.084000	0.691364
0.038000	0.645203
-0.007000	0.662956
-0.052000	0.546768
-0.074000	0.628228
-0.119000	0.636187
0.331000	0.727890
0.827000	0.807970
0.422000	0.666508
0.174000	0.391513
0.038000	0.414664
-0.074000	0.557706
-0.142000	0.618141
0.038000	0.669680
0.422000	0.847637
0.264000	1.026975
0.557000	0.925253
1.616000	1.598946
1.886000	1.625955
1.075000	1.057645
0.624000	0.453245
0.444000	0.257802
0.264000	0.366096
0.196000	0.578259
0.151000	0.571862
0.129000	0.719885
0.129000	0.898555
0.106000	0.707457
0.061000	0.546222
-0.007000	0.627646
-0.052000	0.688032
-0.074000	0.729728
-0.097000	0.635873
-0.142000	0.436430
-0.164000	0.510958
-0.187000	0.480315
-0.209000	0.417553
-0.232000	0.558444
-0.232000	0.565425
0.624000	0.788104
0.624000	0.580461
0.422000	0.791389
0.422000	1.258602
0.264000	0.471233
0.286000	0.399487
1.097000	1.262780
0.805000	0.921325
1.345000	2.765639
4.703000	3.560170
7.046000	3.501610
7.069000	2.871908
6.708000	2.013219
4.072000	1.297045
2.247000	1.024940
1.435000	1.362455
1.097000	1.344443
0.850000	1.121650
0.624000	1.066610
0.444000	1.095986
0.331000	1.027069
0.219000	1.007781
0.174000	0.936932
0.106000	0.912217
0.038000	0.851147
0.016000	0.455606
-0.007000	0.604714
1.210000	1.283370
1.751000	1.188741
1.030000	1.116982
0.692000	1.266162
0.557000	1.201929
0.467000	1.062711
0.399000	0.868431
0.376000	0.787085
0.331000	0.803735
0.985000	1.113087
0.692000	1.075440
0.467000	0.970398
0.624000	1.062775
0.917000	1.367348
1.796000	1.750470
1.976000	2.192188
1.390000	1.624705
0.872000	1.360109
0.647000	1.432344
0.534000	1.267963
0.422000	1.190863
0.354000	1.221971
0.286000	1.201790
0.264000	1.207443
0.196000	1.156768
0.129000	1.044081
0.061000	1.004234
0.467000	1.133985
3.756000	1.623515
2.805000	1.484613
2.472000	1.375300
1.661000	1.134086
4.275000	2.709331
6.167000	3.759506
6.190000	2.804133
6.190000	2.613306
5.379000	1.668942
3.058000	1.439649
1.593000	1.220287
1.052000	0.945487
0.917000	0.922609
1.075000	0.952161
0.895000	0.923222
0.850000	1.246912
0.737000	1.183168
0.647000	1.118973
0.579000	1.088776
0.512000	1.221081
0.467000	1.062239
0.422000	1.091778
0.376000	1.196553
0.354000	1.214410
0.331000	1.205218
0.331000	1.065027
0.309000	1.131722
0.286000	1.024336
0.264000	1.019206
0.264000	0.997296
0.399000	1.029819
1.886000	1.472701
1.323000	1.467350
1.030000	1.415394
0.805000	1.371339
0.692000	1.319145
0.602000	1.403631
0.557000	1.274487
0.489000	1.271976
0.467000	1.236202
0.602000	1.217642
0.805000	1.315314
0.624000	1.316781
0.489000	1.234376
0.399000	1.231171
0.354000	1.292996
0.354000	1.287812
0.376000	1.308506
0.354000	1.189303
0.512000	1.256029
0.737000	1.352795
0.602000	1.247809
0.489000	1.164772
0.399000	1.140099
0.331000	1.070252
0.264000	1.026368
0.264000	0.966171
0.264000	0.999123
0.241000	1.038493
0.219000	0.570514
0.196000	0.588220
0.219000	0.069573
0.151000	0.211240
0.084000	0.219092
0.038000	0.225559
0.016000	0.181619
-0.007000	0.059802
-0.052000	-0.078319
-0.097000	-0.152282
-0.142000	-0.180319
-0.164000	-0.211921
-0.187000	-0.269889
-0.232000	-0.354092
-0.254000	-0.417502
-0.277000	-0.594408
-0.322000	-0.910777
-0.367000	-1.050494
-0.390000	-1.104184
-0.480000	-1.042878
-0.525000	-1.007008
-0.592000	-0.955215
-0.615000	-0.941253
-0.638000	-0.905306
-0.683000	-0.912467
-0.705000	-0.908574
-0.750000	-0.868920
-0.773000	-0.852095
-0.818000	-0.862480
-0.840000	-0.881859
-0.840000	-1.011264
-0.885000	-1.179344
-0.908000	-1.192113
-0.908000	-1.119190
-0.908000	-0.826876
-0.930000	-0.819771
-0.930000	-0.831523
-0.953000	-0.921784
-0.976000	-1.018905
-0.998000	-0.836438
-1.021000	-0.827616
-1.021000	-0.817947
-1.066000	-0.816619
-0.705000	-0.775176
-0.728000	-0.798840
-0.773000	-0.793235
-0.773000	-0.803490
-0.818000	-0.825895
-0.818000	-0.836630
-0.863000	-0.868566
-0.908000	-0.870968
-0.908000	-0.869797
-0.930000	-0.854747
-0.953000	-0.849258
-0.976000	-0.827650
-0.998000	-0.831958
-0.998000	-0.827431
-1.021000	-0.806789
-1.021000	-0.816556
-1.043000	-0.782559
-1.043000	-0.784214
-1.066000	-0.796613
-1.088000	-0.925160
-1.111000	-1.117862
-1.111000	-1.028821
-1.111000	-0.952614
-1.111000	-0.884802
-1.111000	-0.760365
-1.133000	-0.540255
-1.178000	-0.501082
-1.178000	-0.551158
-1.178000	-0.653405
-1.178000	-0.660455
-1.178000	-0.609814
-1.178000	-0.498029
-1.178000	-0.442657
-1.178000	-0.327830
-1.178000	-0.213991
-0.930000	-0.121779
-0.953000	-0.193857
-0.976000	-0.360368
-0.976000	-0.496493
-0.998000	-0.604214
-0.998000	-0.671357
-1.021000	-0.653607
-1.021000	-0.714707
-1.021000	-0.773570
-1.043000	-0.904311
-1.043000	-1.072459
-1.043000	-1.119704
-1.066000	-1.174408
-1.088000	-1.231316
-1.088000	-1.268326
-1.088000	-1.317053
-1.111000	-1.339690
-1.133000	-1.347109
-1.133000	-1.395555
-1.156000	-1.427361
-1.178000	-1.441651
-1.156000	-1.419407
-1.156000	-1.453486
-1.156000	-1.478630
-1.156000	-1.482330
-1.133000	-1.513808
-1.133000	-1.551666
-1.133000	-1.551898
-1.133000	-1.579952
-1.156000	-1.609620
-1.133000	-1.618652
-1.133000	-1.568998
-1.133000	-1.591761
-1.133000	-1.620848
-1.156000	-1.642405
-0.322000	-1.567427
-0.367000	-1.584865
-0.435000	-1.612132
-0.502000	-1.645657
-0.525000	-1.649501
-0.570000	-1.669401
-0.615000	-1.615703
-0.638000	-1.518484
-0.660000	-1.484616
-0.254000	-1.465668
0.061000	-1.508085
-0.119000	-1.676251
-0.074000	-1.567967
-0.209000	-1.483982
-0.345000	-1.464868
-0.412000	-1.403593
0.196000	-0.928458
-0.074000	-0.569351
-0.300000	-0.940299
-0.390000	-0.883043
-0.480000	-1.012140
-0.547000	-0.843140
-0.615000	-0.792115
-0.638000	-0.764724
-0.570000	-0.712594
-0.029000	-0.465758
0.016000	-0.267078
0.016000	-0.052799
-0.119000	-0.150932
-0.232000	-0.250677
-0.322000	-0.227459
-0.367000	-0.261653
-0.345000	-0.258491
-0.390000	-0.374755
-0.457000	-0.235255
-0.232000	-0.234744
0.038000	-0.186061
-0.119000	-0.116075
-0.187000	-0.119090
-0.277000	-0.236364
0.241000	-0.225153
0.129000	-0.255715
0.038000	-0.406990
-0.142000	-0.497293
-0.254000	-0.579475
-0.322000	-0.456655
-0.345000	-0.085647
-0.367000	-0.107911
-0.412000	0.003784
-0.457000	0.003367
-0.367000	0.235933
-0.029000	0.184809
-0.164000	-0.157549
-0.254000	-0.466058
-0.322000	-0.016091
-0.390000	-0.203338
-0.435000	-0.319699
-0.502000	-0.333702
-0.547000	-0.346263
-0.592000	-0.347524
-0.638000	-0.349159
-0.660000	-0.469915
-0.728000	-0.359358
-0.750000	-0.327690
-0.795000	-0.327376
-0.818000	-0.291185
-0.818000	-0.308286
-0.840000	-0.319387
-0.863000	-0.393111
-0.885000	-0.401397
-0.885000	-0.375798
-0.885000	-0.400518
-0.908000	-0.412514
-0.930000	-0.472428
-0.930000	-0.509252
-0.953000	-0.490916
-0.998000	-0.446520
-0.998000	-0.122859
-0.998000	-0.213726
-1.021000	-0.123398
-1.021000	0.018022
-1.021000	0.086382
-0.998000	0.402829
-0.592000	1.323007
-0.480000	0.783345
-0.164000	0.340713
-0.277000	0.236098
-0.322000	0.088368
-0.367000	-0.425761
-0.254000	0.571472
-0.074000	1.031869
-0.029000	0.597589
0.084000	0.407753
-0.074000	0.190456
-0.142000	0.093148
-0.029000	0.399248
0.061000	0.433965
0.038000	0.257169
-0.097000	0.174115
-0.164000	0.113446
-0.232000	0.035876
-0.187000	0.000344
-0.142000	0.087580
-0.209000	0.179157
-0.254000	0.162755
-0.300000	0.282959
-0.322000	0.340883
-0.345000	0.299825
-0.390000	0.296119
-0.435000	0.355995
0.084000	0.670937
-0.007000	0.334862
-0.119000	0.134673
-0.232000	0.172674
-0.277000	0.139892
-0.345000	0.059827
-0.367000	0.034837
-0.412000	0.054759
-0.457000	0.010405
-0.480000	-0.052463
-0.547000	0.071935
-0.773000	-0.330795
-0.795000	-0.470083
-0.773000	-0.486597
-0.773000	-0.423438
-0.795000	-0.261075
-0.818000	-0.223718
-0.840000	-0.332599
-0.863000	-0.308432
-0.885000	-0.307289
-0.908000	-0.321529
-0.908000	-0.338713
-0.908000	-0.342238
-0.908000	-0.336316
-0.908000	-0.343462
-0.885000	-0.316540
-0.885000	-0.189757
-0.885000	-0.279434
-0.412000	-0.364953
-0.254000	-0.377761
-0.277000	-0.397849
-0.300000	-0.334822
-0.322000	-0.400261
-0.345000	-0.424977
-0.390000	-0.454800
-0.412000	-0.470708
-0.457000	-0.450819
-0.502000	-0.456976
-0.525000	-0.432546
-0.525000	-0.527225
-0.502000	-0.527488
-0.480000	-0.535292
0.579000	-0.446620
0.286000	-0.301654
-0.007000	0.065463
-0.052000	-0.233367
-0.142000	-0.214035
-0.209000	-0.213510
-0.277000	-0.286141
-0.322000	-0.416551
-0.367000	-0.433181
-0.390000	-0.455482
-0.300000	-0.318948
-0.254000	-0.562321
0.241000	-0.148333
0.038000	-0.158674
-0.097000	-0.255873
-0.164000	-0.363778
-0.209000	-0.293377
-0.254000	-0.511353
-0.277000	-0.437852
-0.322000	-0.523383
-0.345000	-0.532688
-0.390000	-0.532383
-0.435000	-0.490043
-0.457000	-0.476085
-0.480000	-0.494747
-0.502000	-0.550144
-0.525000	-0.352586
-0.570000	-0.361346
-0.570000	-0.328678
-0.592000	-0.336562
-0.615000	-0.369975
-0.638000	-0.465369
-0.660000	-0.414087
-0.660000	-0.425944
-0.683000	-0.454732
-0.683000	-0.482425
-0.683000	-0.513049
-0.705000	-0.383355
-0.728000	-0.334881
-0.728000	-0.371202
-0.728000	-0.382610
-0.750000	-0.435752
-0.750000	-0.349348
-0.795000	-0.443714
-0.818000	-0.372186
-0.795000	-0.393095
-0.818000	-0.352576
-0.840000	-0.367415
-0.840000	-0.377172
-0.840000	-0.354967
-0.818000	-0.306376
-0.818000	-0.407623
-0.840000	-0.380214
0.129000	-0.374526
0.196000	-0.262916
0.084000	-0.292230
-0.007000	-0.304797
-0.074000	-0.381168
-0.119000	-0.528049
-0.187000	-0.553454
-0.209000	-0.593975
-0.187000	-0.597495
-0.187000	-0.432927
-0.232000	-0.324665
-0.029000	-0.315651
0.061000	-0.293508
0.016000	-0.301260
-0.029000	-0.303373
-0.074000	-0.178754
-0.142000	-0.008250
-0.187000	-0.017358
-0.232000	-0.038876
-0.277000	-0.058704
-0.300000	-0.117068
-0.322000	-0.222478
-0.345000	-0.187477
-0.322000	-0.220692
-0.322000	-0.702134
-0.322000	-0.895114
-0.367000	-0.895973
-0.390000	-0.919285
-0.457000	-0.987417
-0.525000	-0.998420
-0.547000	-0.988067
-0.570000	-1.071390
-0.570000	-0.982744
-0.615000	-0.897215
-0.638000	-0.806536
-0.660000	-0.818026
-0.683000	-0.860504
-0.683000	-0.863276
-0.705000	-0.838858
-0.300000	-0.218484
0.354000	-0.010455
0.084000	-0.099082
-0.052000	-0.194312
-0.119000	-0.198236
-0.187000	-0.300669
-0.254000	-0.242314
-0.322000	-0.380235
-0.390000	-0.438678
-0.435000	-0.442452
-0.480000	-0.497146
-0.502000	-0.527419
-0.547000	-0.513502
-0.570000	-0.419919
-0.615000	-0.365521
-0.638000	-0.446380
-0.660000	-0.444328
-0.683000	-0.416514
-0.705000	-0.480258
-0.728000	-0.503732
-0.773000	-0.485566
-0.795000	-0.494345
-0.818000	-0.394069
-0.863000	-0.307717
-0.863000	-0.356063
-0.277000	-0.213764
0.557000	-0.164846
0.016000	-0.294233
-0.142000	-0.358725
-0.254000	-0.432316
-0.300000	-0.447579
-0.074000	-0.272758
-0.187000	-0.254114
-0.277000	-0.319483
-0.345000	-0.369699
-0.412000	-0.384805
-0.457000	-0.427754
-0.480000	-0.521214
-0.480000	-0.592355
-0.502000	-0.570551
-0.547000	-0.562462
-0.570000	-0.526335
-0.615000	-0.430133
-0.615000	-0.375824
-0.660000	-0.306108
-0.683000	-0.286176
-0.728000	-0.309432
-0.750000	-0.350971
-0.773000	-0.373386
-0.795000	-0.365518
-0.818000	-0.360849
-0.840000	-0.374822
-0.863000	-0.338122
-0.885000	-0.308192
-0.863000	-0.362599
-0.818000	-0.363513
-0.818000	-0.380963
-0.818000	-0.420985
-0.818000	-0.441729
-0.818000	-0.473075
-0.818000	-0.649248
-0.840000	-0.809127
-0.840000	-0.509735
-0.773000	-0.372309
0.489000	-0.099804
-0.074000	-0.367539
-0.209000	-0.333231
-0.300000	-0.321720
-0.390000	-0.211932
-0.435000	-0.189629
-0.480000	-0.296355
-0.525000	-0.481090
-0.570000	-0.496547
-0.615000	-0.443288
-0.638000	-0.469683
-0.638000	-0.546935
-0.683000	-0.557965
-0.592000	-0.476105
0.917000	0.100101
0.196000	-0.224879
0.016000	-0.219248
-0.119000	-0.453963
-0.187000	-0.517661
-0.232000	-0.487460
-0.142000	-0.355711
0.038000	-0.275436
-0.097000	-0.330010
-0.187000	-0.386534
-0.254000	-0.356251
-0.232000	-0.301406
-0.142000	-0.318927
-0.164000	-0.348818
-0.232000	-0.370121
-0.277000	-0.384003
-0.345000	-0.407764
-0.367000	-0.413680
-0.412000	-0.445178
-0.457000	-0.508748
-0.502000	-0.527966
-0.525000	-0.506474
-0.547000	-0.515398
-0.592000	-0.473274
-0.615000	-0.437201
-0.638000	-0.436354
-0.592000	-0.320556
0.737000	-0.048638
0.557000	-0.347854
0.309000	-0.092448
0.534000	-0.099901
1.188000	0.852349
0.805000	1.011548
1.300000	1.913033
1.548000	1.645049
1.097000	1.105354
0.917000	1.109122
0.647000	0.633002
0.399000	0.331545
0.264000	0.276717
0.174000	0.253345
0.106000	0.259789
0.038000	0.261477
0.016000	0.206913
0.084000	0.390140
0.241000	0.058742
0.106000	0.266351
0.061000	0.313276
0.106000	0.369288
0.669000	0.793783
1.458000	1.272225
1.210000	1.029208
1.052000	0.835495
1.481000	0.837610
0.962000	0.317747
0.917000	0.615724
0.872000	0.547312
0.624000	0.578685
0.692000	0.378597
0.422000	0.130695
0.669000	0.469693
0.850000	0.634338
0.489000	0.498655
0.399000	0.764483
0.331000	0.661722
0.264000	0.518816
0.196000	0.555003
0.129000	0.602671
0.084000	0.502855
0.467000	0.606346
0.602000	0.637969
0.422000	0.548564
0.264000	0.519771
0.489000	0.976630
1.255000	2.844619
0.985000	1.411984
0.512000	0.698426
0.309000	0.507888
0.219000	0.476334
0.151000	0.388952
0.084000	0.355047
0.038000	0.483553
0.061000	0.423105
0.038000	0.349854
0.016000	0.338894
0.399000	0.495328
0.399000	0.470259
0.219000	0.423618
0.129000	0.360565
0.061000	0.331583
0.038000	0.367132
0.196000	0.376645
0.106000	0.388301
0.038000	0.380540
0.084000	0.407346
0.061000	0.440187
-0.007000	0.336169
-0.029000	0.332101
-0.029000	0.366167
0.174000	0.414994
0.151000	0.404029
0.219000	0.225958
0.129000	-0.078073
0.038000	-0.145848
-0.029000	-0.229693
-0.052000	-0.206174
0.038000	-0.148204
0.174000	-0.005444
0.917000	0.698622
0.827000	0.956417
0.489000	0.728859
0.557000	0.753520
0.985000	0.713768
0.850000	0.760533
0.917000	0.872941
1.323000	1.428226
2.202000	2.060088
2.314000	1.733497
1.165000	0.880820
0.805000	0.994395
1.300000	1.235086
0.917000	0.979205
1.390000	1.535084
0.940000	0.841607
0.669000	0.687105
0.579000	0.577632
0.467000	0.522596
0.376000	0.441508
0.331000	0.417033
0.264000	0.345363
0.219000	0.276763
0.151000	0.290998
0.106000	0.270771
0.061000	0.241176
0.016000	0.238070
-0.007000	0.186947
-0.029000	0.193336
0.084000	0.303463
0.106000	0.246039
0.174000	0.315529
0.737000	0.665372
0.489000	0.672178
0.376000	0.532905
0.264000	0.368517
0.219000	0.717304
0.219000	0.744334
0.557000	0.851117
0.534000	0.477337
0.331000	0.366872
0.331000	0.374578
0.331000	0.402199
0.399000	0.553572
0.579000	0.989824
0.422000	0.728996
0.309000	0.473839
0.196000	0.330962
0.129000	0.309948
0.084000	0.272484
0.038000	0.233890
0.129000	0.283788
0.196000	0.286136
0.129000	0.247303
0.106000	0.228913
0.084000	0.283223
0.354000	0.479550
0.512000	0.590383
0.376000	0.499408
0.286000	0.450333
0.219000	0.330466
0.174000	0.300158
0.151000	0.282666
0.129000	0.238054
0.084000	0.202565
0.084000	0.198335
0.084000	0.220414
0.061000	-0.034781
0.061000	-0.562096
0.038000	-0.615974
0.084000	-0.548741
0.309000	-0.483425
0.354000	-0.336809
0.286000	-0.053195
0.219000	-0.083199
0.174000	-0.149855
0.129000	-0.372460
0.084000	-0.631204
0.016000	-0.649851
-0.007000	-0.709513
-0.029000	-0.599086
-0.052000	-0.557372
-0.074000	-0.492735
-0.097000	-0.465143
-0.119000	-0.431743
-0.142000	-0.438035
0.016000	-0.378028
0.557000	0.704475
0.422000	0.401688
0.422000	0.382296
0.399000	0.566993
0.286000	0.416438
0.219000	0.416957
0.174000	0.555881
0.174000	0.364701
0.151000	0.281215
0.129000	0.233365
0.084000	0.214313
0.241000	0.185817
0.286000	0.121640
0.219000	0.068538
0.174000	-0.167282
0.129000	-0.549685
0.106000	-0.594951
0.061000	-0.431426
0.038000	-0.226654
-0.007000	-0.215459
-0.052000	-0.395695
-0.074000	-0.522106
-0.074000	-0.594009
-0.074000	-0.466012
-0.074000	-0.399447
-0.097000	-0.319031
-0.119000	-0.288764
-0.142000	-0.273732
-0.164000	-0.265936
-0.164000	-0.231529
-0.187000	-0.225176
-0.187000	-0.262237
-0.232000	-0.230018
-0.232000	-0.269956
-0.232000	-0.298733
-0.232000	-0.258150
-0.232000	-0.248976
-0.232000	-0.260369
-0.187000	-0.377050
-0.164000	-0.487501
-0.142000	-0.464692
-0.164000	-0.428756
-0.187000	-0.399232
-0.187000	-0.400256
-0.232000	-0.361536
-0.254000	-0.329048
-0.277000	-0.398454
-0.254000	-0.464306
-0.300000	-0.483158
-0.322000	-0.588767
-0.345000	-0.506757
-0.345000	-0.554572
-0.367000	-0.570320
-0.390000	-0.436123
-0.412000	-0.380080
-0.457000	-0.385344
-0.480000	-0.359296
-0.480000	-0.439390
-0.525000	-0.373274
-0.525000	-0.382786
-0.074000	-0.110214
0.196000	0.108122
0.106000	0.226854
0.038000	0.057314
-0.007000	-0.019766
-0.052000	0.059436
-0.097000	-0.071930
-0.119000	-0.079292
-0.142000	-0.238261
-0.164000	0.105135
-0.164000	0.389056
-0.142000	0.261070
-0.097000	0.130398
-0.164000	0.122082
0.106000	0.130656
0.151000	0.190312
0.151000	0.097820
0.084000	-0.024340
0.061000	-0.091704
0.038000	-0.210953
0.038000	-0.160830
0.331000	0.045035
0.444000	0.218553
0.512000	0.227136
0.489000	0.189297
0.376000	0.067638
0.309000	0.030756
0.264000	-0.107588
0.264000	0.255814
0.196000	0.356944
0.151000	0.294099
0.106000	0.000388
0.084000	0.180220
0.016000	-0.136133
-0.007000	-0.083257
-0.074000	-0.022754
-0.119000	-0.245760
-0.164000	-0.404185
-0.187000	-0.169286
0.286000	0.315918
0.354000	0.206023
0.196000	0.068878
0.084000	0.187617
0.129000	0.165248
0.038000	0.602892
-0.007000	0.741550
-0.052000	0.657121
-0.007000	0.419713
0.151000	0.424819
0.286000	0.480567
0.219000	0.360706
0.151000	0.101713
0.084000	-0.007332
0.174000	0.164613
0.760000	0.462859
0.467000	0.507578
0.331000	0.409991
0.219000	0.375857
0.151000	0.131097
0.084000	0.071779
0.038000	-0.116447
-0.029000	-0.007785
-0.119000	-0.354089
-0.164000	-0.233536
-0.209000	-0.316790
-0.277000	-0.188747
-0.300000	-0.295625
-0.322000	-0.333697
-0.322000	-0.382830
-0.390000	-0.465671
-0.412000	-0.456805
-0.457000	-0.429215
-0.480000	-0.398072
-0.480000	-0.336560
-0.502000	-0.358480
-0.525000	-0.377786
-0.547000	-0.401755
-0.570000	-0.415603
-0.592000	-0.449005
-0.615000	-0.525826
-0.615000	-0.445860
-0.638000	-0.531367
-0.660000	-0.672200
-0.660000	-0.630656
-0.705000	-0.506982
-0.705000	-0.557100
-0.728000	-0.631665
-0.728000	-0.709197
-0.728000	-0.687266
-0.728000	-0.674483
-0.750000	-0.665689
-0.773000	-0.672057
-0.773000	-0.591943
-0.773000	-0.573808
-0.795000	-0.561129
-0.795000	-0.550662
-0.795000	-0.389956
-0.457000	-0.473098
0.129000	-0.675659
0.129000	-0.608153
0.129000	-0.616274
0.174000	-0.526471
0.151000	-0.556544
-0.007000	-0.589707
-0.097000	-0.615134
-0.164000	-0.613339
-0.232000	-0.617790
-0.300000	-0.616447
-0.345000	-0.599702
-0.390000	-0.565038
-0.412000	-0.533589
-0.457000	-0.468170
-0.412000	-0.509963
-0.412000	-0.507826
-0.412000	-0.490716
-0.435000	-0.466439
-0.435000	-0.454416
-0.457000	-0.464420
-0.480000	-0.466270
-0.502000	-0.495344
-0.502000	-0.485463
-0.412000	-0.472444
0.196000	-0.346065
0.084000	-0.452946
-0.007000	-0.428665
0.084000	-0.377083
0.038000	-0.376035
0.084000	-0.376949
0.038000	-0.385300
0.219000	-0.326751
0.286000	0.113673
0.129000	0.122259
0.129000	-0.098761
0.084000	0.107433
0.129000	-0.015743
0.331000	0.567931
0.174000	0.290919
0.106000	0.041155
0.038000	-0.008777
0.038000	0.232987
0.331000	0.725982
0.489000	0.679579
0.624000	0.705783
0.422000	0.578489
0.309000	0.626134
0.219000	0.328368
0.174000	0.154362
0.106000	0.233519
0.061000	0.183883
0.016000	-0.176666
-0.007000	-1.275163
-0.029000	-0.949543
0.084000	-0.707517
0.084000	-0.806184
0.061000	-0.729240
0.016000	-0.362028
0.061000	-0.389233
0.084000	-0.564855
0.038000	-0.670756
-0.029000	-0.708359
-0.074000	-0.730347
-0.097000	-0.480222
-0.119000	0.405931
-0.142000	0.030864
-0.164000	-0.090575
-0.209000	-0.096875
-0.164000	0.105860
-0.097000	-0.002271
-0.097000	-0.186392
-0.119000	-0.194573
-0.142000	-0.194917
-0.119000	-0.190964
-0.142000	-0.112100
-0.142000	0.112216
0.264000	0.008776
0.196000	0.002478
0.129000	-0.020958
0.061000	-0.082880
-0.007000	-0.001788
-0.052000	-0.058332
-0.074000	-0.598689
-0.074000	-0.191894
-0.052000	-0.337580
-0.029000	-0.171488
-0.074000	-0.173357
-0.119000	-0.071352
-0.164000	-0.085443
