0.467000	-0.327440
0.467000	0.101414
0.467000	0.148282
0.467000	0.163706
0.467000	0.074344
0.467000	0.011681
0.467000	-0.081968
0.467000	-0.151140
0.467000	-0.220070
0.467000	-0.261645
0.467000	-0.319136
0.467000	-0.346851
0.467000	-0.382127
0.467000	-0.418864
0.467000	-0.181418
0.467000	-0.026698
0.467000	0.091964
0.467000	0.189541
0.467000	0.254542
0.467000	0.273918
0.448000	0.280194
0.392000	0.276042
0.241000	0.240588
0.108000	0.187693
-0.024000	0.118532
-0.043000	0.071796
-0.062000	0.034019
-0.099000	-0.022900
-0.175000	-0.094791
-0.345000	-0.182702
-0.515000	-0.261023
-0.572000	-0.329955
-0.647000	-0.390233
-0.704000	-0.442585
-0.742000	-0.496517
-0.817000	-0.556477
-0.931000	-0.629996
-0.968000	-0.709578
-1.082000	-0.812149
-1.157000	-0.928999
-1.139000	-0.971192
-1.120000	-1.090024
-0.874000	-0.969051
-0.912000	-0.934185
-0.836000	-0.856986
-0.761000	-0.732580
-0.780000	-0.704644
-0.798000	-0.747030
-0.761000	-0.762520
0.467000	-0.006450
0.467000	-0.004338
0.467000	-0.116194
0.467000	-0.237312
0.467000	-0.300754
0.467000	0.038418
0.467000	0.251306
0.467000	0.385159
0.467000	0.438947
0.467000	0.458076
0.467000	0.461424
0.467000	0.465656
0.467000	0.466731
0.467000	0.470719
0.467000	0.582222
0.467000	0.611131
0.467000	0.658578
0.467000	0.655447
0.467000	0.283404
0.467000	0.215452
0.467000	0.225659
0.467000	0.254537
0.467000	0.231482
0.467000	0.226041
0.467000	0.226353
0.467000	0.226004
0.467000	0.217823
0.467000	0.217131
0.467000	0.231013
0.467000	0.235458
0.467000	0.234912
0.467000	0.226180
0.467000	0.226826
0.467000	0.226053
0.467000	0.225757
0.467000	0.279069
0.467000	0.279192
0.467000	0.266139
0.467000	0.256858
0.467000	0.246281
0.467000	0.249245
0.467000	0.273159
0.467000	0.394202
0.467000	0.476963
0.467000	0.586834
0.467000	0.704795
0.467000	0.787455
0.467000	0.845968
0.467000	0.884375
0.467000	0.922970
0.467000	0.950363
0.467000	0.921151
0.467000	0.880070
0.467000	0.780116
0.467000	0.631560
0.467000	0.486370
0.467000	0.280619
0.203000	0.027721
-0.043000	-0.089643
-0.005000	-0.141437
0.373000	-0.097536
0.467000	0.285275
0.467000	0.458134
0.467000	0.414045
0.467000	0.005310
0.467000	0.069240
0.467000	0.241361
0.467000	0.349371
0.467000	0.392777
0.467000	0.396482
0.467000	0.393418
0.467000	0.373296
0.467000	0.336205
0.467000	0.323819
0.467000	0.303991
0.467000	0.315229
0.467000	0.322233
0.467000	0.249520
0.467000	0.058974
0.467000	0.005264
0.467000	-0.011069
0.467000	-0.108515
0.467000	-0.164040
0.467000	0.125017
0.467000	0.256489
0.467000	0.128494
0.467000	-0.029383
0.467000	-0.103753
0.467000	0.213029
0.467000	0.290577
0.467000	0.194129
0.467000	0.264054
0.467000	0.344118
0.467000	0.357135
0.467000	0.455466
0.467000	1.005804
0.467000	0.978098
0.467000	0.951133
0.467000	0.943540
0.467000	0.925111
0.467000	0.880832
0.467000	0.919060
0.467000	0.813406
0.467000	0.609304
0.467000	0.525686
0.467000	0.424271
0.467000	0.392240
0.467000	0.396936
0.467000	0.393403
0.467000	0.386693
0.467000	0.389950
0.467000	0.457689
0.467000	0.557625
0.467000	0.548649
0.467000	0.550481
0.467000	0.572569
0.467000	0.565662
0.467000	0.654232
0.467000	0.809644
0.467000	0.820720
0.467000	0.925969
0.467000	0.856096
0.467000	0.734349
0.467000	0.737473
0.467000	0.724776
0.467000	0.712517
0.467000	0.686889
0.467000	0.609109
0.467000	0.497307
0.467000	0.550348
0.467000	0.557987
0.467000	0.531901
0.467000	0.497265
0.467000	0.529569
0.467000	0.497149
0.467000	0.429163
0.467000	0.456375
0.467000	0.449126
0.467000	0.435102
0.467000	0.390216
0.467000	0.427426
0.467000	0.403423
0.467000	0.453309
0.467000	0.552972
0.467000	0.508546
0.467000	0.432323
0.467000	0.432346
0.467000	0.394604
0.467000	0.377518
0.467000	0.397848
0.467000	0.448344
0.467000	0.414783
0.467000	0.465099
0.467000	0.642335
0.467000	0.730530
0.467000	0.740402
0.467000	0.694946
0.467000	0.640514
0.467000	0.559140
0.467000	0.461656
0.467000	0.447244
0.467000	0.425012
0.467000	0.426322
0.467000	0.380403
0.467000	0.374650
0.467000	0.339189
0.467000	0.307479
0.467000	0.300642
0.467000	0.279925
0.467000	0.218599
0.467000	0.251425
0.467000	0.250336
0.467000	0.237731
0.467000	0.210698
0.467000	0.207621
0.467000	0.366117
0.467000	0.426334
0.467000	0.364370
0.467000	0.345736
0.467000	0.389059
0.467000	0.348689
0.467000	0.533754
0.467000	0.534515
0.467000	0.438594
0.467000	0.551332
0.467000	0.695052
0.467000	0.787991
0.467000	0.512734
0.467000	0.514371
0.467000	0.502206
0.467000	0.439793
0.467000	0.412461
0.467000	0.404688
0.467000	0.391147
0.467000	0.550558
0.467000	0.682604
0.467000	0.633254
0.467000	0.575083
0.467000	0.570652
0.467000	0.576479
0.467000	0.569698
0.467000	0.545361
0.467000	0.543624
0.467000	0.521742
0.467000	0.434777
0.467000	0.412927
0.467000	0.433388
0.467000	0.784724
0.467000	0.768104
0.467000	0.764507
0.467000	0.737274
0.467000	0.705006
0.467000	0.697337
0.467000	0.807531
0.467000	0.837475
0.467000	0.900384
0.467000	0.801136
0.467000	0.720341
0.467000	0.654549
0.467000	0.668079
0.467000	0.687834
0.467000	0.677560
0.467000	0.638066
0.467000	0.639004
0.467000	0.628965
0.467000	0.621588
0.467000	0.604924
0.467000	0.605803
0.467000	0.595582
0.467000	0.584445
0.467000	0.575182
0.467000	0.536455
0.467000	0.500671
0.467000	0.476925
0.467000	0.477231
0.467000	0.465168
0.467000	0.461143
0.467000	0.467555
0.467000	0.669601
0.467000	0.628486
0.467000	0.640580
0.467000	0.644913
0.467000	0.644120
0.467000	0.639378
0.467000	0.658538
0.467000	0.659677
0.467000	0.669982
0.467000	0.662121
0.467000	0.656540
0.467000	0.681343
0.467000	0.679894
0.467000	0.674916
0.467000	0.669502
0.467000	0.641122
0.467000	0.632941
0.467000	0.638777
0.467000	0.605789
0.467000	0.618929
0.467000	0.607219
0.467000	0.603364
0.467000	0.578132
0.467000	0.567967
0.467000	0.546467
0.467000	0.535211
0.467000	0.519453
0.467000	0.503861
0.467000	0.515350
0.467000	0.455315
0.467000	0.482636
0.467000	0.433899
0.467000	0.422508
0.467000	0.408969
0.467000	0.356906
0.467000	0.395754
0.467000	0.377204
0.467000	0.361975
0.467000	0.335056
0.467000	0.319084
0.467000	0.302911
0.467000	0.290349
0.467000	0.276097
0.467000	0.281378
0.467000	0.291101
0.467000	0.241069
0.467000	0.216095
0.467000	0.293782
0.467000	0.382471
0.467000	0.448285
0.467000	0.487862
0.467000	0.526750
0.467000	0.535486
0.467000	0.544886
0.467000	0.554480
0.467000	0.559547
0.467000	0.578874
0.467000	0.588943
0.467000	0.613479
0.467000	0.668486
0.467000	0.715485
0.467000	0.694345
0.467000	0.718851
0.467000	0.698404
0.467000	0.693077
0.467000	0.703784
0.467000	0.642023
0.467000	0.356493
0.467000	0.195534
0.467000	0.027897
0.467000	-0.051885
0.467000	0.082949
0.467000	0.138004
0.448000	0.143901
0.467000	0.184356
0.467000	0.258659
0.467000	0.419846
0.467000	0.342538
0.467000	0.344884
0.467000	0.351059
0.467000	0.358267
0.467000	0.362936
0.467000	0.363397
0.467000	0.368843
0.467000	0.362605
0.467000	0.359245
0.467000	0.355506
0.467000	0.343425
0.467000	0.346964
0.467000	0.365254
0.467000	0.372670
0.467000	0.389305
0.467000	0.385661
0.467000	0.354427
0.467000	0.359245
0.467000	0.328350
0.467000	0.196317
0.467000	0.135703
0.467000	0.070732
0.467000	-0.022975
0.467000	-0.133175
0.467000	-0.222551
0.467000	-0.315425
0.467000	-0.398453
0.467000	-0.469246
0.467000	-0.542222
0.467000	-0.606050
0.467000	-0.683667
0.467000	-0.745986
-0.232000	-0.912656
-0.421000	-0.907041
-0.572000	-0.931841
-0.666000	-0.975053
-0.704000	-1.006264
-0.496000	-0.967202
-0.421000	-0.884513
-0.383000	-0.853401
-0.402000	-0.849901
-0.383000	-0.873656
-0.421000	-0.938255
-0.402000	-0.896797
-0.477000	-0.911433
-0.421000	-0.899793
-0.326000	-0.881203
-0.232000	-0.755468
-0.194000	-0.788167
-0.232000	-0.798972
-0.194000	-0.764716
-0.194000	-0.590874
-0.175000	-0.447881
-0.137000	-0.332253
-0.156000	-0.246640
-0.156000	-0.189611
-0.156000	-0.163409
-0.137000	-0.140147
-0.137000	-0.115012
-0.099000	-0.135745
-0.099000	-0.188840
-0.118000	-0.255130
-0.137000	-0.339852
-0.005000	-0.276518
-0.024000	-0.230164
-0.043000	-0.244037
-0.137000	-0.332677
-0.175000	-0.380627
-0.232000	-0.404474
-0.213000	-0.427843
-0.270000	-0.470528
-0.307000	-0.512664
-0.326000	-0.454880
-0.326000	-0.509480
-0.440000	-0.619326
-0.666000	-0.706632
-0.874000	-0.798378
-1.101000	-0.915127
-1.327000	-1.055773
-1.516000	-1.162891
-1.403000	-1.155255
-1.214000	-1.042925
-1.705000	-1.371019
-1.989000	-1.612206
-2.272000	-1.817204
-2.461000	-2.024254
-2.612000	-2.213753
-2.725000	-2.364455
-2.839000	-2.497873
-2.971000	-2.620286
-3.065000	-2.680606
-3.160000	-2.727572
-3.254000	-2.813689
-3.330000	-2.854485
-3.368000	-2.909987
-3.443000	-2.976280
-3.538000	-3.014179
-3.613000	-3.069829
-3.670000	-3.126432
-3.727000	-3.166919
-3.141000	-2.979008
-3.330000	-2.976472
-3.594000	-3.111307
-3.708000	-3.203378
-3.783000	-3.248357
-3.840000	-3.279768
-3.878000	-3.269164
-3.897000	-3.282814
-3.915000	-3.323878
-3.934000	-3.324826
-3.878000	-3.315818
-3.821000	-3.280900
-3.934000	-3.368935
-3.972000	-3.386983
-3.991000	-3.408347
-4.010000	-3.405269
-3.387000	-3.070233
-3.651000	-3.166970
-3.878000	-3.269529
-3.953000	-3.328521
-3.991000	-3.371862
-4.010000	-3.379269
-4.029000	-3.442170
-4.067000	-3.496358
-4.029000	-3.450547
-4.010000	-3.379487
-3.387000	-3.186557
-3.538000	-2.986092
-3.764000	-3.009010
-3.840000	-3.002183
-3.972000	-2.967834
-3.991000	-2.831226
-4.029000	-2.646711
-1.214000	-1.255229
0.467000	-0.040275
-1.894000	-0.150224
-2.272000	-0.143029
-2.933000	-0.144415
-1.989000	-0.456726
-2.007000	-0.646568
-2.121000	-0.757188
-2.215000	-0.868218
-2.310000	-0.941529
-2.480000	-1.026096
-2.631000	-1.086548
-2.669000	-1.113750
0.316000	-0.875076
0.467000	-0.818869
0.467000	-0.660623
0.467000	-0.580526
0.467000	-0.405607
0.467000	-0.191804
0.467000	-0.140775
0.467000	-0.010576
0.467000	-0.218045
0.467000	-0.059860
0.467000	-0.005903
0.467000	0.342487
0.467000	0.138127
0.467000	-0.164743
0.467000	-0.062044
0.467000	0.032439
0.467000	0.033048
0.467000	0.029594
0.467000	0.027780
0.467000	0.065235
0.467000	0.076431
0.467000	0.050179
0.467000	0.033383
0.467000	0.025377
0.467000	0.031955
0.467000	0.020216
0.467000	0.006051
0.467000	0.001087
0.467000	-0.015367
0.467000	-0.017941
0.467000	-0.014102
0.467000	-0.022710
0.467000	-0.028368
0.467000	0.130491
0.467000	0.135979
0.467000	0.096028
0.467000	0.053516
0.467000	0.041409
0.467000	0.034123
0.467000	0.022548
0.467000	0.012601
0.467000	0.011721
0.467000	0.008805
0.467000	-0.013061
0.467000	-0.006460
0.467000	-0.005924
0.467000	-0.002684
0.467000	-0.004823
0.467000	-0.004794
0.467000	-0.005724
0.467000	-0.009601
0.467000	-0.012564
0.467000	-0.012043
0.467000	0.004168
0.467000	0.039832
0.467000	0.302426
0.467000	0.580100
0.467000	0.663451
0.467000	0.711703
0.467000	0.749479
0.467000	0.786157
0.467000	0.830460
0.467000	0.862800
0.467000	0.894918
0.467000	0.928499
0.467000	0.949569
0.467000	0.974703
0.467000	1.033965
0.467000	0.974757
0.467000	0.781088
0.467000	0.537453
0.467000	0.446571
0.467000	0.284993
0.467000	0.114416
0.467000	0.083967
0.467000	0.344209
0.467000	0.349922
0.467000	0.321865
0.467000	0.405313
0.467000	0.421171
0.467000	0.352196
0.467000	0.300042
0.467000	0.254896
0.467000	0.136152
0.467000	0.018646
0.429000	-0.048281
0.241000	-0.126002
-0.137000	-0.223673
-0.950000	-0.377723
-1.139000	-0.490656
-1.214000	-0.572837
-1.176000	-0.611091
-1.233000	-0.692203
-1.365000	-0.778857
-1.422000	-0.831594
-1.497000	-0.873382
-1.554000	-0.908046
-1.611000	-0.947145
-1.649000	-0.978099
-1.667000	-0.988537
-1.554000	-0.937209
-1.384000	-0.876986
-1.516000	-0.979944
-1.535000	-1.005346
-1.044000	-0.766055
-1.214000	-0.800734
-1.214000	-0.830666
-1.214000	-0.852744
-1.195000	-0.844592
-1.252000	-0.850872
-1.327000	-0.877077
-1.460000	-0.923461
-1.535000	-0.948554
-1.592000	-0.977343
-1.649000	-1.011417
-1.743000	-1.037497
-1.743000	-1.046686
-1.743000	-1.091883
0.354000	-0.279160
0.467000	0.500941
0.467000	0.541741
0.467000	0.601705
0.467000	0.622680
0.467000	0.638673
0.467000	0.645552
0.467000	0.655726
0.467000	0.665541
0.467000	0.660409
0.467000	0.642084
0.467000	0.667723
0.467000	0.635905
0.467000	0.643820
0.467000	0.659806
0.467000	0.674567
0.467000	0.671970
0.467000	0.678259
0.467000	0.669316
0.467000	0.676172
0.467000	0.677839
0.467000	0.665797
0.467000	0.644142
0.467000	0.632336
-1.195000	-1.424974
-1.233000	-1.454464
-1.214000	-1.477266
-1.233000	-1.488806
-1.233000	-1.509287
-1.252000	-1.530251
-1.271000	-1.541412
-1.290000	-1.570206
-1.309000	-1.602801
-1.327000	-1.590735
-1.290000	-1.651292
-1.271000	-1.707462
-1.309000	-1.741102
-1.044000	-1.501347
-0.421000	-0.857613
-0.496000	-0.784235
-0.553000	-0.859497
-0.704000	-0.908604
-0.723000	-0.922286
-0.477000	-0.923853
-0.628000	-0.988481
-0.666000	-1.019939
-0.685000	-1.046064
-0.742000	-1.085923
-0.610000	-1.072289
-0.666000	-1.087992
-0.685000	-1.124552
-0.836000	-1.167722
-0.874000	-1.207416
-0.874000	-1.251549
-0.893000	-1.306350
-0.931000	-1.338193
-0.968000	-1.378560
-1.025000	-1.419623
-1.044000	-1.451083
-1.101000	-1.455519
-1.044000	-1.446433
-1.120000	-1.475357
-1.195000	-1.510238
-1.214000	-1.539259
-1.120000	-1.533320
-1.120000	-1.561762
-1.101000	-1.563382
-1.176000	-1.591365
-1.252000	-1.611128
-1.252000	-1.629144
-1.214000	-1.630179
-1.252000	-1.684733
-1.157000	-1.739710
-1.252000	-1.869571
-1.384000	-2.046379
-1.290000	-2.014180
0.467000	-0.647598
0.184000	-0.832983
-0.213000	-0.970019
-0.288000	-1.024906
-0.156000	-0.996614
-0.081000	-0.998699
-0.156000	-1.034844
-0.307000	-1.097785
-0.383000	-1.169259
-0.553000	-1.240827
-0.572000	-1.276736
-0.685000	-1.328035
-0.761000	-1.370585
-0.647000	-1.343972
0.467000	0.106259
0.467000	0.142785
0.467000	0.161080
0.448000	0.225853
0.467000	0.340255
0.467000	0.425102
0.467000	0.578406
0.316000	0.582422
0.392000	0.649431
0.467000	0.782361
0.448000	0.846804
0.448000	0.865965
0.467000	0.891003
0.467000	0.913635
0.467000	0.932985
0.467000	0.958132
0.467000	0.972727
0.467000	0.988099
0.467000	1.009930
0.467000	1.038081
0.467000	1.052472
0.467000	1.064827
0.467000	1.037491
0.467000	0.964990
0.467000	0.868995
0.354000	0.867107
0.467000	1.170033
0.467000	0.491311
0.467000	0.238115
0.373000	0.131772
0.297000	0.210059
0.203000	0.639564
0.222000	0.600353
0.203000	0.574159
0.278000	0.642339
0.354000	0.639450
0.448000	0.636001
0.467000	0.651032
0.392000	0.638082
0.259000	0.489459
0.316000	0.386544
0.354000	0.345986
0.259000	0.310484
0.278000	0.296626
0.297000	0.290121
0.354000	0.352269
0.392000	0.298550
0.241000	0.277344
0.203000	0.269330
0.241000	0.357998
0.335000	0.512912
0.411000	0.511327
0.429000	0.495074
0.448000	0.533388
0.429000	0.524111
0.467000	0.483571
0.373000	0.482050
0.278000	0.451147
0.146000	0.468665
0.089000	0.434046
0.127000	0.423208
0.146000	0.434397
0.127000	0.417856
0.089000	0.387400
0.014000	0.383035
-0.005000	0.370632
-0.024000	0.349047
-0.024000	0.331331
0.014000	0.228589
-0.043000	0.184025
0.052000	0.257061
-0.081000	0.202112
-0.099000	0.155349
-0.081000	0.159133
0.089000	0.580331
0.259000	0.589149
0.373000	0.455461
0.278000	0.313042
0.392000	0.227591
0.373000	0.176395
0.373000	0.141804
0.373000	0.110002
0.373000	0.108392
0.392000	0.105843
0.354000	0.097812
0.392000	0.167881
0.411000	0.193365
0.373000	0.142234
0.241000	0.108368
0.241000	0.090498
0.259000	0.083672
0.278000	0.104515
0.297000	0.081434
0.316000	0.072041
0.316000	0.073634
0.335000	0.066885
0.316000	0.056377
0.259000	0.048564
0.241000	0.077470
0.241000	0.156974
0.259000	0.148345
0.241000	0.172322
0.203000	0.175816
0.222000	0.158821
0.297000	0.154202
0.297000	0.145924
0.354000	0.153455
0.354000	0.171756
0.335000	0.494217
0.354000	0.661887
0.316000	0.559999
0.297000	0.452328
0.297000	0.600412
0.316000	0.575914
0.335000	0.594301
0.392000	0.659750
0.392000	0.649755
0.373000	0.687968
0.373000	0.726887
0.354000	0.620027
0.373000	0.683837
0.373000	0.629541
0.373000	0.650947
0.354000	0.647815
0.354000	0.622385
0.316000	0.578919
0.335000	0.518481
0.316000	0.450225
0.297000	0.398451
0.297000	0.338879
0.278000	0.281757
0.297000	0.246108
0.297000	0.219762
0.316000	0.201161
0.335000	0.182971
0.373000	0.175290
0.354000	0.165459
0.354000	0.179078
0.392000	0.178409
0.467000	0.278539
0.467000	0.259605
0.467000	0.233605
0.467000	0.211144
0.467000	0.199042
0.467000	0.188342
0.467000	0.178737
0.467000	0.177208
0.467000	0.168545
0.467000	0.163700
0.467000	0.154872
0.467000	0.202879
0.467000	0.243494
0.467000	0.217671
0.467000	0.196484
0.467000	0.188633
0.467000	0.173555
0.467000	0.168550
0.467000	0.168793
0.467000	0.161276
0.467000	0.158181
0.467000	0.152955
0.467000	0.174890
0.467000	0.211744
0.467000	0.196729
0.467000	0.215968
0.467000	0.270186
0.467000	0.258984
0.467000	0.211130
0.467000	0.197053
0.448000	0.185282
0.448000	0.197089
0.411000	0.203848
0.467000	0.907753
0.467000	0.983050
0.467000	0.999392
0.467000	0.731258
0.467000	0.632992
0.467000	0.685953
0.467000	0.690900
0.467000	0.742800
0.467000	0.635294
0.467000	0.541412
0.467000	0.516764
0.467000	0.543746
0.467000	0.533661
0.467000	0.497691
0.467000	0.504015
0.467000	0.586133
0.467000	0.656784
0.467000	0.613272
0.467000	0.542177
0.467000	0.448067
0.467000	0.427969
0.467000	0.426581
0.467000	0.461591
0.467000	0.497162
0.467000	0.548787
0.467000	0.553372
0.467000	0.604930
0.467000	0.658528
0.467000	0.707572
0.467000	0.706702
0.467000	0.731490
0.467000	0.755592
0.467000	0.776891
0.467000	0.809081
0.467000	0.715601
0.467000	0.637469
0.467000	0.570053
0.467000	0.543346
0.467000	0.593874
0.467000	0.610177
0.467000	0.668518
0.467000	0.687625
0.467000	0.693007
0.467000	0.677817
0.467000	0.659914
0.467000	0.661640
0.467000	0.638720
0.467000	0.591877
0.467000	0.572948
0.467000	0.524887
0.467000	0.565304
0.467000	0.620285
0.467000	0.568989
0.467000	0.541146
0.467000	0.517438
0.467000	0.491499
0.467000	0.449447
0.467000	0.392321
0.467000	0.299722
0.467000	0.177949
0.467000	0.006980
0.467000	0.128075
0.467000	0.327329
0.467000	0.509285
0.467000	0.868323
0.467000	0.733250
0.467000	0.665814
0.467000	0.580471
0.467000	0.472242
0.467000	0.348782
0.467000	0.197416
0.467000	0.690728
0.467000	0.434093
0.467000	0.223246
0.467000	0.240339
0.467000	0.172636
0.467000	0.121220
0.467000	0.120592
0.467000	0.103005
0.467000	0.072571
0.467000	0.062382
0.467000	0.091330
0.467000	0.183651
0.467000	0.291588
0.467000	0.449705
0.467000	0.625018
0.467000	0.766780
0.467000	0.805175
0.467000	0.805421
0.467000	0.859053
0.467000	0.929513
0.467000	0.994294
0.467000	1.039447
0.467000	1.039468
0.467000	0.856427
0.467000	0.789776
0.467000	0.843471
0.467000	0.867745
0.467000	0.818520
0.467000	0.804817
0.467000	0.880673
0.467000	0.913254
0.467000	0.927259
0.467000	0.902425
0.467000	0.851822
0.467000	0.764526
0.467000	0.750319
0.467000	0.764314
0.467000	0.768486
0.467000	0.767411
0.467000	0.749645
0.467000	0.693704
0.467000	0.772381
0.467000	0.726403
0.467000	0.707557
0.467000	0.633488
0.467000	0.529904
0.467000	0.457847
0.467000	0.477340
0.467000	0.550069
0.467000	0.769096
0.467000	0.625612
0.467000	0.685734
0.467000	0.711425
0.467000	0.567820
0.467000	0.460044
0.467000	0.392732
0.467000	0.338499
0.467000	0.342212
0.467000	0.351085
