1.140000	0.561250
1.650000	0.589390
1.460000	0.589390
0.866000	0.586980
0.285000	0.509800
0.028300	0.459150
-0.737000	-0.676820
-1.170000	-0.785350
-1.210000	-1.382700
-1.000000	-0.948550
0.258000	0.578940
1.230000	0.579740
1.120000	0.583760
1.040000	0.581350
0.777000	0.469600
0.016100	0.520250
-0.497000	-0.097982
-0.974000	-0.471810
-1.250000	-1.061100
-1.530000	-0.827960
-1.610000	-1.189700
-1.240000	0.238070
-0.524000	0.531500
0.348000	0.582150
1.100000	0.577330
1.230000	0.589390
0.999000	0.567680
0.754000	0.535520
0.051400	0.132750
-0.587000	-0.122100
-0.951000	-0.792590
-1.400000	-1.543500
-1.660000	-1.398800
-1.430000	-0.273240
-0.864000	0.535520
0.749000	0.582150
1.210000	0.588580
1.180000	0.587780
1.410000	0.589390
1.040000	0.587780
0.380000	0.494520
-0.159000	0.069158
-0.583000	-0.452520
-1.170000	-0.972670
-1.370000	-2.154500
-0.877000	0.106220
-0.227000	0.547580
0.579000	0.580550
0.962000	0.583760
1.110000	0.575720
1.000000	0.581350
0.551000	0.537130
-0.251000	0.239670
-0.824000	-0.319870
-1.200000	-0.900320
-1.500000	-0.892280
-1.800000	-2.307200
-1.780000	-0.093962
-1.320000	0.525880
0.571000	0.586980
1.610000	0.589390
1.530000	0.589390
1.290000	0.589390
0.818000	0.586170
0.162000	0.473620
-0.313000	0.002656
-0.663000	-0.497540
-1.200000	-0.712190
-1.350000	-1.656000
-0.713000	0.291930
0.335000	0.578130
0.657000	0.583760
1.070000	0.584570
1.240000	0.564470
1.110000	0.558040
0.737000	0.558040
0.027000	0.164910
-0.464000	-0.254750
-0.897000	-1.085200
-1.280000	-0.980710
-1.470000	-2.090200
-0.751000	0.279870
0.115000	0.530700
0.592000	0.586980
1.010000	0.589390
1.160000	0.587780
1.100000	0.587780
0.480000	0.578940
-0.011100	0.431010
-0.391000	-0.018472
-0.836000	-0.475830
-1.250000	-0.559440
-1.350000	-2.548400
-0.870000	-0.560250
0.708000	0.546780
1.150000	0.582960
1.660000	0.586980
1.050000	0.582960
1.090000	0.587780
0.621000	0.570090
0.082100	0.435030
-0.309000	0.037322
-0.626000	-0.385790
-0.972000	-1.149500
-1.210000	-1.760500
-0.732000	0.325700
0.481000	0.550000
0.839000	0.582150
1.000000	0.589390
1.020000	0.587780
1.270000	0.589390
0.892000	0.491310
0.371000	0.507390
-0.129000	-0.062689
-0.629000	-0.723450
-1.060000	-1.238000
-1.310000	-2.403700
-0.998000	-0.581150
0.014900	0.517840
1.080000	0.587780
