1.160000	0.753450
1.530000	1.612000
1.420000	1.365900
0.877000	0.996870
0.238000	0.362430
0.027300	0.094320
-0.773000	-0.633780
-1.270000	-0.839210
-1.310000	-1.304400
-0.958000	-1.061200
0.312000	0.390690
1.180000	0.553880
1.090000	0.698280
1.170000	0.831810
0.855000	0.707010
0.297000	0.487850
-0.159000	-0.360480
-0.753000	-0.711070
-1.210000	-1.128700
-1.620000	-1.145900
-1.690000	-1.328900
-1.120000	-0.527240
-0.239000	-0.011672
0.551000	0.547710
1.180000	0.873390
1.210000	1.081400
1.010000	0.808700
0.849000	0.422120
0.253000	-0.212140
-0.297000	-0.510890
-0.711000	-0.980070
-1.350000	-1.464700
-1.690000	-1.501500
-1.300000	-0.862030
-0.395000	-0.210410
0.757000	0.345050
1.300000	1.124400
1.310000	1.064900
1.450000	1.630800
0.972000	0.728610
0.313000	0.102540
-0.108000	-0.271520
-0.512000	-0.666620
-1.150000	-1.059000
-1.450000	-1.744600
-0.880000	-0.597980
-0.170000	-0.111080
0.650000	0.342920
0.991000	0.617140
1.120000	0.628040
1.000000	0.770400
0.558000	0.329140
-0.207000	-0.273860
-0.739000	-0.720100
-1.130000	-1.052900
-1.530000	-1.255300
-1.880000	-1.977800
-1.820000	-0.960840
-1.170000	-0.080905
0.390000	0.365750
1.770000	1.199900
1.460000	2.000800
1.200000	1.630700
0.750000	0.709620
0.162000	0.218940
-0.269000	-0.223490
-0.621000	-0.626540
-1.230000	-0.879790
-1.570000	-1.452800
-0.750000	-0.423130
0.206000	0.271080
0.789000	0.371550
1.060000	0.874590
1.230000	0.774120
0.992000	0.870270
0.744000	0.284210
0.088400	-0.273600
-0.326000	-0.625350
-0.796000	-1.145600
-1.310000	-1.211700
-1.590000	-1.840800
-0.739000	-0.547390
0.195000	-0.106780
0.922000	0.548030
-0.063500	1.493500
1.260000	1.738000
1.020000	1.447100
0.442000	0.671660
0.017600	0.283100
-0.367000	-0.190700
-0.837000	-0.585790
-1.320000	-0.785420
-1.510000	-1.899000
-0.969000	-0.819910
0.552000	0.374740
1.110000	0.613120
1.650000	1.139800
0.924000	1.334100
0.949000	1.401100
0.555000	0.566850
0.120000	0.178020
-0.278000	-0.180800
-0.626000	-0.604560
-1.080000	-1.114900
-1.400000	-1.520600
-0.839000	-0.416310
0.517000	0.341490
0.829000	0.500470
0.949000	1.045600
0.883000	1.162900
1.300000	1.525700
0.818000	0.847340
0.368000	0.348550
-0.140000	-0.217260
-0.608000	-0.710640
-1.100000	-1.126900
-1.480000	-1.838200
-1.090000	-0.967640
-0.173000	-0.031295
0.834000	0.529520
