0.281000	0.754910
1.090000	1.413300
1.330000	1.799800
1.210000	1.536500
0.714000	1.019200
0.100000	0.594480
-0.662000	-0.219460
-0.988000	-0.578040
-1.160000	-1.162600
-1.270000	-1.137500
-0.177000	-0.213780
0.854000	0.162000
0.801000	0.511600
1.260000	0.845930
1.200000	0.812350
0.416000	0.613930
-0.216000	0.011710
-0.704000	-0.446880
-1.010000	-0.953340
-1.300000	-1.070300
-1.450000	-1.402900
-1.500000	-0.867720
-1.100000	-0.579140
0.287000	0.023665
0.652000	0.709580
1.360000	1.061400
0.839000	0.955130
0.107000	0.683490
-0.577000	0.162260
-0.903000	-0.251410
-1.170000	-0.782760
-1.380000	-1.331700
-1.550000	-1.495400
-1.650000	-1.121600
-1.320000	-0.701580
0.268000	-0.404210
1.170000	0.227540
1.240000	0.844640
1.220000	1.089000
0.931000	0.970930
0.331000	0.587360
-0.254000	0.109280
-0.690000	-0.370020
-1.050000	-0.852790
-1.280000	-1.611800
-1.160000	-0.788040
-0.879000	-0.565120
-0.073300	-0.051579
0.571000	0.475720
0.966000	0.736470
0.883000	0.823160
0.741000	0.555150
-0.055800	0.023246
-0.640000	-0.520430
-0.990000	-1.018800
-1.250000	-1.229900
-1.470000	-2.028600
-1.590000	-1.214800
-1.130000	-0.767960
0.201000	-0.147420
1.340000	0.679720
1.650000	1.537500
1.720000	1.772200
1.310000	1.301500
0.740000	0.780320
0.004700	0.223390
-0.343000	-0.280700
-0.712000	-0.640900
-0.980000	-1.300800
-0.740000	-0.556790
0.063800	-0.303160
0.689000	-0.026002
0.998000	0.452610
1.250000	0.763240
1.120000	0.754180
0.791000	0.537480
0.164000	0.051373
-0.425000	-0.383950
-0.855000	-0.959180
-1.170000	-1.115800
-1.370000	-1.815200
-1.280000	-0.932040
-0.903000	-0.696810
0.126000	-0.099112
1.020000	1.178700
1.510000	1.930200
1.390000	1.743900
0.986000	1.305200
0.452000	0.841520
-0.046400	0.281670
-0.467000	-0.217750
-0.819000	-0.537420
-1.080000	-1.717100
-1.070000	-1.062300
-0.112000	-0.356370
1.010000	0.106840
1.260000	0.715230
1.620000	1.162000
1.540000	1.322900
1.050000	1.114900
0.395000	0.648680
-0.098400	0.166270
-0.504000	-0.288050
-0.922000	-0.875160
-1.140000	-1.392600
-0.812000	-0.656410
-0.210000	-0.416370
0.570000	-0.014981
1.320000	0.496840
1.570000	1.081300
1.460000	1.427100
1.250000	1.349200
0.906000	0.905680
0.218000	0.260730
-0.600000	-0.347340
-0.973000	-0.860460
-1.210000	-1.670300
-1.120000	-1.064600
-0.767000	-0.481670
0.847000	-0.049067
