0.416000	0.846000
1.160000	1.562300
1.100000	1.580000
1.210000	1.304400
0.810000	0.657990
0.225000	0.117250
-0.486000	-0.724590
-1.040000	-0.697790
-1.180000	-1.110800
-0.857000	-1.043000
0.032600	0.264920
0.599000	0.530900
0.825000	0.939590
1.140000	1.070900
1.360000	0.992330
0.713000	0.770780
-0.070800	-0.143580
-0.683000	-0.579100
-1.080000	-0.921950
-1.430000	-1.042600
-1.620000	-1.383700
-1.280000	-0.609300
-0.489000	0.033741
0.735000	0.455220
1.030000	0.954230
1.040000	1.189000
1.040000	1.114800
0.655000	0.732870
0.068500	0.061182
-0.475000	-0.407860
-1.030000	-0.988410
-1.490000	-1.385400
-1.670000	-1.359800
-1.420000	-0.996250
-0.235000	-0.333830
0.463000	0.144790
1.690000	0.804570
1.310000	0.860710
1.260000	1.520700
0.878000	0.874660
0.152000	-0.011367
-0.367000	-0.400730
-0.820000	-0.779000
-1.230000	-1.035500
-1.570000	-1.685600
-1.150000	-0.733490
-0.589000	-0.096876
0.556000	0.424260
1.550000	0.709260
1.110000	0.879070
1.150000	0.895820
0.857000	0.504210
0.194000	-0.148300
-0.400000	-0.669300
-0.905000	-1.145100
-1.310000	-1.250400
-1.650000	-2.041800
-1.520000	-1.109800
-0.855000	-0.344720
0.400000	0.283100
1.100000	1.127100
1.170000	1.784000
1.560000	1.625700
1.200000	0.917800
0.352000	0.221430
-0.313000	-0.322430
-0.779000	-0.618490
-1.190000	-1.007300
-1.410000	-1.550300
-0.656000	-0.535720
0.894000	0.226020
0.834000	0.398400
0.927000	0.783130
1.200000	0.766090
1.040000	0.960740
0.713000	0.501660
-0.028800	-0.296900
-0.654000	-0.661840
-1.150000	-1.193700
-1.600000	-1.319100
-1.510000	-1.653000
-1.070000	-0.531670
-0.661000	-0.272440
0.100000	0.463170
0.744000	1.366200
1.410000	1.709200
1.200000	1.561600
0.715000	0.653220
0.271000	0.267450
-0.203000	-0.271540
-0.772000	-0.688560
-1.180000	-0.907930
-1.440000	-1.791700
-0.996000	-0.956950
0.088400	0.069242
0.930000	0.467610
1.350000	1.102100
1.270000	1.373100
1.120000	1.422000
0.601000	0.545110
0.120000	0.198940
-0.338000	-0.195330
-0.758000	-0.779850
-1.260000	-1.200800
-1.540000	-1.511200
-0.660000	-0.718570
0.050800	-0.129800
0.509000	0.415120
1.300000	0.920510
1.180000	1.232800
1.260000	1.535500
0.964000	0.935850
0.528000	0.411580
-0.076900	-0.240470
-0.791000	-0.700090
-1.170000	-1.132400
-1.360000	-1.645400
-0.734000	-1.101400
-0.182000	-0.371760
0.979000	0.444850
