1.010000	0.849260
1.080000	1.169100
1.280000	1.036100
0.829000	0.848720
0.513000	0.309980
0.046800	-0.039867
-0.946000	-1.106100
-1.670000	-0.959850
-1.430000	-1.321900
-0.474000	-0.833030
0.779000	0.600340
1.220000	0.752170
0.525000	0.874540
0.772000	0.868440
0.847000	0.748660
0.665000	0.583550
0.093200	-0.388640
-0.496000	-0.957080
-1.100000	-1.399500
-1.380000	-1.107100
-0.504000	-1.305600
0.242000	0.097510
0.849000	0.489160
1.320000	0.752900
1.090000	0.927450
1.010000	0.972450
1.080000	0.863250
0.783000	0.557150
0.263000	-0.173070
-0.215000	-0.608280
-0.925000	-1.290700
-1.530000	-1.746400
-1.400000	-1.391100
-0.582000	-0.339300
0.236000	0.397120
0.837000	0.626030
1.100000	0.963610
1.040000	0.924400
0.673000	1.214800
0.830000	0.707340
0.240000	0.074803
-0.363000	-0.489460
-1.130000	-0.968920
-1.640000	-1.167600
-1.490000	-2.014200
-0.154000	-0.082318
0.481000	0.474350
1.030000	0.671270
1.310000	0.798980
0.810000	0.819050
0.930000	0.845070
0.651000	0.575730
0.101000	-0.042286
-0.445000	-0.736780
-1.190000	-1.300000
-1.700000	-1.133300
-1.470000	-2.127500
-0.699000	-0.196110
0.355000	0.484450
1.050000	0.572320
0.877000	0.948620
0.975000	1.339800
0.777000	1.096600
0.708000	0.635640
0.168000	0.132800
-0.555000	-0.461480
-1.280000	-0.890330
-1.860000	-1.031100
-1.870000	-1.618800
-0.478000	0.105710
0.847000	0.580960
1.310000	0.654390
1.020000	0.883630
0.738000	0.802130
0.932000	0.879900
0.666000	0.469270
-0.055200	-0.230870
-0.695000	-0.805650
-1.440000	-1.529100
-1.970000	-1.340900
-1.670000	-1.905700
-0.415000	0.129330
0.269000	0.400100
1.130000	0.625960
1.220000	1.043200
1.350000	1.210500
0.923000	1.053100
0.654000	0.585250
0.215000	0.250020
-0.434000	-0.443660
-1.210000	-0.902560
-1.770000	-0.856350
-1.760000	-2.217100
-0.510000	-0.362900
0.083900	0.589010
0.464000	0.655240
0.735000	1.019600
0.697000	1.068500
0.942000	1.024100
0.676000	0.538880
0.241000	0.182370
-0.323000	-0.355680
-1.070000	-0.912280
-1.790000	-1.349400
-1.920000	-1.583500
-0.305000	0.213150
0.442000	0.607980
1.010000	0.736090
0.539000	0.964060
0.913000	1.070600
0.926000	1.203300
0.540000	0.725290
0.197000	0.408490
-0.430000	-0.446220
-1.170000	-1.019700
-1.790000	-1.358500
-1.830000	-2.039600
-0.713000	-0.501180
0.404000	0.421680
0.667000	0.683140
