0.155000	0.820760
0.860000	1.666600
1.140000	1.705300
1.230000	1.331200
0.840000	0.609000
0.298000	0.162180
-0.376000	-0.529290
-0.890000	-0.720760
-1.060000	-1.136900
-0.906000	-1.009800
-0.119000	0.055017
0.683000	0.378570
0.755000	0.668370
1.320000	0.903820
1.460000	0.829680
0.744000	0.547270
-0.131000	-0.259060
-0.736000	-0.712180
-1.050000	-1.095700
-1.330000	-1.154900
-1.550000	-1.342000
-1.380000	-0.758220
-0.591000	-0.344430
0.753000	0.303210
0.835000	0.874420
1.390000	1.166000
1.140000	0.953040
0.782000	0.537360
-0.002240	-0.126400
-0.592000	-0.532230
-1.020000	-1.003500
-1.350000	-1.383000
-1.660000	-1.420100
-1.710000	-0.999760
-0.342000	-0.534880
0.417000	-0.057844
1.490000	0.751100
1.330000	1.030000
1.230000	1.522800
0.904000	0.862470
0.136000	0.187790
-0.462000	-0.265230
-0.882000	-0.662770
-1.230000	-0.965730
-1.550000	-1.516100
-1.400000	-0.760730
-0.764000	-0.395440
0.218000	0.140100
0.933000	0.585630
1.170000	0.735980
1.080000	0.855000
0.826000	0.432510
0.050400	-0.224430
-0.606000	-0.738200
-1.040000	-1.122000
-1.350000	-1.273600
-1.720000	-1.822300
-1.760000	-1.115300
-1.530000	-0.474570
-0.370000	0.064990
0.911000	1.015900
1.220000	1.973200
1.390000	1.836900
1.170000	1.001100
0.409000	0.370780
-0.260000	-0.148110
-0.573000	-0.553320
-0.885000	-0.825100
-1.160000	-1.274400
-0.831000	-0.565680
0.697000	-0.054226
0.873000	0.159920
0.874000	0.723970
1.080000	0.817560
1.030000	0.887330
0.668000	0.357750
-0.095000	-0.245110
-0.683000	-0.671180
-1.090000	-1.141600
-1.410000	-1.230400
-1.570000	-1.655000
-1.440000	-0.806410
-0.914000	-0.480500
0.198000	0.194560
0.655000	1.445900
1.480000	2.009000
1.390000	1.721100
0.849000	0.970720
0.318000	0.489260
-0.122000	-0.088140
-0.571000	-0.513930
-0.941000	-0.726180
-1.170000	-1.560800
-0.993000	-0.846320
-0.166000	-0.017940
0.824000	0.343720
1.150000	1.031100
1.640000	1.373000
1.290000	1.471100
0.797000	0.810070
0.260000	0.314920
-0.137000	-0.134870
-0.499000	-0.597340
-0.913000	-0.997430
-1.170000	-1.301700
-0.515000	-0.590550
0.279000	-0.059569
0.720000	0.255090
1.460000	0.853340
1.370000	1.249000
1.400000	1.644600
1.190000	1.158200
0.724000	0.578020
0.099600	-0.095374
-0.567000	-0.584540
-0.949000	-0.964470
-1.200000	-1.503200
-0.835000	-0.956470
-0.293000	-0.320870
0.816000	0.230940
