0.962000	0.757610
1.280000	1.450900
1.410000	1.288000
0.976000	0.993600
0.698000	0.464860
0.387000	0.224680
-0.685000	-0.665890
-1.550000	-0.869890
-1.210000	-1.409500
-0.470000	-1.112300
0.261000	0.431870
0.841000	0.577160
0.844000	0.707580
0.962000	0.827230
0.990000	0.702240
0.676000	0.538430
0.168000	-0.296540
-0.413000	-0.684490
-1.060000	-1.181500
-1.450000	-1.141000
-1.570000	-1.392100
-0.728000	-0.386890
0.279000	0.094741
0.821000	0.565030
1.550000	0.849570
0.978000	1.030100
0.850000	0.812660
0.705000	0.496880
0.278000	-0.116170
-0.201000	-0.431620
-0.930000	-0.989990
-1.600000	-1.581800
-1.760000	-1.581700
-1.430000	-0.786480
-0.082500	-0.061280
0.682000	0.387130
1.420000	1.013600
1.190000	1.004600
1.000000	1.446200
0.872000	0.758380
0.342000	0.239610
-0.215000	-0.180510
-0.819000	-0.641470
-1.370000	-1.100200
-1.370000	-1.967300
-0.555000	-0.469680
0.193000	0.024746
0.622000	0.405750
0.924000	0.644280
0.846000	0.665680
1.130000	0.779590
0.763000	0.419650
0.212000	-0.143210
-0.433000	-0.656300
-1.280000	-1.086600
-1.790000	-1.249600
-2.020000	-2.207100
-1.640000	-0.820110
-0.565000	0.030015
0.438000	0.419020
0.854000	1.097200
1.150000	1.751500
1.070000	1.486100
0.884000	0.762990
0.420000	0.333290
-0.274000	-0.154800
-0.867000	-0.617650
-1.520000	-0.885260
-1.670000	-1.600200
-0.799000	-0.276240
0.676000	0.336220
1.060000	0.429680
0.962000	0.837310
0.806000	0.774510
1.070000	0.844840
0.592000	0.390130
0.010400	-0.160710
-0.568000	-0.560020
-1.210000	-1.200900
-1.690000	-1.232900
-1.660000	-2.035200
-0.777000	-0.395050
-0.152000	0.015915
0.722000	0.559330
0.671000	1.347800
1.140000	1.575900
0.914000	1.345500
0.786000	0.732710
0.386000	0.374250
-0.181000	-0.132120
-0.877000	-0.577620
-1.460000	-0.768520
-1.630000	-2.191800
-0.853000	-0.825470
-0.126000	0.403180
1.010000	0.619440
0.887000	1.053300
0.760000	1.225000
1.360000	1.286200
0.671000	0.640230
0.204000	0.284740
-0.284000	-0.116980
-0.962000	-0.572600
-1.510000	-1.189400
-1.650000	-1.683700
-0.376000	-0.268190
0.474000	0.375420
0.960000	0.527140
0.963000	0.970090
1.180000	1.092400
1.350000	1.386700
0.810000	0.845120
0.391000	0.447110
-0.249000	-0.164810
-0.879000	-0.743400
-1.310000	-1.220400
-1.530000	-2.105800
-0.795000	-0.942430
0.302000	0.082113
1.030000	0.548510
