0.155000	0.529420
0.860000	0.555960
1.140000	0.555960
1.230000	0.553680
0.840000	0.480880
0.298000	0.433110
-0.376000	-0.638430
-0.890000	-0.740810
-1.060000	-1.304300
-0.906000	-0.894750
-0.119000	0.546100
0.683000	0.546860
0.755000	0.550650
1.320000	0.548380
1.460000	0.442970
0.744000	0.490740
-0.131000	-0.092424
-0.736000	-0.445050
-1.050000	-1.000900
-1.330000	-0.781000
-1.550000	-1.122300
-1.380000	0.224560
-0.591000	0.501360
0.753000	0.549130
0.835000	0.544580
1.390000	0.555960
1.140000	0.535480
0.782000	0.505150
-0.002240	0.125220
-0.592000	-0.115170
-1.020000	-0.747630
-1.350000	-1.455900
-1.660000	-1.319400
-1.710000	-0.257740
-0.342000	0.505150
0.417000	0.549130
1.490000	0.555200
1.330000	0.554440
1.230000	0.555960
0.904000	0.554440
0.136000	0.466480
-0.462000	0.065235
-0.882000	-0.426850
-1.230000	-0.917500
-1.550000	-2.032300
-1.400000	0.100200
-0.764000	0.516530
0.218000	0.547620
0.933000	0.550650
1.170000	0.543070
1.080000	0.548380
0.826000	0.506670
0.050400	0.226080
-0.606000	-0.301730
-1.040000	-0.849250
-1.350000	-0.841670
-1.720000	-2.176400
-1.760000	-0.088633
-1.530000	0.496050
-0.370000	0.553680
0.911000	0.555960
1.220000	0.555960
1.390000	0.555960
1.170000	0.552930
0.409000	0.446760
-0.260000	0.002505
-0.573000	-0.469320
-0.885000	-0.671800
-1.160000	-1.562100
-0.831000	0.275370
0.697000	0.545340
0.873000	0.550650
0.874000	0.551410
1.080000	0.532450
1.030000	0.526380
0.668000	0.526380
-0.095000	0.155550
-0.683000	-0.240300
-1.090000	-1.023700
-1.410000	-0.925090
-1.570000	-1.971600
-1.440000	0.264000
-0.914000	0.500600
0.198000	0.553680
0.655000	0.555960
1.480000	0.554440
1.390000	0.554440
0.849000	0.546100
0.318000	0.406570
-0.122000	-0.017424
-0.571000	-0.448850
-0.941000	-0.527710
-1.170000	-2.403900
-0.993000	-0.528470
-0.166000	0.515770
0.824000	0.549890
1.150000	0.553680
1.640000	0.549890
1.290000	0.554440
0.797000	0.537760
0.260000	0.410360
-0.137000	0.035205
-0.499000	-0.363910
-0.913000	-1.084300
-1.170000	-1.660700
-0.515000	0.307220
0.279000	0.518800
0.720000	0.549130
1.460000	0.555960
1.370000	0.554440
1.400000	0.555960
1.190000	0.463440
0.724000	0.478610
0.099600	-0.059133
-0.567000	-0.682420
-0.949000	-1.167800
-1.200000	-2.267400
-0.835000	-0.548190
-0.293000	0.488470
0.816000	0.554440
