0.965000	0.913300
1.090000	1.210500
1.080000	1.187600
0.947000	1.040900
0.527000	0.465880
0.072300	-0.075609
-0.987000	-1.184700
-1.670000	-0.866650
-1.390000	-1.183100
-0.326000	-0.838340
0.534000	0.563590
0.816000	0.768630
1.080000	1.082900
0.940000	1.061300
0.968000	0.965360
0.676000	0.790360
0.106000	-0.258190
-0.564000	-0.852520
-1.170000	-1.217900
-1.560000	-1.036400
-1.220000	-1.345000
-0.500000	0.004160
0.396000	0.554060
1.080000	0.730690
1.110000	1.012200
1.110000	1.077800
1.070000	1.089500
0.737000	0.761660
0.092800	-0.003333
-0.472000	-0.545350
-1.220000	-1.286100
-1.780000	-1.666600
-1.410000	-1.290600
-0.544000	-0.478210
0.362000	0.295460
0.837000	0.539960
0.920000	0.853040
0.907000	0.803150
1.040000	1.255100
0.650000	0.795360
0.182000	-0.087867
-0.517000	-0.624270
-1.110000	-1.067400
-1.730000	-1.166800
-1.430000	-1.957900
-0.427000	-0.230110
0.347000	0.484850
0.970000	0.760140
1.020000	0.874810
0.896000	0.988040
0.926000	0.931730
0.622000	0.657290
0.130000	-0.009201
-0.668000	-0.719870
-1.300000	-1.349800
-1.820000	-1.148600
-1.410000	-2.162000
-0.537000	-0.378260
0.215000	0.299700
1.050000	0.558330
0.920000	0.998710
0.698000	1.308100
0.768000	1.134800
0.858000	0.728700
0.416000	0.062683
-0.394000	-0.579700
-1.080000	-0.901460
-1.750000	-1.155100
-1.780000	-1.708000
-0.046400	-0.032836
0.689000	0.594790
0.846000	0.703900
0.819000	0.870060
0.768000	0.792630
0.903000	0.971200
0.567000	0.591340
-0.145000	-0.302390
-0.823000	-0.846390
-1.470000	-1.548300
-1.920000	-1.428800
-1.210000	-1.750700
-0.357000	0.118720
0.476000	0.291070
0.939000	0.646900
1.150000	1.039700
1.320000	1.218700
1.170000	1.150100
0.913000	0.483170
0.408000	0.156680
-0.364000	-0.549170
-1.100000	-1.003200
-1.800000	-0.987650
-1.870000	-2.124600
-0.936000	-0.501810
0.387000	0.420000
0.808000	0.607380
1.040000	1.066800
1.150000	1.158700
0.953000	1.099100
0.579000	0.440280
0.138000	0.129450
-0.493000	-0.395940
-1.190000	-1.065900
-1.830000	-1.430300
-1.750000	-1.593800
-0.041000	-0.081734
0.647000	0.296910
0.901000	0.714840
1.030000	0.952840
0.932000	1.150700
1.200000	1.263500
0.770000	0.735830
0.376000	0.369090
-0.295000	-0.507710
-1.050000	-1.027200
-1.390000	-1.377300
-1.590000	-1.887700
-0.541000	-0.660160
0.214000	0.150310
0.739000	0.683340
