1.090000	0.814370
1.280000	1.358200
1.230000	1.356900
0.870000	1.184900
0.484000	0.700130
0.176000	0.211730
-0.769000	-0.806530
-1.440000	-0.719960
-1.410000	-1.215100
-0.741000	-1.117900
0.361000	0.459920
0.931000	0.635710
0.899000	1.038400
0.962000	1.093800
1.050000	1.000900
0.775000	0.874950
0.304000	-0.053127
-0.267000	-0.457000
-0.889000	-0.854820
-1.440000	-0.965450
-1.550000	-1.428600
-0.544000	-0.397410
0.235000	0.340760
0.700000	0.573800
1.030000	0.940060
1.250000	1.112300
1.040000	1.121300
0.871000	0.829300
0.379000	0.206670
-0.119000	-0.253480
-0.731000	-0.931440
-1.380000	-1.458400
-1.530000	-1.409400
-0.984000	-0.915860
0.161000	-0.070141
0.854000	0.351040
1.430000	0.821560
1.330000	0.732100
1.170000	1.381700
0.997000	0.854330
0.459000	0.008400
-0.110000	-0.346960
-0.649000	-0.760690
-1.200000	-1.095600
-1.350000	-1.965600
-0.695000	-0.591770
0.112000	0.183920
0.656000	0.621910
0.967000	0.764060
0.871000	0.910430
1.070000	0.872190
0.691000	0.557560
0.133000	-0.024554
-0.613000	-0.556980
-1.290000	-1.118000
-1.890000	-1.213200
-2.060000	-2.334500
-1.720000	-0.984250
-0.736000	-0.125740
0.244000	0.483670
0.892000	1.128500
1.150000	1.497600
1.060000	1.356400
0.832000	0.839120
0.403000	0.224810
-0.239000	-0.325140
-0.853000	-0.618590
-1.560000	-1.070300
-1.780000	-1.807000
-0.792000	-0.386590
0.419000	0.463110
1.020000	0.578680
1.040000	0.795920
1.040000	0.711590
0.974000	0.942160
0.754000	0.615750
0.169000	-0.219280
-0.395000	-0.551320
-0.995000	-1.204600
-1.530000	-1.330500
-1.680000	-1.839400
-0.598000	-0.251810
0.224000	-0.008739
0.824000	0.669560
0.891000	1.219900
1.290000	1.364000
0.962000	1.325200
0.747000	0.482520
0.321000	0.195990
-0.301000	-0.294700
-0.892000	-0.730990
-1.470000	-0.961190
-1.810000	-2.186800
-0.959000	-1.027600
-0.117000	0.216770
1.100000	0.585760
1.010000	1.068300
0.868000	1.255400
1.110000	1.278400
0.672000	0.421010
0.204000	0.205650
-0.318000	-0.153070
-0.950000	-0.785090
-1.540000	-1.342000
-1.830000	-1.775000
-0.718000	-0.636060
0.096400	-0.045724
0.893000	0.544200
0.545000	0.917970
1.170000	1.117400
1.110000	1.321400
0.832000	0.742230
0.402000	0.353110
-0.204000	-0.260520
-0.837000	-0.769460
-1.410000	-1.289500
-1.760000	-1.991200
-1.010000	-1.166200
-0.275000	-0.247150
0.855000	0.612360
