0.968000	0.646390
0.890000	1.299200
1.090000	0.767150
0.761000	0.477900
0.334000	-0.004941
-0.283000	-0.090446
-1.390000	-0.863760
-1.700000	-0.932710
-0.846000	-1.344600
-0.062100	-0.918760
0.529000	0.797840
0.968000	0.768920
1.350000	0.734110
1.220000	0.693180
0.937000	0.524520
0.649000	0.395670
0.043000	-0.477270
-0.818000	-0.751090
-1.430000	-1.149800
-1.390000	-1.021500
-0.609000	-1.164100
-0.107000	-0.034933
0.513000	0.514690
1.100000	0.845860
1.140000	0.824680
1.130000	0.868350
1.080000	0.594550
0.759000	0.279040
-0.026900	-0.310710
-0.762000	-0.508770
-1.470000	-0.982260
-1.630000	-1.490800
-0.909000	-1.387900
-0.112000	-0.459560
0.803000	0.349010
0.983000	0.858670
1.150000	1.424200
0.976000	0.978880
1.090000	1.518100
0.628000	0.494630
0.077400	-0.064270
-0.762000	-0.372100
-1.400000	-0.737140
-1.670000	-1.096200
-1.060000	-1.866600
-0.080200	-0.213250
0.403000	0.391060
0.994000	0.642400
1.130000	0.657390
0.897000	0.510290
0.878000	0.632470
0.556000	0.244380
-0.029700	-0.265580
-0.924000	-0.666460
-1.630000	-0.964170
-1.760000	-1.079400
-0.955000	-1.949000
-0.146000	-0.462770
0.552000	0.542960
1.190000	0.730190
1.050000	1.242800
0.766000	1.695800
0.860000	1.105100
0.693000	0.271260
0.163000	-0.046748
-0.753000	-0.405200
-1.420000	-0.757650
-1.820000	-0.919320
-1.300000	-1.533000
0.196000	-0.078466
0.802000	0.706530
0.795000	0.662760
0.738000	0.983880
0.814000	0.667510
0.882000	0.787440
0.502000	0.207590
-0.421000	-0.307430
-1.190000	-0.612130
-1.760000	-1.174900
-1.830000	-1.125200
-0.976000	-1.838800
-0.289000	-0.006437
0.423000	0.470200
1.130000	0.922080
1.120000	1.297300
0.854000	1.139100
0.945000	0.898920
0.721000	0.220550
0.234000	-0.020252
-0.728000	-0.407770
-1.490000	-0.738970
-1.760000	-0.816010
-1.330000	-2.122800
-0.628000	-0.540900
0.634000	0.853870
0.817000	0.875200
1.000000	1.147600
1.120000	1.111900
0.910000	1.097500
0.550000	0.205440
0.075900	-0.029797
-0.716000	-0.307230
-1.540000	-0.688960
-1.870000	-1.210000
-1.350000	-1.594900
-0.011700	0.001378
0.746000	0.850890
0.878000	0.811930
0.865000	1.166100
0.711000	0.954610
0.926000	1.186200
0.903000	0.377540
0.349000	0.046043
-0.567000	-0.442190
-1.420000	-0.895380
-1.730000	-1.263200
-1.420000	-2.028700
-0.563000	-0.725690
0.236000	0.427380
0.686000	0.869660
