1.040000	0.580370
0.931000	0.609470
1.210000	0.609470
0.929000	0.606970
0.351000	0.527170
-0.288000	0.474790
-1.440000	-0.699880
-1.610000	-0.812110
-0.754000	-1.429800
-0.193000	-0.980870
0.390000	0.598660
0.824000	0.599490
1.230000	0.603650
1.180000	0.601150
1.080000	0.485600
0.776000	0.537970
0.176000	-0.101320
-0.814000	-0.487890
-1.440000	-1.097300
-1.290000	-0.856170
-0.653000	-1.230300
-0.242000	0.246180
0.413000	0.549610
1.180000	0.601990
1.180000	0.597000
1.030000	0.609470
1.120000	0.587020
0.803000	0.553770
0.051500	0.137270
-0.783000	-0.126260
-1.480000	-0.819590
-1.630000	-1.596000
-0.958000	-1.446400
-0.310000	-0.282550
0.865000	0.553770
0.899000	0.601990
1.340000	0.608640
0.921000	0.607800
1.220000	0.609470
0.765000	0.607800
0.119000	0.511370
-0.786000	0.071514
-1.410000	-0.467940
-1.590000	-1.005800
-1.010000	-2.227900
-0.183000	0.109840
0.370000	0.566240
0.963000	0.600320
1.050000	0.603650
0.922000	0.595330
0.955000	0.601150
0.618000	0.555430
-0.080400	0.247840
-0.977000	-0.330770
-1.640000	-0.930990
-1.660000	-0.922670
-0.996000	-2.385800
-0.369000	-0.097163
0.372000	0.543790
1.040000	0.606970
1.070000	0.609470
0.848000	0.609470
0.770000	0.609470
0.729000	0.606140
0.212000	0.489760
-0.735000	0.002746
-1.450000	-0.514490
-1.710000	-0.736460
-1.230000	-1.712400
0.159000	0.301880
0.713000	0.597830
0.701000	0.603650
0.702000	0.604480
0.860000	0.583700
1.150000	0.577050
0.593000	0.577050
-0.473000	0.170530
-1.260000	-0.263430
-1.720000	-1.122200
-1.730000	-1.014100
-0.986000	-2.161400
-0.368000	0.289410
0.360000	0.548780
1.110000	0.606970
1.050000	0.609470
0.821000	0.607800
0.828000	0.607800
0.833000	0.598660
0.299000	0.445700
-0.713000	-0.019101
-1.470000	-0.492040
-1.740000	-0.578500
-1.340000	-2.635200
-0.858000	-0.579330
0.300000	0.565410
0.818000	0.602820
0.900000	0.606970
1.190000	0.602820
0.986000	0.607800
0.641000	0.589520
0.108000	0.449850
-0.666000	0.038593
-1.580000	-0.398940
-1.830000	-1.188700
-1.310000	-1.820500
-0.012900	0.336790
0.765000	0.568730
0.951000	0.601990
0.916000	0.609470
0.778000	0.607800
0.873000	0.609470
0.910000	0.508040
0.409000	0.524670
-0.542000	-0.064824
-1.470000	-0.748090
-1.670000	-1.280100
-1.370000	-2.485600
-0.679000	-0.600950
0.064900	0.535480
0.746000	0.607800
