0.976000	0.665000
1.100000	1.319600
1.160000	0.844830
0.885000	0.556790
0.406000	0.069652
-0.173000	-0.038374
-1.260000	-0.837360
-1.760000	-0.926800
-1.010000	-1.361800
-0.098900	-0.952230
0.507000	0.746260
0.815000	0.742870
1.300000	0.732380
1.080000	0.715040
0.889000	0.552510
0.727000	0.420090
0.106000	-0.448910
-0.707000	-0.742030
-1.360000	-1.159500
-1.460000	-1.042000
-0.719000	-1.203800
-0.220000	-0.082938
0.447000	0.456630
1.050000	0.806370
1.200000	0.829720
1.070000	0.893140
1.100000	0.629140
0.788000	0.315370
0.032100	-0.278660
-0.688000	-0.495560
-1.430000	-0.986360
-1.680000	-1.512800
-0.987000	-1.423700
-0.278000	-0.507290
0.633000	0.293530
1.070000	0.791360
0.939000	1.362000
1.050000	0.983110
1.110000	1.504500
0.653000	0.536790
0.105000	-0.013578
-0.750000	-0.340840
-1.370000	-0.723720
-1.700000	-1.101200
-1.080000	-1.894900
-0.172000	-0.247760
0.452000	0.341840
1.090000	0.610710
1.130000	0.658130
0.854000	0.536440
0.968000	0.656640
0.573000	0.274770
-0.018000	-0.243030
-0.916000	-0.664330
-1.580000	-0.986400
-1.790000	-1.107700
-0.950000	-2.001400
-0.179000	-0.512700
0.511000	0.471110
1.150000	0.687140
0.971000	1.220300
0.764000	1.699500
0.877000	1.160100
0.744000	0.348080
0.228000	0.014638
-0.685000	-0.365980
-1.360000	-0.738200
-1.840000	-0.916800
-1.400000	-1.552600
0.189000	-0.103090
0.757000	0.654930
0.759000	0.631490
0.776000	0.962990
0.724000	0.685410
0.919000	0.797220
0.544000	0.239550
-0.330000	-0.281960
-1.090000	-0.603470
-1.680000	-1.183900
-1.830000	-1.145200
-0.875000	-1.880400
-0.233000	-0.059453
0.488000	0.407440
1.050000	0.870210
1.190000	1.303000
1.030000	1.202000
0.957000	0.964890
0.763000	0.300600
0.302000	0.042532
-0.670000	-0.365120
-1.430000	-0.716270
-1.830000	-0.810370
-1.430000	-2.149500
-0.840000	-0.585430
0.401000	0.789190
0.716000	0.839160
1.090000	1.133200
1.210000	1.127900
0.983000	1.124600
0.576000	0.274240
0.134000	0.021477
-0.647000	-0.277000
-1.470000	-0.672040
-1.900000	-1.212800
-1.420000	-1.618500
-0.058800	-0.033823
0.626000	0.782670
0.829000	0.772090
0.863000	1.136900
0.670000	0.975290
0.894000	1.214400
0.814000	0.448950
0.314000	0.110260
-0.543000	-0.399600
-1.360000	-0.876010
-1.710000	-1.263500
-1.440000	-2.055500
-0.619000	-0.759350
0.214000	0.380610
0.726000	0.824210
