1.310000	0.767610
1.300000	1.542000
1.180000	1.402400
0.874000	1.073400
0.370000	0.490140
0.069800	0.212390
-0.865000	-0.610930
-1.390000	-0.836600
-1.360000	-1.356700
-0.803000	-1.110200
0.280000	0.346200
0.959000	0.528320
0.952000	0.692270
1.060000	0.844720
1.070000	0.728310
0.757000	0.533100
0.316000	-0.294530
-0.272000	-0.680100
-0.860000	-1.150600
-1.380000	-1.153400
-1.490000	-1.387400
-0.687000	-0.511190
0.051500	-0.028796
0.523000	0.504170
0.999000	0.857810
1.310000	1.073200
1.050000	0.840310
0.897000	0.492820
0.393000	-0.129030
-0.119000	-0.453350
-0.735000	-0.977650
-1.360000	-1.526000
-1.540000	-1.561300
-1.120000	-0.871440
-0.140000	-0.202600
0.680000	0.283610
1.450000	0.989200
1.370000	1.029400
1.430000	1.511100
1.030000	0.781650
0.467000	0.222020
-0.104000	-0.190880
-0.638000	-0.631860
-1.200000	-1.071000
-1.350000	-1.858400
-0.927000	-0.571260
-0.016900	-0.103440
0.479000	0.331600
0.942000	0.623120
0.960000	0.667650
1.050000	0.793010
0.726000	0.401420
0.111000	-0.184900
-0.601000	-0.679810
-1.210000	-1.081200
-1.700000	-1.270000
-1.940000	-2.119400
-1.720000	-0.941650
-1.020000	-0.110830
0.067200	0.336830
1.120000	1.112800
1.380000	1.866700
1.170000	1.607600
0.836000	0.813200
0.339000	0.338780
-0.290000	-0.144610
-0.866000	-0.592850
-1.460000	-0.868970
-1.640000	-1.525500
-0.735000	-0.378690
0.184000	0.239010
1.010000	0.358210
1.230000	0.823270
1.130000	0.785490
1.070000	0.859390
0.797000	0.365890
0.222000	-0.189490
-0.376000	-0.578050
-0.965000	-1.167700
-1.390000	-1.229800
-1.590000	-1.955600
-0.841000	-0.531300
-0.004670	-0.120640
0.700000	0.487620
0.793000	1.415300
1.360000	1.714500
1.010000	1.458400
0.708000	0.782900
0.260000	0.393110
-0.343000	-0.112950
-0.946000	-0.549220
-1.460000	-0.761890
-1.740000	-2.041400
-1.090000	-0.863440
-0.136000	0.309680
0.910000	0.567690
1.120000	1.070100
0.999000	1.286300
0.957000	1.362500
0.623000	0.672180
0.212000	0.283330
-0.318000	-0.114900
-0.939000	-0.563430
-1.480000	-1.139000
-1.640000	-1.604300
-0.885000	-0.383430
0.156000	0.275310
0.770000	0.461400
0.680000	0.965110
1.150000	1.140200
1.280000	1.475900
0.868000	0.917600
0.424000	0.462830
-0.125000	-0.142070
-0.763000	-0.695180
-1.280000	-1.156800
-1.650000	-1.969800
-1.050000	-0.982900
-0.280000	-0.032113
0.875000	0.480180
