0.968000	0.971910
0.890000	1.138400
1.090000	1.064400
0.761000	0.921680
0.334000	0.217700
-0.283000	-0.448700
-1.390000	-1.487700
-1.700000	-0.882590
-0.846000	-0.949090
-0.062100	-0.515750
0.529000	0.618840
0.968000	0.858980
1.350000	1.182100
1.220000	1.079300
0.937000	0.993680
0.649000	0.750030
0.043000	-0.403970
-0.818000	-1.104900
-1.430000	-1.321400
-1.390000	-0.995390
-0.609000	-1.167600
-0.107000	0.235930
0.513000	0.722240
1.100000	0.835220
1.140000	1.083400
1.130000	1.070600
1.080000	1.110100
0.759000	0.711300
-0.026900	-0.165140
-0.762000	-0.784520
-1.470000	-1.508500
-1.630000	-1.630200
-0.909000	-1.001600
-0.112000	-0.181240
0.803000	0.480370
0.983000	0.650960
1.150000	0.895010
0.976000	0.791050
1.090000	1.238900
0.628000	0.708460
0.077400	-0.376500
-0.762000	-0.979160
-1.400000	-1.352400
-1.670000	-1.143300
-1.060000	-1.674700
-0.080200	-0.054241
0.403000	0.673370
0.994000	0.876040
1.130000	0.951630
0.897000	1.057900
0.878000	0.962190
0.556000	0.676360
-0.029700	-0.074529
-0.924000	-0.852370
-1.630000	-1.469600
-1.760000	-1.033200
-0.955000	-1.761300
-0.146000	-0.008842
0.552000	0.523550
1.190000	0.588550
1.050000	0.954190
0.766000	1.223000
0.860000	0.966100
0.693000	0.563630
0.163000	-0.230270
-0.753000	-0.901410
-1.420000	-1.120600
-1.820000	-1.240400
-1.300000	-1.494200
0.196000	0.113700
0.802000	0.685370
0.795000	0.792250
0.738000	0.923260
0.814000	0.803910
0.882000	1.009600
0.502000	0.523080
-0.421000	-0.485310
-1.190000	-1.120200
-1.760000	-1.731600
-1.830000	-1.465400
-0.976000	-1.361800
-0.289000	0.362430
0.423000	0.439610
1.130000	0.644660
1.120000	0.925790
0.854000	1.097000
0.945000	1.017200
0.721000	0.305060
0.234000	-0.039309
-0.728000	-0.861690
-1.490000	-1.261000
-1.760000	-1.052400
-1.330000	-1.727600
-0.628000	-0.084638
0.634000	0.508290
0.817000	0.595680
1.000000	1.107200
1.120000	1.130300
0.910000	0.991550
0.550000	0.282800
0.075900	-0.073583
-0.716000	-0.662960
-1.540000	-1.367000
-1.870000	-1.435900
-1.350000	-1.261000
-0.011700	0.152960
0.746000	0.426130
0.878000	0.826560
0.865000	1.000900
0.711000	1.196900
0.926000	1.253900
0.903000	0.648150
0.349000	0.233430
-0.567000	-0.787890
-1.420000	-1.192700
-1.730000	-1.341000
-1.420000	-1.449600
-0.563000	-0.290450
0.236000	0.288430
0.686000	0.735370
