0.281000	0.502960
1.090000	0.528180
1.330000	0.528180
1.210000	0.526020
0.714000	0.456850
0.100000	0.411470
-0.662000	-0.606530
-0.988000	-0.703790
-1.160000	-1.239100
-1.270000	-0.850040
-0.177000	0.518810
0.854000	0.519530
0.801000	0.523140
1.260000	0.520970
1.200000	0.420830
0.416000	0.466220
-0.216000	-0.087806
-0.704000	-0.422820
-1.010000	-0.950900
-1.300000	-0.741970
-1.450000	-1.066200
-1.500000	0.213340
-1.100000	0.476310
0.287000	0.521690
0.652000	0.517370
1.360000	0.528180
0.839000	0.508730
0.107000	0.479910
-0.577000	0.118960
-0.903000	-0.109420
-1.170000	-0.710270
-1.380000	-1.383200
-1.550000	-1.253500
-1.650000	-0.244860
-1.320000	0.479910
0.268000	0.521690
1.170000	0.527460
1.240000	0.526740
1.220000	0.528180
0.931000	0.526740
0.331000	0.443170
-0.254000	0.061976
-0.690000	-0.405520
-1.050000	-0.871660
-1.280000	-1.930700
-1.160000	0.095188
-0.879000	0.490720
-0.073300	0.520250
0.571000	0.523140
0.966000	0.515930
0.883000	0.520970
0.741000	0.481350
-0.055800	0.214780
-0.640000	-0.286650
-0.990000	-0.806810
-1.250000	-0.799610
-1.470000	-2.067600
-1.590000	-0.084204
-1.130000	0.471260
0.201000	0.526020
1.340000	0.528180
1.650000	0.528180
1.720000	0.528180
1.310000	0.525300
0.740000	0.424430
0.004700	0.002380
-0.343000	-0.445870
-0.712000	-0.638230
-0.980000	-1.484000
-0.740000	0.261610
0.063800	0.518090
0.689000	0.523140
0.998000	0.523860
1.250000	0.505840
1.120000	0.500080
0.791000	0.500080
0.164000	0.147780
-0.425000	-0.228290
-0.855000	-0.972520
-1.170000	-0.878860
-1.370000	-1.873100
-1.280000	0.250810
-0.903000	0.475590
0.126000	0.526020
1.020000	0.528180
1.510000	0.526740
1.390000	0.526740
0.986000	0.518810
0.452000	0.386250
-0.046400	-0.016553
-0.467000	-0.426420
-0.819000	-0.501340
-1.080000	-2.283700
-1.070000	-0.502060
-0.112000	0.489990
1.010000	0.522420
1.260000	0.526020
1.620000	0.522420
1.540000	0.526740
1.050000	0.510890
0.395000	0.389850
-0.098400	0.033446
-0.504000	-0.345730
-0.922000	-1.030200
-1.140000	-1.577700
-0.812000	0.291870
-0.210000	0.492880
0.570000	0.521690
1.320000	0.528180
1.570000	0.526740
1.460000	0.528180
1.250000	0.440280
0.906000	0.454690
0.218000	-0.056178
-0.600000	-0.648320
-0.973000	-1.109400
-1.210000	-2.154100
-1.120000	-0.520800
-0.767000	0.464060
0.847000	0.526740
