1.360000	0.806590
1.390000	1.574000
1.530000	1.399800
0.908000	1.056700
0.297000	0.404500
0.103000	0.074412
-0.774000	-0.730570
-1.340000	-0.861230
-1.300000	-1.301800
-0.807000	-1.024700
0.479000	0.376820
1.110000	0.574750
0.964000	0.747880
1.090000	0.875300
0.931000	0.758700
0.383000	0.530450
-0.028800	-0.358410
-0.629000	-0.784320
-1.160000	-1.207000
-1.630000	-1.168000
-1.620000	-1.356400
-0.813000	-0.456790
-0.157000	0.025651
0.659000	0.556310
1.040000	0.908420
1.220000	1.104000
1.040000	0.869680
0.761000	0.481750
0.133000	-0.196370
-0.452000	-0.553220
-0.916000	-1.076900
-1.530000	-1.540700
-1.730000	-1.494400
-1.330000	-0.800310
-0.389000	-0.155090
0.675000	0.332110
1.340000	1.047500
1.280000	1.056600
1.350000	1.567700
0.959000	0.767570
0.332000	0.109360
-0.161000	-0.329360
-0.651000	-0.750040
-1.250000	-1.088400
-1.380000	-1.790200
-0.800000	-0.538900
-0.092500	-0.049395
0.632000	0.379560
0.964000	0.664730
1.260000	0.705450
1.150000	0.822560
0.756000	0.407750
0.018500	-0.226430
-0.604000	-0.748520
-1.100000	-1.145600
-1.600000	-1.263800
-1.860000	-2.017300
-1.680000	-0.855100
-0.927000	-0.043635
0.499000	0.357010
1.500000	1.142700
1.270000	1.912500
1.090000	1.602900
0.717000	0.767100
0.150000	0.230380
-0.321000	-0.269520
-0.755000	-0.685740
-1.370000	-0.923650
-1.540000	-1.482200
-0.696000	-0.353650
0.276000	0.277110
1.010000	0.397380
1.060000	0.869920
1.140000	0.808280
1.040000	0.898770
0.744000	0.341430
0.129000	-0.270920
-0.359000	-0.692970
-0.889000	-1.254800
-1.400000	-1.273000
-1.550000	-1.853900
-0.678000	-0.472280
0.131000	-0.079552
0.722000	0.507090
0.540000	1.429600
1.490000	1.728200
1.070000	1.457000
0.506000	0.726600
0.051300	0.319860
-0.421000	-0.233220
-0.955000	-0.655830
-1.430000	-0.809480
-1.560000	-1.933500
-0.931000	-0.745130
0.289000	0.350650
1.130000	0.583120
1.420000	1.124300
1.030000	1.322400
0.939000	1.373100
0.559000	0.620150
0.131000	0.205660
-0.301000	-0.217600
-0.803000	-0.687270
-1.370000	-1.166800
-1.450000	-1.520200
-0.624000	-0.331020
0.292000	0.326070
0.766000	0.513930
0.979000	1.018800
1.090000	1.192500
1.110000	1.523800
0.867000	0.904370
0.393000	0.411670
-0.137000	-0.250980
-0.750000	-0.769140
-1.230000	-1.168400
-1.470000	-1.847500
-1.020000	-0.888440
-0.157000	0.003384
0.680000	0.515390
