1.360000	0.768760
1.510000	1.583300
1.410000	1.408400
0.845000	1.060900
0.329000	0.452090
0.051400	0.172800
-0.836000	-0.618500
-1.360000	-0.840530
-1.300000	-1.344000
-0.815000	-1.100900
0.307000	0.356930
0.951000	0.536730
0.980000	0.697780
1.070000	0.847400
1.050000	0.728030
0.672000	0.520930
0.225000	-0.318730
-0.359000	-0.694850
-0.927000	-1.148500
-1.430000	-1.159600
-1.500000	-1.376500
-0.766000	-0.529800
-0.283000	-0.032841
0.682000	0.517580
1.020000	0.869520
1.140000	1.086600
0.954000	0.837410
0.842000	0.471840
0.330000	-0.159100
-0.200000	-0.477630
-0.782000	-0.984100
-1.440000	-1.511200
-1.620000	-1.550000
-1.180000	-0.880770
-0.277000	-0.217660
0.619000	0.298270
1.420000	1.039800
1.320000	1.050300
1.420000	1.567000
1.030000	0.770750
0.462000	0.181610
-0.113000	-0.220330
-0.627000	-0.647170
-1.200000	-1.071900
-1.330000	-1.823800
-0.860000	-0.592120
-0.066900	-0.116750
0.457000	0.331880
0.890000	0.623640
1.010000	0.658870
1.110000	0.791730
0.724000	0.378180
0.060500	-0.219590
-0.651000	-0.699900
-1.210000	-1.078500
-1.670000	-1.275200
-1.900000	-2.078800
-1.650000	-0.964010
-0.939000	-0.112440
0.215000	0.342490
1.350000	1.151100
1.370000	1.933800
1.130000	1.635800
0.779000	0.787470
0.273000	0.300840
-0.297000	-0.171550
-0.830000	-0.606340
-1.430000	-0.877230
-1.510000	-1.505300
-0.675000	-0.404330
0.180000	0.243900
0.871000	0.359560
1.250000	0.845130
1.120000	0.787780
1.060000	0.870010
0.823000	0.338750
0.241000	-0.221550
-0.341000	-0.599410
-0.934000	-1.165500
-1.390000	-1.231700
-1.570000	-1.923600
-0.825000	-0.551000
0.070600	-0.127430
0.742000	0.505800
0.903000	1.456600
1.340000	1.744900
1.040000	1.473200
0.654000	0.754360
0.159000	0.359920
-0.419000	-0.138590
-0.992000	-0.563110
-1.480000	-0.774490
-1.710000	-1.995000
-1.110000	-0.857470
-0.127000	0.326530
1.010000	0.582880
1.260000	1.102300
1.030000	1.316000
0.926000	1.390800
0.593000	0.643480
0.186000	0.249400
-0.312000	-0.137870
-0.886000	-0.580460
-1.440000	-1.134600
-1.600000	-1.580500
-0.839000	-0.406180
0.214000	0.291790
0.849000	0.472630
0.844000	0.998520
1.110000	1.159300
1.170000	1.509700
0.827000	0.905610
0.415000	0.428410
-0.128000	-0.166760
-0.722000	-0.701340
-1.260000	-1.149500
-1.590000	-1.927800
-1.090000	-0.987520
-0.278000	-0.040984
0.801000	0.494820
