0.954000	0.750830
1.270000	1.286800
1.450000	1.597100
1.100000	1.385000
0.561000	0.949810
0.181000	0.595690
-0.651000	-0.350640
-1.050000	-0.666550
-1.240000	-1.289900
-1.060000	-1.157800
0.282000	-0.022466
1.260000	0.279490
0.865000	0.561250
1.210000	0.829090
0.939000	0.773330
0.208000	0.627050
-0.347000	-0.015847
-0.893000	-0.480430
-1.200000	-1.039000
-1.420000	-1.072800
-1.480000	-1.433200
-1.110000	-0.635420
-0.517000	-0.328070
0.572000	0.169030
0.868000	0.718570
1.180000	1.004100
0.845000	0.913260
0.489000	0.686840
-0.261000	0.164500
-0.848000	-0.233340
-1.190000	-0.832800
-1.490000	-1.467100
-1.660000	-1.561300
-1.590000	-0.971040
-1.310000	-0.425350
0.480000	-0.174550
1.160000	0.334400
1.250000	0.829710
1.420000	1.026300
1.080000	0.931120
0.434000	0.599090
-0.112000	0.105570
-0.585000	-0.413740
-1.110000	-0.935440
-1.310000	-1.849500
-0.977000	-0.605420
-0.590000	-0.312670
0.444000	0.108190
0.970000	0.532430
1.190000	0.739750
1.050000	0.810810
0.813000	0.584200
-0.074700	0.080432
-0.704000	-0.500330
-1.080000	-1.050100
-1.380000	-1.217500
-1.590000	-2.223500
-1.640000	-0.999670
-1.270000	-0.481140
0.403000	0.032891
1.350000	0.697700
1.520000	1.386500
1.420000	1.574900
1.080000	1.196100
0.520000	0.748640
-0.212000	0.180070
-0.576000	-0.353620
-0.973000	-0.698170
-1.180000	-1.471300
-0.770000	-0.371870
0.183000	-0.094445
0.680000	0.129560
1.070000	0.514080
1.290000	0.758340
1.100000	0.749410
0.753000	0.575400
-0.024000	0.083750
-0.608000	-0.373960
-1.030000	-1.049900
-1.340000	-1.148700
-1.390000	-1.996200
-1.100000	-0.676290
-0.103000	-0.422770
0.524000	0.071682
1.010000	1.098400
1.470000	1.701400
1.190000	1.551800
0.674000	1.197200
0.209000	0.786800
-0.232000	0.221420
-0.693000	-0.297470
-1.070000	-0.575720
-1.280000	-2.035500
-1.000000	-0.997370
0.402000	-0.145250
1.130000	0.236020
1.410000	0.725590
1.410000	1.083300
1.240000	1.213700
0.773000	1.042200
0.214000	0.632990
-0.300000	0.143130
-0.690000	-0.330720
-1.020000	-0.998980
-1.200000	-1.571900
-0.744000	-0.443160
0.089800	-0.192600
0.775000	0.138000
1.040000	0.550850
1.230000	1.019800
1.240000	1.297900
1.010000	1.210000
0.531000	0.858010
-0.095400	0.193210
-0.884000	-0.465350
-1.210000	-1.010000
-1.280000	-1.960700
-0.965000	-1.004600
-0.531000	-0.253320
0.759000	0.112070
