1.300000	0.767170
1.460000	1.780000
1.710000	1.740000
1.380000	1.309700
0.803000	0.568660
0.414000	0.171440
-0.444000	-0.386160
-0.775000	-0.679150
-1.210000	-1.111600
-1.340000	-1.054400
-0.020000	0.024159
1.020000	0.328730
0.476000	0.604530
0.879000	0.866710
0.627000	0.786900
0.062800	0.493450
-0.304000	-0.266340
-0.775000	-0.628630
-1.010000	-0.989080
-1.240000	-1.142000
-1.410000	-1.310200
-1.510000	-0.921090
-1.090000	-0.462790
0.008300	0.261660
0.453000	0.843690
1.230000	1.171800
0.413000	0.900130
-0.161000	0.462240
-0.738000	-0.159200
-1.030000	-0.501700
-1.200000	-0.886940
-1.400000	-1.263200
-1.530000	-1.420600
-1.610000	-1.128600
-1.470000	-0.687980
0.578000	-0.099872
1.140000	0.841690
1.280000	1.062900
1.340000	1.653300
0.960000	0.831190
0.365000	0.162160
-0.131000	-0.209580
-0.590000	-0.564000
-1.050000	-0.918170
-1.240000	-1.398200
-1.070000	-0.897370
-0.817000	-0.547530
0.353000	0.054167
0.553000	0.519410
0.618000	0.646520
0.859000	0.804220
0.793000	0.325700
0.032100	-0.312930
-0.467000	-0.725280
-0.855000	-1.013000
-1.160000	-1.281900
-1.430000	-1.724100
-1.580000	-1.320800
-0.775000	-0.602980
0.652000	0.029081
1.630000	1.105000
1.740000	2.166900
1.710000	1.954100
1.310000	0.961110
0.831000	0.354340
0.093600	-0.093560
-0.242000	-0.473670
-0.644000	-0.768730
-0.959000	-1.197600
-0.797000	-0.715300
-0.006330	-0.117080
0.735000	0.088697
1.190000	0.728880
1.410000	0.787300
1.050000	0.867840
0.758000	0.271760
0.111000	-0.272500
-0.412000	-0.608480
-0.812000	-0.997120
-1.120000	-1.161500
-1.190000	-1.593900
-1.120000	-0.982190
-0.647000	-0.595550
0.584000	0.206070
1.030000	1.575500
1.510000	2.115900
1.410000	1.785300
0.895000	0.933000
0.405000	0.451950
-0.087500	-0.032022
-0.508000	-0.419210
-0.869000	-0.699390
-1.140000	-1.429800
-1.280000	-0.959650
0.036100	-0.040278
0.941000	0.353860
1.400000	1.070200
1.270000	1.434400
1.250000	1.560700
0.874000	0.762980
0.268000	0.275780
-0.199000	-0.095139
-0.608000	-0.499710
-0.962000	-0.909910
-1.270000	-1.257000
-1.060000	-0.765900
-0.473000	-0.096296
0.615000	0.204290
1.070000	0.892610
1.340000	1.250800
1.320000	1.712400
1.100000	1.135100
0.748000	0.507690
0.097500	-0.047477
-0.697000	-0.490770
-1.090000	-0.880780
-1.330000	-1.411200
-1.360000	-1.079100
-0.970000	-0.431550
0.780000	0.212000
