0.914000	0.771230
1.180000	1.715700
1.380000	1.509500
1.040000	1.104300
0.554000	0.411020
0.140000	0.097121
-0.747000	-0.571600
-1.150000	-0.805770
-1.180000	-1.259100
-0.794000	-1.071800
0.455000	0.289050
1.240000	0.497850
0.837000	0.684070
1.210000	0.858420
1.060000	0.743840
0.454000	0.490860
-0.233000	-0.351210
-0.903000	-0.705960
-1.220000	-1.103100
-1.430000	-1.167800
-1.380000	-1.339400
-0.890000	-0.670000
-0.122000	-0.155120
0.613000	0.475440
1.050000	0.885760
1.190000	1.135700
0.958000	0.849350
0.492000	0.429710
-0.306000	-0.216600
-0.918000	-0.530750
-1.270000	-0.971390
-1.540000	-1.418100
-1.710000	-1.495200
-1.570000	-0.965350
-1.120000	-0.371880
0.215000	0.220430
0.986000	1.084500
1.240000	1.094500
1.390000	1.697900
1.040000	0.766750
0.378000	0.099537
-0.178000	-0.273830
-0.654000	-0.654760
-1.130000	-1.033500
-1.240000	-1.646100
-0.744000	-0.713750
-0.257000	-0.257000
0.601000	0.258720
0.982000	0.597420
1.120000	0.639420
1.030000	0.793340
0.816000	0.320230
-0.118000	-0.310790
-0.773000	-0.745590
-1.160000	-1.056800
-1.480000	-1.288000
-1.620000	-1.908700
-1.590000	-1.102600
-1.110000	-0.246290
0.467000	0.270080
1.300000	1.212800
1.480000	2.125600
1.360000	1.775800
1.050000	0.785370
0.466000	0.243020
-0.298000	-0.202290
-0.697000	-0.597250
-1.110000	-0.864850
-1.230000	-1.386100
-0.629000	-0.536420
0.222000	0.157280
0.763000	0.290310
1.190000	0.856610
1.280000	0.792740
1.080000	0.890470
0.695000	0.269460
-0.080100	-0.296460
-0.670000	-0.643080
-1.110000	-1.117500
-1.420000	-1.217800
-1.400000	-1.776600
-0.954000	-0.703910
-0.224000	-0.265190
0.534000	0.461050
0.898000	1.568400
1.550000	1.903200
1.180000	1.586000
0.652000	0.748220
0.129000	0.321460
-0.389000	-0.159210
-0.854000	-0.551760
-1.180000	-0.779200
-1.290000	-1.758000
-0.922000	-0.874060
0.256000	0.261230
1.210000	0.551370
1.290000	1.156000
1.480000	1.405300
1.290000	1.491100
0.722000	0.621160
0.142000	0.191970
-0.412000	-0.170400
-0.842000	-0.591950
-1.200000	-1.067200
-1.160000	-1.450400
-0.524000	-0.545750
0.044900	0.220090
0.873000	0.422970
1.070000	1.034900
1.290000	1.221200
1.220000	1.629500
1.040000	0.944710
0.521000	0.384280
-0.185000	-0.182200
-1.050000	-0.657620
-1.330000	-1.064900
-1.250000	-1.711900
-0.826000	-1.021600
-0.413000	-0.161980
0.883000	0.447820
