1.010000	0.696070
1.080000	1.229400
1.280000	0.898480
0.829000	0.668120
0.513000	0.253870
0.046800	0.134610
-0.946000	-0.825640
-1.670000	-0.943450
-1.430000	-1.468500
-0.474000	-1.040600
0.779000	0.705250
1.220000	0.724770
0.525000	0.738390
0.772000	0.744220
0.847000	0.589990
0.665000	0.494100
0.093200	-0.360910
-0.496000	-0.710450
-1.100000	-1.215700
-1.380000	-1.069700
-0.504000	-1.310900
0.242000	-0.045416
0.849000	0.455170
1.320000	0.764680
1.090000	0.820540
1.010000	0.891550
1.080000	0.682800
0.783000	0.424470
0.263000	-0.160800
-0.215000	-0.417660
-0.925000	-1.001700
-1.530000	-1.635800
-1.400000	-1.538400
-0.582000	-0.519270
0.236000	0.327790
0.837000	0.728660
1.100000	1.191900
1.040000	0.945480
0.673000	1.348200
0.830000	0.620610
0.240000	0.162560
-0.363000	-0.227970
-1.130000	-0.686950
-1.640000	-1.141700
-1.490000	-2.107700
-0.154000	-0.200410
0.481000	0.375050
1.030000	0.614230
1.310000	0.681050
0.810000	0.603360
0.930000	0.699440
0.651000	0.387250
0.101000	-0.112380
-0.445000	-0.614310
-1.190000	-1.045600
-1.700000	-1.145900
-1.470000	-2.253900
-0.699000	-0.478480
0.355000	0.453400
1.050000	0.667350
0.877000	1.112900
0.975000	1.519400
0.777000	1.131500
0.708000	0.498900
0.168000	0.188910
-0.555000	-0.258690
-1.280000	-0.705160
-1.860000	-0.919150
-1.870000	-1.695200
-0.478000	-0.027272
0.847000	0.631860
1.310000	0.632080
1.020000	0.906840
0.738000	0.712640
0.932000	0.793530
0.666000	0.365870
-0.055200	-0.160680
-0.695000	-0.542840
-1.440000	-1.241000
-1.970000	-1.192000
-1.670000	-2.090600
-0.415000	-0.019958
0.269000	0.411490
1.130000	0.806420
1.220000	1.203400
1.350000	1.171400
0.923000	0.984130
0.654000	0.461750
0.215000	0.201290
-0.434000	-0.260580
-1.210000	-0.679100
-1.770000	-0.791120
-1.760000	-2.413600
-0.510000	-0.654400
0.083900	0.719910
0.464000	0.794140
0.735000	1.049500
0.697000	1.070300
0.942000	1.078600
0.676000	0.428600
0.241000	0.175550
-0.323000	-0.186060
-1.070000	-0.625030
-1.790000	-1.275600
-1.920000	-1.778800
-0.305000	0.027964
0.442000	0.712470
1.010000	0.736920
0.539000	1.040200
0.913000	0.953410
0.926000	1.151900
0.540000	0.550170
0.197000	0.276830
-0.430000	-0.299850
-1.170000	-0.874900
-1.790000	-1.337200
-1.830000	-2.300400
-0.713000	-0.789850
0.404000	0.400410
0.667000	0.775310
