1.220000	0.726550
1.400000	1.128100
1.430000	1.355500
0.901000	1.199300
0.255000	0.856180
0.014000	0.580780
-0.805000	-0.469630
-1.310000	-0.735220
-1.280000	-1.379700
-0.856000	-1.146500
0.346000	0.165480
1.140000	0.386990
1.070000	0.594710
1.080000	0.790210
0.886000	0.714230
0.277000	0.622960
-0.170000	-0.042404
-0.799000	-0.500310
-1.250000	-1.094800
-1.630000	-1.046300
-1.650000	-1.424000
-1.050000	-0.390780
-0.216000	-0.073358
0.728000	0.306810
1.230000	0.707960
1.270000	0.921010
1.010000	0.847590
0.837000	0.671580
0.221000	0.162260
-0.351000	-0.209350
-0.798000	-0.859310
-1.420000	-1.560100
-1.640000	-1.583600
-1.260000	-0.797400
-0.505000	-0.143380
0.772000	0.055050
1.350000	0.430000
1.390000	0.792690
1.480000	0.937250
0.994000	0.866990
0.336000	0.594390
-0.127000	0.099090
-0.551000	-0.445380
-1.140000	-0.991120
-1.360000	-2.032300
-0.783000	-0.410230
-0.054400	-0.057021
0.771000	0.261720
1.040000	0.573590
1.150000	0.722980
1.030000	0.776810
0.602000	0.596870
-0.207000	0.134260
-0.823000	-0.467140
-1.240000	-1.052400
-1.630000	-1.172600
-1.850000	-2.354300
-1.690000	-0.762040
-1.040000	-0.187290
0.358000	0.208570
1.620000	0.696460
1.360000	1.201200
1.110000	1.339200
0.721000	1.060700
0.129000	0.697410
-0.335000	0.132780
-0.729000	-0.415470
-1.300000	-0.735400
-1.570000	-1.598500
-0.733000	-0.180740
0.233000	0.112480
0.987000	0.278390
1.200000	0.560400
1.290000	0.733060
1.030000	0.724500
0.782000	0.597000
0.138000	0.113190
-0.343000	-0.354080
-0.828000	-1.110300
-1.310000	-1.149900
-1.520000	-2.119600
-0.714000	-0.407590
0.122000	-0.143000
0.634000	0.236990
0.180000	0.990040
1.370000	1.431400
1.030000	1.321800
0.497000	1.059200
0.012600	0.711980
-0.444000	0.156440
-0.911000	-0.367510
-1.360000	-0.597670
-1.480000	-2.292400
-0.926000	-0.906880
0.436000	0.065400
1.270000	0.356150
1.590000	0.716140
0.931000	0.977010
0.877000	1.074100
0.496000	0.942820
0.105000	0.600540
-0.315000	0.116610
-0.692000	-0.363570
-1.180000	-1.093300
-1.390000	-1.705100
-0.770000	-0.222370
0.369000	0.031716
0.848000	0.284070
1.030000	0.588850
0.942000	0.931960
1.120000	1.136200
0.785000	1.041000
0.336000	0.788150
-0.163000	0.121870
-0.664000	-0.568330
-1.150000	-1.129100
-1.450000	-2.192100
-1.050000	-0.918780
-0.116000	-0.022883
0.743000	0.266840
