1.300000	0.745740
1.460000	1.378400
1.710000	1.749100
1.380000	1.496400
0.803000	0.997290
0.414000	0.587920
-0.444000	-0.236590
-0.775000	-0.584720
-1.210000	-1.168400
-1.340000	-1.127600
-0.020000	-0.182740
1.020000	0.177730
0.476000	0.513220
0.879000	0.833820
0.627000	0.797300
0.062800	0.608930
-0.304000	0.007456
-0.775000	-0.446830
-1.010000	-0.955330
-1.240000	-1.058600
-1.410000	-1.391500
-1.510000	-0.823140
-1.090000	-0.535020
0.008300	0.045135
0.453000	0.702870
1.230000	1.040800
0.413000	0.938040
-0.161000	0.676240
-0.738000	0.160760
-1.030000	-0.245860
-1.200000	-0.781360
-1.400000	-1.336900
-1.530000	-1.488300
-1.610000	-1.086400
-1.470000	-0.652310
0.578000	-0.365280
1.140000	0.240940
1.280000	0.832820
1.340000	1.067200
0.960000	0.953960
0.365000	0.582450
-0.131000	0.107480
-0.590000	-0.372360
-1.050000	-0.855470
-1.240000	-1.629000
-1.070000	-0.751790
-0.817000	-0.520960
0.353000	-0.027101
0.553000	0.478800
0.618000	0.728610
0.859000	0.811970
0.793000	0.553200
0.032100	0.031534
-0.467000	-0.511520
-0.855000	-1.012000
-1.160000	-1.214100
-1.430000	-2.034700
-1.580000	-1.168800
-0.775000	-0.716360
0.652000	-0.118780
1.630000	0.674700
1.740000	1.497500
1.710000	1.722600
1.310000	1.271000
0.831000	0.766730
0.093600	0.214380
-0.242000	-0.288420
-0.644000	-0.642200
-0.959000	-1.311500
-0.797000	-0.522820
-0.006330	-0.268510
0.735000	-0.002443
1.190000	0.456670
1.410000	0.753850
1.050000	0.744910
0.758000	0.537060
0.111000	0.055632
-0.412000	-0.378100
-0.812000	-0.961870
-1.120000	-1.108100
-1.190000	-1.821700
-1.120000	-0.883220
-0.647000	-0.647930
0.584000	-0.072446
1.030000	1.153300
1.510000	1.874100
1.410000	1.695400
0.895000	1.274200
0.405000	0.823790
-0.087500	0.269470
-0.508000	-0.227200
-0.869000	-0.537050
-1.140000	-1.745200
-1.280000	-1.040500
0.036100	-0.320760
0.941000	0.124940
1.400000	0.708670
1.270000	1.137100
1.250000	1.291600
0.874000	1.091400
0.268000	0.638980
-0.199000	0.160920
-0.608000	-0.291160
-0.962000	-0.883750
-1.270000	-1.403600
-1.060000	-0.617070
-0.473000	-0.378180
0.615000	0.008066
1.070000	0.499280
1.340000	1.059900
1.320000	1.391600
1.100000	1.313100
0.748000	0.888280
0.097500	0.247670
-0.697000	-0.361040
-1.090000	-0.873060
-1.330000	-1.694800
-1.360000	-1.043600
-0.970000	-0.442060
0.780000	-0.024413
