0.968000	0.615960
0.890000	0.728930
1.090000	0.780050
0.761000	0.743000
0.334000	0.603610
-0.283000	0.500850
-1.390000	-0.651410
-1.700000	-0.798640
-0.846000	-1.425200
-0.062100	-1.022700
0.529000	0.504090
0.968000	0.554540
1.350000	0.604480
1.220000	0.646480
0.937000	0.539280
0.649000	0.559610
0.043000	-0.088551
-0.818000	-0.492980
-1.430000	-1.101900
-1.390000	-0.902940
-0.609000	-1.279600
-0.107000	0.104140
0.513000	0.412150
1.100000	0.538460
1.140000	0.624750
1.130000	0.682370
1.080000	0.648360
0.759000	0.582860
-0.026900	0.143530
-0.762000	-0.145530
-1.470000	-0.832370
-1.630000	-1.595500
-0.909000	-1.484100
-0.112000	-0.399620
0.803000	0.399650
0.983000	0.481860
1.150000	0.571340
0.976000	0.652230
1.090000	0.686020
0.628000	0.668930
0.077400	0.532440
-0.762000	0.078050
-1.400000	-0.465070
-1.670000	-1.007200
-1.060000	-2.194400
-0.080200	-0.006562
0.403000	0.428790
0.994000	0.527030
1.130000	0.599730
0.897000	0.626830
0.878000	0.643470
0.556000	0.567360
-0.029700	0.223470
-0.924000	-0.362980
-1.630000	-0.962660
-1.760000	-0.983190
-0.955000	-2.390000
-0.146000	-0.247090
0.552000	0.382000
1.190000	0.520260
1.050000	0.631890
0.766000	0.745360
0.860000	0.776400
0.693000	0.711180
0.163000	0.538740
-0.753000	0.031991
-1.420000	-0.494650
-1.820000	-0.739680
-1.300000	-1.694900
0.196000	0.194800
0.802000	0.491530
0.795000	0.533370
0.738000	0.597410
0.814000	0.620020
0.882000	0.612910
0.502000	0.584240
-0.421000	0.158440
-1.190000	-0.285050
-1.760000	-1.124800
-1.830000	-1.049400
-0.976000	-2.162100
-0.289000	0.134070
0.423000	0.395840
1.130000	0.526650
1.120000	0.697890
0.854000	0.795820
0.945000	0.771170
0.721000	0.705010
0.234000	0.507650
-0.728000	0.020272
-1.490000	-0.466360
-1.760000	-0.585530
-1.330000	-2.570500
-0.628000	-0.655700
0.634000	0.455660
0.817000	0.550200
1.000000	0.634370
1.120000	0.689770
0.910000	0.715490
0.550000	0.671720
0.075900	0.485840
-0.716000	0.056313
-1.540000	-0.392860
-1.870000	-1.172800
-1.350000	-1.803100
-0.011700	0.212670
0.746000	0.450680
0.878000	0.533350
0.865000	0.607700
0.711000	0.683540
0.926000	0.730750
0.903000	0.630260
0.349000	0.586370
-0.567000	-0.023158
-1.420000	-0.711200
-1.730000	-1.252200
-1.420000	-2.431300
-0.563000	-0.675230
0.236000	0.412470
0.686000	0.534010
