0.965000	0.718420
1.090000	1.321900
1.080000	1.007500
0.947000	0.747300
0.527000	0.284520
0.072300	0.133070
-0.987000	-0.798120
-1.670000	-0.936140
-1.390000	-1.459000
-0.326000	-1.061900
0.534000	0.650340
0.816000	0.699900
1.080000	0.740890
0.940000	0.773330
0.968000	0.623110
0.676000	0.501860
0.106000	-0.363530
-0.564000	-0.719790
-1.170000	-1.216800
-1.560000	-1.101100
-1.220000	-1.336000
-0.500000	-0.142740
0.396000	0.366910
1.080000	0.730380
1.110000	0.842640
1.110000	0.942630
1.070000	0.719480
0.737000	0.432990
0.092800	-0.170270
-0.472000	-0.440360
-1.220000	-1.011900
-1.780000	-1.627600
-1.410000	-1.555900
-0.544000	-0.596470
0.362000	0.224230
0.837000	0.659490
0.920000	1.190400
0.907000	0.982080
1.040000	1.420300
0.650000	0.653600
0.182000	0.157510
-0.517000	-0.236950
-1.110000	-0.691560
-1.730000	-1.142200
-1.430000	-2.069700
-0.427000	-0.282580
0.347000	0.282690
0.970000	0.568010
1.020000	0.678370
0.896000	0.618750
0.926000	0.724910
0.622000	0.384030
0.130000	-0.143150
-0.668000	-0.643110
-1.300000	-1.063500
-1.820000	-1.185400
-1.410000	-2.236800
-0.537000	-0.582140
0.215000	0.351000
1.050000	0.615110
0.920000	1.143400
0.698000	1.633600
0.768000	1.248000
0.858000	0.552830
0.416000	0.202440
-0.394000	-0.252290
-1.080000	-0.698310
-1.750000	-0.924260
-1.780000	-1.673900
-0.046400	-0.105860
0.689000	0.567030
0.846000	0.588230
0.819000	0.911620
0.768000	0.735950
0.903000	0.820240
0.567000	0.357950
-0.145000	-0.182540
-0.823000	-0.565620
-1.470000	-1.240800
-1.920000	-1.214100
-1.210000	-2.075400
-0.357000	-0.126120
0.476000	0.312340
0.939000	0.763710
1.150000	1.276600
1.320000	1.302100
1.170000	1.092500
0.913000	0.515260
0.408000	0.225070
-0.364000	-0.247250
-1.100000	-0.668790
-1.800000	-0.800660
-1.870000	-2.350700
-0.936000	-0.699130
0.387000	0.658230
0.808000	0.767460
1.040000	1.080400
1.150000	1.137400
0.953000	1.158000
0.579000	0.466930
0.138000	0.182750
-0.493000	-0.185150
-1.190000	-0.628460
-1.830000	-1.262800
-1.750000	-1.756100
-0.041000	-0.060044
0.647000	0.645430
0.901000	0.698460
1.030000	1.053400
0.932000	1.008800
1.200000	1.242300
0.770000	0.621000
0.376000	0.299850
-0.295000	-0.284630
-1.050000	-0.853960
-1.390000	-1.315600
-1.590000	-2.246000
-0.541000	-0.837930
0.214000	0.319090
0.739000	0.735120
