1.040000	0.550730
1.300000	0.578340
1.510000	0.578340
1.240000	0.575980
0.698000	0.500250
0.313000	0.450550
-0.547000	-0.664140
-0.958000	-0.770640
-1.270000	-1.356800
-1.040000	-0.930780
0.250000	0.568090
1.320000	0.568880
0.635000	0.572820
1.070000	0.570460
0.882000	0.460800
0.366000	0.510500
-0.309000	-0.096146
-0.885000	-0.462970
-1.150000	-1.041200
-1.400000	-0.812450
-1.510000	-1.167400
-1.210000	0.233610
-0.508000	0.521550
0.418000	0.571240
0.809000	0.566510
1.490000	0.578340
0.898000	0.557050
0.300000	0.525490
-0.438000	0.130260
-0.859000	-0.119810
-1.150000	-0.777740
-1.440000	-1.514500
-1.690000	-1.372500
-1.680000	-0.268120
-1.240000	0.525490
0.365000	0.571240
1.170000	0.577560
1.150000	0.576770
1.430000	0.578340
1.090000	0.576770
0.415000	0.485260
-0.148000	0.067862
-0.617000	-0.444040
-1.130000	-0.954440
-1.450000	-2.114100
-1.040000	0.104230
-0.604000	0.537320
0.431000	0.569670
0.694000	0.572820
0.912000	0.564930
0.969000	0.570460
0.808000	0.527070
-0.026400	0.235180
-0.556000	-0.313880
-0.938000	-0.883450
-1.250000	-0.875560
-1.540000	-2.264000
-1.620000	-0.092201
-1.050000	0.516020
0.624000	0.575980
1.340000	0.578340
1.580000	0.578340
1.500000	0.578340
1.090000	0.575190
0.597000	0.464750
-0.179000	0.002606
-0.554000	-0.488220
-0.962000	-0.698850
-1.270000	-1.625000
-0.853000	0.286460
0.031700	0.567300
0.695000	0.572820
0.955000	0.573610
1.230000	0.553890
0.948000	0.547580
0.708000	0.547580
0.032200	0.161820
-0.529000	-0.249980
-0.950000	-1.064900
-1.330000	-0.962330
-1.380000	-2.051000
-1.160000	0.274630
-0.137000	0.520760
0.493000	0.575980
0.864000	0.578340
1.530000	0.576770
1.200000	0.576770
0.683000	0.568090
0.169000	0.422940
-0.295000	-0.018126
-0.718000	-0.466920
-1.070000	-0.548960
-1.340000	-2.500600
-1.100000	-0.549750
0.117000	0.536530
1.030000	0.572030
1.240000	0.575980
1.460000	0.572030
1.300000	0.576770
0.780000	0.559410
0.200000	0.426880
-0.256000	0.036622
-0.663000	-0.378560
-1.030000	-1.128000
-1.380000	-1.727500
-0.594000	0.319590
0.090700	0.539690
0.842000	0.571240
1.220000	0.578340
1.240000	0.576770
1.260000	0.578340
1.160000	0.482100
0.674000	0.497880
-0.010200	-0.061514
-0.868000	-0.709890
-1.240000	-1.214800
-1.330000	-2.358600
-0.941000	-0.570260
-0.377000	0.508130
0.962000	0.576770
