0.724000	0.839130
1.090000	1.569000
0.998000	1.480400
1.050000	1.145600
0.753000	0.466910
0.180000	0.074954
-0.582000	-0.745600
-1.150000	-0.841870
-1.180000	-1.257900
-0.721000	-0.993300
0.225000	0.299810
0.697000	0.544700
0.926000	0.759200
1.070000	0.904840
1.360000	0.802410
0.749000	0.556400
0.024500	-0.337840
-0.643000	-0.812940
-1.140000	-1.226300
-1.530000	-1.174700
-1.580000	-1.363000
-1.100000	-0.477790
-0.275000	-0.030473
0.901000	0.507370
1.110000	0.920550
1.020000	1.128200
1.060000	0.920920
0.632000	0.525440
0.014100	-0.175070
-0.476000	-0.575900
-1.060000	-1.117400
-1.520000	-1.545600
-1.680000	-1.466200
-1.460000	-0.802320
-0.293000	-0.202880
0.507000	0.241960
1.620000	0.939570
1.230000	1.044200
1.130000	1.520000
0.845000	0.806980
0.116000	0.124180
-0.410000	-0.354150
-0.891000	-0.781960
-1.340000	-1.076000
-1.510000	-1.747700
-0.819000	-0.549990
-0.247000	-0.086314
0.801000	0.349800
1.570000	0.674570
1.000000	0.755540
1.090000	0.857970
0.793000	0.456640
0.131000	-0.200480
-0.384000	-0.763450
-0.922000	-1.192600
-1.310000	-1.266400
-1.630000	-1.986000
-1.300000	-0.844330
-0.541000	-0.112070
0.642000	0.288880
1.200000	1.080900
1.150000	1.871800
1.460000	1.632300
1.120000	0.845440
0.359000	0.261020
-0.348000	-0.274760
-0.861000	-0.693140
-1.260000	-0.927010
-1.540000	-1.447200
-0.730000	-0.357690
0.898000	0.210010
0.909000	0.361440
0.879000	0.835320
1.180000	0.828210
1.030000	0.911560
0.618000	0.375060
-0.090300	-0.267040
-0.615000	-0.730100
-1.130000	-1.292500
-1.610000	-1.296600
-1.430000	-1.807400
-0.954000	-0.497420
-0.535000	-0.148390
0.196000	0.415780
0.933000	1.393100
1.290000	1.778500
1.080000	1.514900
0.740000	0.805310
0.270000	0.372580
-0.157000	-0.231250
-0.808000	-0.668110
-1.290000	-0.804920
-1.480000	-1.861100
-1.050000	-0.716330
-0.101000	0.258350
0.844000	0.513340
1.230000	1.094500
1.280000	1.324200
1.110000	1.374600
0.548000	0.686770
0.061800	0.240370
-0.441000	-0.225030
-0.900000	-0.718710
-1.340000	-1.157300
-1.630000	-1.463700
-0.723000	-0.335080
-0.021700	0.235560
0.534000	0.466660
1.480000	0.967370
1.150000	1.220200
1.300000	1.546400
0.996000	0.987940
0.473000	0.479480
-0.138000	-0.241130
-0.885000	-0.763670
-1.260000	-1.144800
-1.540000	-1.766400
-0.835000	-0.850710
-0.084000	-0.045219
1.040000	0.446090
