0.341000	0.564310
1.140000	0.592600
1.100000	0.592600
1.240000	0.590180
0.825000	0.512580
0.194000	0.461650
-0.502000	-0.680510
-1.030000	-0.789630
-1.100000	-1.390200
-0.613000	-0.953720
0.240000	0.582090
0.701000	0.582900
0.879000	0.586940
1.180000	0.584520
1.450000	0.472160
0.786000	0.523090
-0.083500	-0.098516
-0.694000	-0.474390
-1.070000	-1.066900
-1.520000	-0.832470
-1.670000	-1.196200
-1.280000	0.239360
-0.512000	0.534400
0.729000	0.585330
0.948000	0.580480
1.040000	0.592600
1.030000	0.570780
0.576000	0.538440
-0.016400	0.133470
-0.574000	-0.122770
-1.060000	-0.796910
-1.420000	-1.551900
-1.610000	-1.406400
-1.450000	-0.274730
-0.221000	0.538440
0.480000	0.585330
1.650000	0.591790
1.310000	0.590990
1.260000	0.592600
0.867000	0.590990
0.140000	0.497220
-0.396000	0.069535
-0.836000	-0.454990
-1.250000	-0.977970
-1.610000	-2.166200
-1.210000	0.106800
-0.689000	0.550570
0.537000	0.583710
1.350000	0.586940
1.110000	0.578860
1.180000	0.584520
0.898000	0.540060
0.120000	0.240980
-0.507000	-0.321610
-0.995000	-0.905220
-1.350000	-0.897140
-1.730000	-2.319800
-1.660000	-0.094474
-0.936000	0.528740
0.366000	0.590180
1.260000	0.592600
1.190000	0.592600
1.540000	0.592600
1.170000	0.589370
0.347000	0.476200
-0.311000	0.002670
-0.737000	-0.500250
-1.120000	-0.716080
-1.400000	-1.665000
-0.643000	0.293520
0.910000	0.581290
0.906000	0.586940
0.904000	0.587750
1.180000	0.567540
1.040000	0.561080
0.686000	0.561080
-0.082500	0.165810
-0.644000	-0.256140
-1.090000	-1.091100
-1.550000	-0.986060
-1.470000	-2.101500
-1.080000	0.281400
-0.480000	0.533590
0.225000	0.590180
0.697000	0.592600
1.470000	0.590990
1.270000	0.590990
0.708000	0.582090
0.199000	0.433360
-0.268000	-0.018572
-0.791000	-0.478430
-1.170000	-0.562490
-1.390000	-2.562300
-0.996000	-0.563300
0.009170	0.549760
0.913000	0.586140
1.230000	0.590180
1.310000	0.586140
1.130000	0.590990
0.623000	0.573200
0.118000	0.437400
-0.347000	0.037525
-0.749000	-0.387900
-1.200000	-1.155800
-1.460000	-1.770100
-0.563000	0.327470
0.229000	0.552990
0.570000	0.585330
1.360000	0.592600
1.180000	0.590990
1.180000	0.592600
0.964000	0.493990
0.531000	0.510150
-0.098200	-0.063030
-0.800000	-0.727390
-1.150000	-1.244700
-1.320000	-2.416800
-0.768000	-0.584320
-0.322000	0.520660
0.867000	0.590990
