1.230000	0.715710
1.480000	1.791500
1.840000	1.665300
1.310000	1.220700
0.700000	0.514750
0.360000	0.193240
-0.523000	-0.320720
-0.852000	-0.678480
-1.140000	-1.145400
-1.200000	-1.097500
0.563000	0.079825
1.150000	0.334670
0.725000	0.567940
0.923000	0.822050
0.551000	0.729220
0.097300	0.456100
-0.013300	-0.274080
-0.496000	-0.564920
-0.856000	-0.933440
-1.180000	-1.123100
-1.370000	-1.293200
-1.450000	-0.940040
-0.978000	-0.444620
-0.210000	0.285470
0.287000	0.812660
0.641000	1.138900
0.128000	0.833050
-0.199000	0.406300
-0.578000	-0.173310
-0.882000	-0.456230
-1.100000	-0.804650
-1.340000	-1.221900
-1.490000	-1.445800
-1.520000	-1.157900
-1.200000	-0.681960
0.312000	-0.037052
0.990000	0.940670
1.300000	1.069200
1.410000	1.702800
0.984000	0.786370
0.348000	0.160070
-0.150000	-0.152860
-0.622000	-0.492380
-1.090000	-0.909600
-1.240000	-1.410600
-0.767000	-0.916030
-0.471000	-0.552780
0.520000	0.053718
0.563000	0.486370
0.790000	0.572990
1.130000	0.752070
1.050000	0.256600
0.285000	-0.346110
-0.296000	-0.693680
-0.751000	-0.931260
-1.130000	-1.273400
-1.400000	-1.734000
-1.510000	-1.378900
-0.614000	-0.577240
1.130000	0.077490
1.970000	1.165900
1.760000	2.222200
1.860000	1.940800
1.470000	0.884450
0.884000	0.338400
0.084800	-0.057072
-0.357000	-0.432190
-0.812000	-0.739710
-1.130000	-1.209900
-1.170000	-0.743060
-0.319000	-0.077167
0.274000	0.097966
1.050000	0.747810
1.220000	0.754290
0.674000	0.840260
0.244000	0.225670
-0.346000	-0.267250
-0.668000	-0.540330
-0.938000	-0.912330
-1.200000	-1.111100
-1.270000	-1.626100
-1.200000	-1.000600
-0.585000	-0.562550
0.373000	0.283870
1.580000	1.622200
1.320000	2.078200
1.180000	1.736400
0.705000	0.858310
0.150000	0.406060
-0.345000	-0.002650
-0.781000	-0.368460
-1.090000	-0.685270
-1.290000	-1.471600
-1.380000	-1.021100
-0.059800	0.029433
1.170000	0.412140
1.650000	1.088800
1.310000	1.430500
1.290000	1.566200
1.070000	0.697350
0.397000	0.247140
-0.058200	-0.063399
-0.498000	-0.428340
-0.811000	-0.888580
-1.200000	-1.300900
-1.190000	-0.803130
-0.501000	-0.032400
0.567000	0.224990
1.020000	0.931460
1.400000	1.210100
1.400000	1.687900
1.010000	1.051200
0.681000	0.437640
0.094800	-0.028430
-0.569000	-0.460310
-0.992000	-0.875320
-1.250000	-1.471300
-1.340000	-1.145800
-0.948000	-0.415560
0.267000	0.261490
