1.180000	0.636380
0.866000	0.699430
1.200000	0.718830
0.866000	0.703040
0.456000	0.594780
0.027500	0.519460
-0.951000	-0.732750
-1.640000	-0.866480
-1.050000	-1.532800
0.084200	-1.068600
0.800000	0.606630
1.100000	0.626350
1.090000	0.648180
0.863000	0.662380
0.842000	0.541540
0.582000	0.585590
0.064400	-0.103900
-0.479000	-0.525550
-1.140000	-1.179400
-1.720000	-0.936620
-0.961000	-1.339100
0.142000	0.210320
0.730000	0.537710
1.380000	0.621970
0.803000	0.651250
1.220000	0.681770
1.040000	0.653290
0.698000	0.605370
0.088500	0.149700
-0.388000	-0.142820
-1.060000	-0.884470
-1.880000	-1.712700
-1.450000	-1.566600
-0.317000	-0.347660
0.787000	0.535850
0.881000	0.600500
0.678000	0.639070
0.861000	0.669180
0.937000	0.683150
0.540000	0.675520
0.125000	0.556820
-0.425000	0.079232
-1.070000	-0.501120
-1.870000	-1.080000
-1.720000	-2.378300
-0.527000	0.073720
0.580000	0.555560
1.140000	0.616480
1.110000	0.646380
0.710000	0.650890
0.625000	0.661240
0.541000	0.600640
0.082600	0.256750
-0.616000	-0.367220
-1.330000	-1.011200
-1.850000	-1.013200
-1.150000	-2.562100
-0.340000	-0.161160
0.316000	0.522240
0.853000	0.618530
0.891000	0.662620
0.635000	0.705670
0.741000	0.717440
0.620000	0.690390
0.274000	0.544210
-0.426000	0.014043
-1.100000	-0.544650
-1.850000	-0.791620
-1.810000	-1.831200
0.066300	0.283360
0.778000	0.601290
0.493000	0.621200
0.850000	0.646070
0.698000	0.640230
0.953000	0.632920
0.683000	0.622040
-0.041200	0.178430
-0.768000	-0.290930
-1.400000	-1.205400
-2.080000	-1.101800
-1.730000	-2.320000
-0.014300	0.251670
0.607000	0.530950
1.280000	0.620960
0.871000	0.687660
0.599000	0.723660
0.876000	0.714310
0.548000	0.682860
0.144000	0.501850
-0.542000	-0.005561
-1.260000	-0.518340
-2.000000	-0.623540
-1.690000	-2.803700
-0.596000	-0.650740
0.806000	0.565180
0.654000	0.627010
0.839000	0.661830
0.929000	0.679960
0.850000	0.693180
0.604000	0.663880
0.202000	0.496460
-0.378000	0.048143
-1.090000	-0.425850
-1.910000	-1.269700
-1.930000	-1.947300
0.138000	0.314370
0.940000	0.565600
1.370000	0.620040
0.980000	0.653440
0.680000	0.681060
0.715000	0.700130
0.554000	0.591630
0.181000	0.586510
-0.328000	-0.053764
-1.160000	-0.788890
-1.590000	-1.363300
-1.610000	-2.647000
-0.378000	-0.673150
0.898000	0.528030
0.793000	0.624330
