1.100000	0.867940
0.907000	1.186300
0.917000	1.125200
0.801000	1.001100
0.365000	0.488060
-0.024800	-0.033134
-1.090000	-1.135900
-1.730000	-0.820440
-1.190000	-1.173200
-0.443000	-0.896420
0.586000	0.624110
1.080000	0.782810
0.893000	1.124800
1.130000	1.080800
1.080000	0.980330
0.809000	0.843160
0.291000	-0.188580
-0.355000	-0.706960
-1.070000	-1.061800
-1.520000	-0.964630
-1.120000	-1.340500
-0.296000	-0.023125
0.414000	0.633070
0.829000	0.748940
1.010000	0.994630
0.986000	1.058100
1.010000	1.097600
0.807000	0.795950
0.249000	0.082005
-0.357000	-0.432170
-1.030000	-1.168000
-1.630000	-1.587300
-1.240000	-1.278800
-0.554000	-0.551520
0.405000	0.295080
0.838000	0.587860
1.410000	0.890360
1.250000	0.728500
0.989000	1.273700
0.893000	0.776170
0.410000	-0.133070
-0.284000	-0.587110
-0.963000	-1.005600
-1.570000	-1.152600
-1.360000	-1.981300
-0.345000	-0.284000
0.461000	0.516860
0.902000	0.811290
0.973000	0.865880
1.060000	0.971770
1.020000	0.896880
0.739000	0.623050
0.096800	-0.002151
-0.637000	-0.647080
-1.390000	-1.262200
-1.820000	-1.128300
-1.570000	-2.222700
-0.897000	-0.491850
0.143000	0.275990
0.570000	0.623120
0.958000	1.061500
1.040000	1.281100
0.965000	1.080800
0.832000	0.676550
0.379000	0.035093
-0.370000	-0.567140
-1.100000	-0.843050
-1.790000	-1.165100
-1.610000	-1.783300
-0.404000	-0.091864
0.704000	0.665270
1.160000	0.748140
0.842000	0.868880
1.070000	0.736360
0.833000	0.960740
0.725000	0.609810
0.164000	-0.297710
-0.503000	-0.753320
-1.220000	-1.446800
-1.720000	-1.394300
-1.390000	-1.746400
-0.384000	0.133180
0.431000	0.314670
0.974000	0.753480
0.730000	1.045600
1.160000	1.113800
0.794000	1.089400
0.710000	0.346450
0.211000	0.073196
-0.502000	-0.542840
-1.270000	-0.974490
-1.830000	-1.016000
-1.780000	-2.184500
-0.759000	-0.636860
0.387000	0.435190
0.921000	0.655150
0.976000	1.078000
1.090000	1.152700
0.894000	1.096300
0.670000	0.321100
0.156000	0.091868
-0.498000	-0.355530
-1.270000	-1.028600
-1.870000	-1.444400
-1.910000	-1.676900
-0.631000	-0.224530
0.575000	0.241140
0.854000	0.732300
0.999000	0.967270
0.901000	1.103700
0.801000	1.207600
0.627000	0.621360
0.253000	0.280010
-0.415000	-0.495760
-1.200000	-0.990480
-1.810000	-1.388100
-1.710000	-1.938900
-0.878000	-0.802000
0.253000	0.074314
0.859000	0.745770
