1.210000	0.628700
1.220000	0.660220
1.370000	0.660220
0.902000	0.657520
0.571000	0.571060
0.138000	0.514330
-0.805000	-0.758160
-1.570000	-0.879730
-1.380000	-1.548800
-0.431000	-1.062500
0.669000	0.648510
1.020000	0.649410
0.551000	0.653920
0.878000	0.651210
0.834000	0.526040
0.619000	0.582770
0.078400	-0.109760
-0.481000	-0.528520
-1.030000	-1.188600
-1.370000	-0.927460
-1.010000	-1.332700
-0.112000	0.266680
0.622000	0.595380
1.290000	0.652110
1.230000	0.646710
1.150000	0.660220
0.972000	0.635900
0.712000	0.599880
0.263000	0.148700
-0.239000	-0.136770
-0.893000	-0.887840
-1.470000	-1.729000
-1.420000	-1.566900
-0.771000	-0.306080
0.401000	0.599880
1.100000	0.652110
1.360000	0.659320
1.070000	0.658420
0.852000	0.660220
0.864000	0.658420
0.273000	0.553950
-0.254000	0.077469
-0.926000	-0.506900
-1.510000	-1.089600
-1.590000	-2.413400
-0.551000	0.118980
0.203000	0.613390
0.845000	0.650310
1.160000	0.653920
0.651000	0.644910
1.070000	0.651210
0.624000	0.601680
0.100000	0.268480
-0.370000	-0.358310
-1.100000	-1.008500
-1.620000	-0.999510
-1.640000	-2.584500
-0.908000	-0.105250
0.248000	0.589080
0.823000	0.657520
0.897000	0.660220
0.958000	0.660220
0.803000	0.660220
0.761000	0.656620
0.273000	0.530540
-0.394000	0.002975
-1.060000	-0.557330
-1.710000	-0.797780
-1.900000	-1.855000
-0.794000	0.327010
0.928000	0.647610
1.140000	0.653920
0.973000	0.654820
0.725000	0.632300
0.981000	0.625100
0.674000	0.625100
-0.036600	0.184730
-0.646000	-0.285370
-1.300000	-1.215600
-1.850000	-1.098600
-1.730000	-2.341300
-0.532000	0.313500
0.204000	0.594480
1.030000	0.657520
1.130000	0.660220
1.260000	0.658420
0.836000	0.658420
0.729000	0.648510
0.306000	0.482810
-0.305000	-0.020692
-1.070000	-0.533020
-1.690000	-0.626680
-1.890000	-2.854700
-0.804000	-0.627580
0.057800	0.612490
0.596000	0.653010
0.852000	0.657520
0.665000	0.653010
1.160000	0.658420
0.650000	0.638610
0.169000	0.487310
-0.352000	0.041807
-1.050000	-0.432160
-1.740000	-1.287700
-2.000000	-1.972100
-0.457000	0.364840
0.458000	0.616090
0.982000	0.652110
0.390000	0.660220
1.000000	0.658420
1.080000	0.660220
0.669000	0.550350
0.271000	0.568360
-0.338000	-0.070222
-1.040000	-0.810390
-1.660000	-1.386700
-1.840000	-2.692600
-0.898000	-0.650990
0.070000	0.580070
0.924000	0.658420
