1.340000	0.850670
1.520000	1.498700
1.580000	1.454800
0.915000	1.203000
0.355000	0.589900
0.082200	0.088392
-0.841000	-0.826920
-1.420000	-0.762470
-1.320000	-1.184700
-0.663000	-1.040200
0.275000	0.390600
0.971000	0.612950
0.904000	0.974890
1.050000	1.061600
0.976000	0.967960
0.559000	0.770150
0.017100	-0.181360
-0.599000	-0.627210
-1.150000	-0.994540
-1.620000	-1.053300
-1.510000	-1.396700
-0.589000	-0.457500
-0.146000	0.193760
0.599000	0.557330
0.998000	0.969780
1.070000	1.160500
0.873000	1.088100
0.700000	0.723620
0.186000	0.039034
-0.338000	-0.422730
-0.886000	-1.041500
-1.550000	-1.475600
-1.680000	-1.393200
-1.050000	-0.888880
-0.104000	-0.155190
0.677000	0.299460
1.340000	0.893500
1.200000	0.866640
1.510000	1.502400
1.020000	0.845010
0.406000	-0.024089
-0.129000	-0.428650
-0.660000	-0.828110
-1.280000	-1.091800
-1.310000	-1.819400
-0.722000	-0.614460
-0.026900	0.064722
0.544000	0.528050
0.935000	0.750480
1.190000	0.882520
1.110000	0.892550
0.694000	0.518200
-0.046900	-0.127470
-0.729000	-0.675160
-1.280000	-1.177100
-1.750000	-1.244900
-1.910000	-2.139500
-1.620000	-0.960250
-0.946000	-0.150800
0.371000	0.398570
1.230000	1.149200
1.270000	1.714900
1.120000	1.510900
0.791000	0.840260
0.221000	0.180190
-0.330000	-0.372010
-0.823000	-0.683470
-1.460000	-1.051100
-1.540000	-1.643400
-0.637000	-0.417150
0.223000	0.360830
0.954000	0.499640
1.130000	0.834690
1.090000	0.770140
1.070000	0.965370
0.765000	0.512940
0.164000	-0.294570
-0.403000	-0.680510
-0.970000	-1.267600
-1.460000	-1.347400
-1.520000	-1.750300
-0.588000	-0.368100
0.082800	-0.094910
0.691000	0.573220
0.627000	1.328700
1.470000	1.580400
1.080000	1.446300
0.629000	0.579250
0.192000	0.220640
-0.374000	-0.330750
-0.951000	-0.756830
-1.440000	-0.938750
-1.630000	-1.967300
-0.919000	-0.890610
-0.043600	0.214700
0.972000	0.554110
1.180000	1.123500
1.190000	1.335600
1.060000	1.361600
0.616000	0.492910
0.187000	0.173060
-0.288000	-0.230800
-0.893000	-0.827340
-1.490000	-1.280600
-1.610000	-1.604600
-0.544000	-0.571110
0.299000	0.030596
0.822000	0.521530
0.798000	0.970520
1.290000	1.207600
1.190000	1.471600
0.908000	0.849210
0.474000	0.371300
-0.088400	-0.303550
-0.760000	-0.788310
-1.300000	-1.226800
-1.520000	-1.803800
-0.970000	-1.043500
-0.127000	-0.216830
0.782000	0.552470
