1.110000	0.727820
1.270000	1.030400
1.410000	1.196100
0.991000	1.081400
0.683000	0.804100
0.345000	0.585510
-0.754000	-0.581460
-1.590000	-0.813350
-1.320000	-1.494100
-0.652000	-1.170700
0.189000	0.325220
0.810000	0.486920
0.822000	0.639700
0.892000	0.781310
0.904000	0.686450
0.658000	0.637840
0.125000	-0.065533
-0.458000	-0.531350
-1.040000	-1.172800
-1.320000	-1.055100
-1.360000	-1.458200
-0.437000	-0.200610
0.587000	0.134420
1.100000	0.429340
1.490000	0.719960
1.170000	0.879470
0.957000	0.818290
0.731000	0.678670
0.255000	0.165160
-0.230000	-0.195710
-0.930000	-0.906330
-1.510000	-1.682400
-1.490000	-1.648400
-1.020000	-0.677640
0.186000	0.084813
0.946000	0.245890
1.400000	0.521390
1.240000	0.785390
0.991000	0.891300
0.881000	0.839540
0.308000	0.607930
-0.260000	0.096652
-0.896000	-0.484500
-1.350000	-1.066000
-1.320000	-2.242400
-0.517000	-0.261390
0.202000	0.152000
0.738000	0.395920
0.990000	0.624320
0.702000	0.730330
1.100000	0.771550
0.696000	0.624800
0.175000	0.182550
-0.407000	-0.453470
-1.220000	-1.085100
-1.660000	-1.169800
-1.860000	-2.531100
-1.230000	-0.588500
-0.206000	0.049406
0.593000	0.359460
0.850000	0.715840
1.020000	1.083600
0.996000	1.184200
0.837000	0.980100
0.396000	0.675610
-0.309000	0.097693
-0.966000	-0.478620
-1.570000	-0.787620
-1.730000	-1.750200
-0.867000	-0.028516
0.683000	0.286320
0.933000	0.409200
0.889000	0.614990
0.738000	0.733700
0.856000	0.725190
0.579000	0.632280
-0.071500	0.140770
-0.678000	-0.348060
-1.300000	-1.192700
-1.770000	-1.184600
-1.670000	-2.283300
-0.649000	-0.198080
-0.055600	0.083383
0.788000	0.380170
1.000000	0.929770
1.240000	1.250800
0.921000	1.170900
0.820000	0.976480
0.395000	0.671170
-0.237000	0.107470
-0.970000	-0.436000
-1.560000	-0.633260
-1.770000	-2.571300
-0.932000	-0.858870
0.058800	0.240930
0.953000	0.465580
0.908000	0.729330
0.511000	0.918000
1.420000	0.990440
0.603000	0.888540
0.105000	0.591380
-0.426000	0.098164
-1.120000	-0.401300
-1.720000	-1.203000
-1.810000	-1.864800
-0.422000	-0.046913
0.476000	0.217520
0.894000	0.412770
0.803000	0.637430
1.120000	0.886880
1.280000	1.036300
0.803000	0.932260
0.318000	0.753670
-0.364000	0.066647
-1.020000	-0.669860
-1.480000	-1.260400
-1.690000	-2.447000
-0.940000	-0.874930
0.264000	0.166370
1.030000	0.402210
