1.190000	0.875970
0.991000	1.150800
1.310000	1.006200
0.862000	0.820170
0.402000	0.232000
-0.081000	-0.169700
-0.961000	-1.216900
-1.690000	-0.966110
-1.200000	-1.241100
-0.144000	-0.723760
1.030000	0.616530
1.230000	0.784830
0.808000	0.917060
0.905000	0.883830
0.970000	0.768360
0.670000	0.577450
0.091000	-0.436920
-0.527000	-1.047300
-1.220000	-1.437800
-1.490000	-1.096600
-0.258000	-1.250800
0.513000	0.173490
0.937000	0.546460
1.310000	0.788640
1.050000	0.958300
0.798000	0.977830
1.010000	0.881310
0.747000	0.548260
0.169000	-0.225330
-0.340000	-0.693400
-1.060000	-1.374400
-1.750000	-1.739000
-1.370000	-1.293500
-0.596000	-0.242200
0.305000	0.456550
0.815000	0.659720
0.892000	0.974530
1.030000	0.921300
0.693000	1.213700
0.678000	0.684210
0.110000	-0.027413
-0.546000	-0.618060
-1.400000	-1.074700
-1.780000	-1.163400
-1.190000	-1.920300
-0.028600	-0.026768
0.432000	0.538320
0.886000	0.713610
1.110000	0.830580
0.748000	0.852380
0.802000	0.862690
0.579000	0.588420
-0.018200	-0.063652
-0.620000	-0.786220
-1.320000	-1.349900
-1.800000	-1.098900
-1.410000	-1.996200
-0.645000	-0.074162
0.359000	0.555020
0.857000	0.580670
0.935000	0.935570
1.070000	1.314900
0.833000	1.046500
0.807000	0.587460
0.137000	0.032261
-0.580000	-0.577010
-1.240000	-0.969960
-1.880000	-1.067400
-1.810000	-1.551000
-0.378000	0.152420
0.830000	0.610620
1.250000	0.686080
0.743000	0.903620
0.694000	0.810220
0.887000	0.899470
0.677000	0.451430
-0.020600	-0.296620
-0.768000	-0.906300
-1.480000	-1.600500
-1.950000	-1.362000
-1.370000	-1.773100
-0.254000	0.210930
0.322000	0.445910
1.150000	0.623110
1.230000	1.007300
1.230000	1.177700
0.764000	1.017700
0.679000	0.528350
0.176000	0.184150
-0.512000	-0.555240
-1.270000	-0.997580
-1.950000	-0.884690
-1.740000	-2.082200
-0.395000	-0.222390
0.313000	0.613030
0.532000	0.649080
0.773000	1.037600
0.838000	1.065800
0.997000	0.993780
0.663000	0.488210
0.173000	0.113530
-0.385000	-0.450480
-1.030000	-1.024500
-1.850000	-1.357500
-1.790000	-1.471800
-0.206000	0.287360
0.688000	0.643280
0.972000	0.774280
0.747000	0.982010
1.010000	1.094600
0.807000	1.208400
0.461000	0.703020
0.188000	0.365870
-0.485000	-0.545330
-1.220000	-1.080400
-1.910000	-1.350100
-1.650000	-1.888300
-0.510000	-0.377670
0.563000	0.461860
0.677000	0.699900
