0.968000	0.961130
0.890000	1.175300
1.090000	1.050000
0.761000	0.848970
0.334000	0.110330
-0.283000	-0.448920
-1.390000	-1.440000
-1.700000	-0.966400
-0.846000	-1.043400
-0.062100	-0.492320
0.529000	0.582300
0.968000	0.825200
1.350000	1.013800
1.220000	0.948400
0.937000	0.850500
0.649000	0.579460
0.043000	-0.534250
-0.818000	-1.257800
-1.430000	-1.527300
-1.390000	-1.098300
-0.609000	-1.153200
-0.107000	0.258720
0.513000	0.584540
1.100000	0.821670
1.140000	1.044300
1.130000	1.034600
1.080000	0.965290
0.759000	0.551640
-0.026900	-0.335940
-0.762000	-0.900420
-1.470000	-1.576000
-1.630000	-1.718100
-0.909000	-1.085200
-0.112000	-0.089806
0.803000	0.491460
0.983000	0.647790
1.150000	0.955270
0.976000	0.935570
1.090000	1.244100
0.628000	0.672810
0.077400	-0.244580
-0.762000	-0.909360
-1.400000	-1.316500
-1.670000	-1.149400
-1.060000	-1.674600
-0.080200	0.029382
0.403000	0.595080
0.994000	0.759610
1.130000	0.899710
0.897000	0.953440
0.878000	0.931690
0.556000	0.631620
-0.029700	-0.121560
-0.924000	-0.918070
-1.630000	-1.486800
-1.760000	-1.053600
-0.955000	-1.689200
-0.146000	0.117370
0.552000	0.606740
1.190000	0.534930
1.050000	0.905270
0.766000	1.326900
0.860000	1.033200
0.693000	0.552210
0.163000	-0.162030
-0.753000	-0.821870
-1.420000	-1.138100
-1.820000	-1.149400
-1.300000	-1.376200
0.196000	0.194760
0.802000	0.601950
0.795000	0.708600
0.738000	0.936210
0.814000	0.851370
0.882000	0.964900
0.502000	0.420040
-0.421000	-0.451640
-1.190000	-1.152100
-1.760000	-1.766900
-1.830000	-1.431300
-0.976000	-1.458900
-0.289000	0.300290
0.423000	0.446780
1.130000	0.551320
1.120000	0.968160
0.854000	1.219300
0.945000	1.040700
0.721000	0.474290
0.234000	0.079864
-0.728000	-0.783930
-1.490000	-1.198100
-1.760000	-0.950030
-1.330000	-1.719000
-0.628000	0.058029
0.634000	0.584920
0.817000	0.589830
1.000000	1.086300
1.120000	1.108100
0.910000	0.985570
0.550000	0.432030
0.075900	-0.015784
-0.716000	-0.655720
-1.540000	-1.279100
-1.870000	-1.361500
-1.350000	-1.193600
-0.011700	0.381860
0.746000	0.636200
0.878000	0.810230
0.865000	1.009800
0.711000	1.195500
0.926000	1.291900
0.903000	0.737340
0.349000	0.316550
-0.567000	-0.742920
-1.420000	-1.192800
-1.730000	-1.306900
-1.420000	-1.492800
-0.563000	-0.132600
0.236000	0.471080
0.686000	0.680290
