1.010000	0.871170
0.984000	1.210700
1.020000	1.163600
0.817000	1.035500
0.343000	0.518900
-0.054900	-0.011718
-1.040000	-1.112800
-1.680000	-0.810610
-1.240000	-1.175200
-0.454000	-0.919670
0.523000	0.604570
1.020000	0.770680
0.817000	1.128600
1.110000	1.095000
1.090000	0.996390
0.827000	0.857650
0.293000	-0.171860
-0.369000	-0.685740
-1.050000	-1.043100
-1.490000	-0.968020
-1.180000	-1.356700
-0.310000	-0.064427
0.341000	0.605090
0.782000	0.731560
1.020000	0.997730
1.070000	1.073700
1.110000	1.115200
0.873000	0.811370
0.277000	0.099937
-0.333000	-0.417590
-0.973000	-1.153700
-1.560000	-1.580000
-1.290000	-1.292300
-0.576000	-0.593900
0.373000	0.254010
0.924000	0.558830
1.450000	0.878210
1.330000	0.728630
1.140000	1.289500
0.939000	0.792580
0.406000	-0.124680
-0.277000	-0.573170
-0.935000	-0.992230
-1.500000	-1.151600
-1.380000	-1.983300
-0.434000	-0.320920
0.407000	0.484020
0.872000	0.796980
0.859000	0.863000
1.120000	0.978700
1.000000	0.903830
0.710000	0.624920
0.083500	-0.002544
-0.658000	-0.642700
-1.360000	-1.259100
-1.870000	-1.142700
-1.680000	-2.241400
-0.974000	-0.547050
0.116000	0.227810
0.653000	0.607130
0.882000	1.071000
1.020000	1.306400
0.982000	1.117000
0.856000	0.703320
0.315000	0.052851
-0.426000	-0.550890
-1.120000	-0.826550
-1.750000	-1.165500
-1.640000	-1.793300
-0.414000	-0.125960
0.717000	0.644220
1.120000	0.733920
0.787000	0.863600
1.050000	0.738770
0.936000	0.967380
0.745000	0.618400
0.119000	-0.294240
-0.516000	-0.741920
-1.200000	-1.433500
-1.690000	-1.399100
-1.440000	-1.754800
-0.295000	0.093551
0.532000	0.276220
1.070000	0.743120
0.806000	1.066000
1.140000	1.148400
0.867000	1.125100
0.711000	0.363540
0.206000	0.085811
-0.509000	-0.524930
-1.220000	-0.959660
-1.770000	-1.019300
-1.820000	-2.185600
-0.754000	-0.679380
0.302000	0.404800
0.784000	0.645350
0.797000	1.082300
1.080000	1.171800
0.957000	1.122300
0.664000	0.333730
0.152000	0.103440
-0.510000	-0.339970
-1.220000	-1.017100
-1.810000	-1.442700
-1.900000	-1.689700
-0.607000	-0.274910
0.491000	0.199320
0.742000	0.713670
0.841000	0.963910
0.971000	1.115300
0.903000	1.228900
0.755000	0.642330
0.280000	0.291400
-0.419000	-0.477020
-1.150000	-0.973700
-1.750000	-1.383600
-1.740000	-1.941400
-0.885000	-0.842950
0.064700	0.031823
0.883000	0.731550
