0.248000	0.776700
1.010000	1.762400
1.240000	1.704800
1.160000	1.286000
0.780000	0.562090
0.220000	0.180020
-0.585000	-0.428740
-1.030000	-0.713990
-1.240000	-1.166400
-1.130000	-1.076700
-0.004980	0.078647
0.940000	0.366380
0.812000	0.626770
1.280000	0.873710
1.420000	0.786750
0.538000	0.506060
-0.319000	-0.274600
-0.853000	-0.645170
-1.130000	-1.028400
-1.340000	-1.158100
-1.480000	-1.339200
-1.440000	-0.863790
-0.769000	-0.395650
0.624000	0.305740
0.803000	0.856570
1.360000	1.169800
1.030000	0.901140
0.286000	0.472860
-0.488000	-0.156400
-0.832000	-0.500010
-1.140000	-0.913160
-1.410000	-1.322700
-1.650000	-1.461600
-1.730000	-1.099400
-1.000000	-0.615100
0.215000	-0.036553
1.190000	0.877340
1.220000	1.070600
1.220000	1.650400
1.000000	0.833000
0.386000	0.173800
-0.244000	-0.209320
-0.666000	-0.582490
-1.080000	-0.955150
-1.360000	-1.492300
-1.170000	-0.853870
-0.746000	-0.479830
0.171000	0.101430
0.790000	0.543230
1.130000	0.657940
0.995000	0.812230
0.748000	0.342190
-0.183000	-0.295640
-0.738000	-0.726780
-1.050000	-1.036900
-1.270000	-1.295700
-1.530000	-1.811300
-1.650000	-1.273600
-1.410000	-0.527780
0.025000	0.081179
1.270000	1.120300
1.570000	2.143900
1.600000	1.920200
1.210000	0.947840
0.526000	0.355700
-0.215000	-0.103560
-0.527000	-0.499650
-0.862000	-0.795110
-1.130000	-1.267200
-0.807000	-0.667840
0.257000	-0.058669
0.637000	0.135060
0.849000	0.753930
1.110000	0.796710
1.020000	0.877220
0.696000	0.290640
-0.051000	-0.262240
-0.594000	-0.611080
-0.990000	-1.038000
-1.260000	-1.187300
-1.430000	-1.674000
-1.350000	-0.918760
-0.656000	-0.523200
0.230000	0.256080
0.852000	1.568400
1.550000	2.074800
1.340000	1.752600
0.882000	0.918990
0.318000	0.447300
-0.130000	-0.046267
-0.541000	-0.446350
-0.881000	-0.718630
-1.150000	-1.549700
-1.020000	-0.955250
0.122000	0.018166
0.933000	0.394280
1.110000	1.083700
1.710000	1.427500
1.410000	1.546900
0.867000	0.756840
0.292000	0.280100
-0.145000	-0.099863
-0.516000	-0.516740
-0.927000	-0.959540
-1.120000	-1.330500
-0.495000	-0.711330
0.293000	-0.034909
0.730000	0.250090
1.390000	0.916120
1.380000	1.247800
1.430000	1.694100
1.280000	1.112400
0.878000	0.506060
0.179000	-0.064198
-0.637000	-0.531200
-1.010000	-0.937900
-1.190000	-1.522000
-0.915000	-1.076300
-0.452000	-0.369880
0.911000	0.259800
