1.180000	0.613730
1.070000	0.644500
1.130000	0.644500
0.904000	0.641860
0.442000	0.557460
0.127000	0.502080
-0.801000	-0.740100
-1.450000	-0.858780
-1.420000	-1.512000
-0.714000	-1.037200
0.359000	0.633070
0.886000	0.633950
0.883000	0.638340
1.050000	0.635700
1.040000	0.513510
0.799000	0.568890
0.305000	-0.107140
-0.255000	-0.515930
-0.898000	-1.160300
-1.490000	-0.905370
-1.580000	-1.301000
-0.675000	0.260330
0.113000	0.581200
0.541000	0.636580
1.020000	0.631310
1.450000	0.644500
1.110000	0.620760
0.925000	0.585600
0.428000	0.145160
-0.092100	-0.133520
-0.685000	-0.866690
-1.350000	-1.687800
-1.520000	-1.529500
-0.873000	-0.298790
0.227000	0.585600
0.744000	0.636580
1.210000	0.643620
1.240000	0.642740
1.250000	0.644500
1.000000	0.642740
0.483000	0.540760
-0.088600	0.075624
-0.638000	-0.494830
-1.250000	-1.063600
-1.430000	-2.355900
-0.797000	0.116150
0.214000	0.598780
0.709000	0.634830
0.787000	0.638340
0.969000	0.629550
1.030000	0.635700
0.719000	0.587350
0.150000	0.262080
-0.622000	-0.349780
-1.340000	-0.984490
-1.940000	-0.975700
-2.040000	-2.522900
-1.530000	-0.102750
-0.704000	0.575050
0.306000	0.641860
0.925000	0.644500
1.190000	0.644500
1.100000	0.644500
0.889000	0.640980
0.441000	0.517900
-0.194000	0.002904
-0.805000	-0.544060
-1.520000	-0.778780
-1.710000	-1.810900
-0.580000	0.319230
0.329000	0.632190
1.060000	0.638340
1.030000	0.639220
1.100000	0.617240
1.010000	0.610210
0.814000	0.610210
0.275000	0.180330
-0.298000	-0.278570
-0.908000	-1.186700
-1.430000	-1.072400
-1.630000	-2.285600
-0.562000	0.306040
0.346000	0.580320
0.813000	0.641860
0.919000	0.644500
1.350000	0.642740
0.988000	0.642740
0.726000	0.633070
0.275000	0.471310
-0.362000	-0.020199
-0.944000	-0.520320
-1.560000	-0.611750
-1.910000	-2.786700
-1.030000	-0.612630
-0.073900	0.597900
0.885000	0.637460
1.050000	0.641860
0.952000	0.637460
0.982000	0.642740
0.686000	0.623400
0.222000	0.475710
-0.338000	0.040811
-0.951000	-0.421860
-1.530000	-1.257000
-1.810000	-1.925100
-0.944000	0.356150
0.225000	0.601420
0.746000	0.636580
0.634000	0.644500
1.170000	0.642740
0.989000	0.644500
0.820000	0.537240
0.416000	0.554830
-0.181000	-0.068550
-0.850000	-0.791090
-1.470000	-1.353700
-1.860000	-2.628400
-1.110000	-0.635490
-0.174000	0.566260
0.761000	0.642740
