0.939000	0.848240
1.290000	1.436000
1.300000	1.459300
0.948000	1.234900
0.607000	0.659760
0.325000	0.157630
-0.657000	-0.801670
-1.430000	-0.749580
-1.180000	-1.197600
-0.416000	-1.053400
0.291000	0.355180
0.923000	0.587550
0.809000	0.957150
1.030000	1.054800
1.070000	0.968080
0.690000	0.786500
0.171000	-0.139140
-0.401000	-0.601440
-1.030000	-0.994910
-1.490000	-1.043600
-1.480000	-1.412000
-0.649000	-0.442600
0.199000	0.177680
0.836000	0.521320
1.280000	0.947030
0.876000	1.140000
0.900000	1.093000
0.673000	0.756530
0.231000	0.088172
-0.276000	-0.383740
-1.030000	-1.026900
-1.730000	-1.491600
-1.900000	-1.408400
-1.620000	-0.881940
-0.507000	-0.150600
0.487000	0.254770
1.260000	0.796250
1.170000	0.833330
1.110000	1.408100
0.926000	0.866090
0.377000	0.048610
-0.156000	-0.375080
-0.728000	-0.796570
-1.340000	-1.083000
-1.360000	-1.859500
-0.608000	-0.590260
-0.039000	0.066188
0.453000	0.511940
0.890000	0.743460
0.958000	0.895080
1.030000	0.894610
0.754000	0.555560
0.102000	-0.071925
-0.569000	-0.642420
-1.350000	-1.179100
-1.840000	-1.236200
-2.040000	-2.191900
-1.690000	-0.934750
-0.623000	-0.169280
0.425000	0.372610
0.853000	1.078500
1.220000	1.609900
1.190000	1.477400
0.954000	0.893230
0.426000	0.250630
-0.277000	-0.319450
-0.871000	-0.653890
-1.570000	-1.029400
-1.730000	-1.661400
-0.995000	-0.384930
0.479000	0.333370
0.928000	0.482640
1.000000	0.790910
0.906000	0.766960
1.120000	0.945520
0.653000	0.555170
0.077000	-0.239980
-0.507000	-0.644150
-1.180000	-1.264200
-1.700000	-1.339700
-1.590000	-1.792300
-0.791000	-0.354980
-0.191000	-0.104890
0.658000	0.525010
0.704000	1.262200
1.160000	1.546800
1.000000	1.435200
0.768000	0.641220
0.373000	0.285700
-0.162000	-0.279160
-0.801000	-0.724330
-1.350000	-0.910770
-1.520000	-2.021200
-0.763000	-0.902500
-0.315000	0.169340
1.040000	0.516320
0.996000	1.064900
1.250000	1.288300
1.400000	1.319600
0.734000	0.551980
0.292000	0.234990
-0.205000	-0.188390
-0.863000	-0.791790
-1.410000	-1.276000
-1.590000	-1.629100
-0.363000	-0.543080
0.223000	-0.012257
0.921000	0.488730
1.120000	0.906820
1.190000	1.178100
1.200000	1.422300
1.030000	0.882820
0.512000	0.437160
-0.098900	-0.253700
-0.805000	-0.767490
-1.200000	-1.226000
-1.400000	-1.853400
-0.678000	-1.035900
0.342000	-0.215760
0.985000	0.512120
