1.190000	0.650700
0.991000	0.777210
1.310000	0.835690
0.862000	0.793540
0.402000	0.641510
-0.081000	0.528830
-0.961000	-0.680150
-1.690000	-0.838140
-1.200000	-1.497500
-0.144000	-1.078800
1.030000	0.521030
1.230000	0.578660
0.808000	0.635400
0.905000	0.683680
0.970000	0.571780
0.670000	0.590170
0.091000	-0.091884
-0.527000	-0.518600
-1.220000	-1.158500
-1.490000	-0.953350
-0.258000	-1.349500
0.513000	0.096266
0.937000	0.420410
1.310000	0.560030
1.050000	0.659210
0.798000	0.723960
1.010000	0.687140
0.747000	0.615300
0.169000	0.151440
-0.340000	-0.154750
-1.060000	-0.876030
-1.750000	-1.676800
-1.370000	-1.563300
-0.596000	-0.430880
0.305000	0.405730
0.815000	0.495290
0.892000	0.597030
1.030000	0.689630
0.693000	0.728130
0.678000	0.708740
0.110000	0.561560
-0.546000	0.082639
-1.400000	-0.488530
-1.780000	-1.058800
-1.190000	-2.303200
-0.028600	-0.017704
0.432000	0.437900
0.886000	0.547110
1.110000	0.629970
0.748000	0.661740
0.802000	0.680230
0.579000	0.597420
-0.018200	0.232610
-0.620000	-0.384490
-1.320000	-1.014700
-1.800000	-1.039000
-1.410000	-2.512300
-0.645000	-0.273620
0.359000	0.386470
0.857000	0.538760
0.935000	0.666210
1.070000	0.796010
0.833000	0.831510
0.807000	0.757210
0.137000	0.570780
-0.580000	0.036339
-1.240000	-0.518050
-1.880000	-0.777720
-1.810000	-1.779700
-0.378000	0.194800
0.830000	0.506740
1.250000	0.554060
0.743000	0.627240
0.694000	0.655030
0.887000	0.647510
0.677000	0.614720
-0.020600	0.165400
-0.768000	-0.301600
-1.480000	-1.182400
-1.950000	-1.106200
-1.370000	-2.272500
-0.254000	0.126490
0.322000	0.401840
1.150000	0.546070
1.230000	0.741710
1.230000	0.853880
0.764000	0.825690
0.679000	0.750860
0.176000	0.539310
-0.512000	0.024962
-1.270000	-0.487770
-1.950000	-0.616060
-1.740000	-2.695700
-0.395000	-0.696240
0.313000	0.468720
0.532000	0.573390
0.773000	0.669280
0.838000	0.733040
0.997000	0.761990
0.663000	0.713620
0.173000	0.513970
-0.385000	0.060832
-1.030000	-0.412340
-1.850000	-1.231200
-1.790000	-1.893500
-0.206000	0.212000
0.688000	0.462720
0.972000	0.554190
0.747000	0.638540
1.010000	0.725450
0.807000	0.779300
0.461000	0.673760
0.188000	0.622020
-0.485000	-0.020472
-1.220000	-0.744060
-1.910000	-1.313500
-1.650000	-2.550300
-0.510000	-0.716580
0.563000	0.422100
0.677000	0.554410
