0.281000	0.787700
1.090000	1.770400
1.330000	1.804400
1.210000	1.396300
0.714000	0.657180
0.100000	0.198010
-0.662000	-0.389600
-0.988000	-0.642360
-1.160000	-1.073500
-1.270000	-1.063100
-0.177000	-0.018616
0.854000	0.313170
0.801000	0.653230
1.260000	0.922010
1.200000	0.854120
0.416000	0.561900
-0.216000	-0.205910
-0.704000	-0.587000
-1.010000	-0.937200
-1.300000	-1.120400
-1.450000	-1.331500
-1.500000	-0.955690
-1.100000	-0.470540
0.287000	0.227110
0.652000	0.857980
1.360000	1.198100
0.839000	0.973320
0.107000	0.539970
-0.577000	-0.085415
-0.903000	-0.467050
-1.170000	-0.879630
-1.380000	-1.245400
-1.550000	-1.399200
-1.650000	-1.175300
-1.320000	-0.733300
0.268000	-0.164370
1.170000	0.751280
1.240000	1.014600
1.220000	1.621100
0.931000	0.873190
0.331000	0.154950
-0.254000	-0.220960
-0.690000	-0.575810
-1.050000	-0.910710
-1.280000	-1.392200
-1.160000	-0.939160
-0.879000	-0.560800
-0.073300	0.060755
0.571000	0.535810
0.966000	0.704450
0.883000	0.834140
0.741000	0.369690
-0.055800	-0.277390
-0.640000	-0.707180
-0.990000	-1.031300
-1.250000	-1.285900
-1.470000	-1.753800
-1.590000	-1.373400
-1.130000	-0.685000
0.201000	-0.001333
1.340000	1.081300
1.650000	2.115400
1.720000	1.964800
1.310000	1.026900
0.740000	0.375570
0.004700	-0.097422
-0.343000	-0.458980
-0.712000	-0.791340
-0.980000	-1.224400
-0.740000	-0.749600
0.063800	-0.142360
0.689000	0.083802
0.998000	0.699220
1.250000	0.786300
1.120000	0.886320
0.791000	0.328340
0.164000	-0.266390
-0.425000	-0.604840
-0.855000	-1.000200
-1.170000	-1.184600
-1.370000	-1.564700
-1.280000	-0.996110
-0.903000	-0.651160
0.126000	0.173770
1.020000	1.546800
1.510000	2.121200
1.390000	1.824800
0.986000	0.948790
0.452000	0.466400
-0.046400	-0.031393
-0.467000	-0.427860
-0.819000	-0.721250
-1.080000	-1.415100
-1.070000	-1.009700
-0.112000	-0.127360
1.010000	0.311350
1.260000	1.053700
1.620000	1.443400
1.540000	1.570100
1.050000	0.775290
0.395000	0.296500
-0.098400	-0.083626
-0.504000	-0.524750
-0.922000	-0.925510
-1.140000	-1.263700
-0.812000	-0.847980
-0.210000	-0.222720
0.570000	0.171190
1.320000	0.853280
1.570000	1.266000
1.460000	1.716300
1.250000	1.170200
0.906000	0.538170
0.218000	-0.034678
-0.600000	-0.476640
-0.973000	-0.878790
-1.210000	-1.378700
-1.120000	-1.124300
-0.767000	-0.523100
0.847000	0.179550
