1.210000	0.703560
1.220000	0.923220
1.370000	1.038000
0.902000	0.957750
0.571000	0.738160
0.138000	0.568710
-0.805000	-0.643150
-1.570000	-0.842370
-1.380000	-1.526100
-0.431000	-1.148000
0.669000	0.430840
1.020000	0.543180
0.551000	0.650490
0.878000	0.747770
0.834000	0.642370
0.619000	0.626660
0.078400	-0.080188
-0.481000	-0.535670
-1.030000	-1.189300
-1.370000	-1.025000
-1.010000	-1.432800
-0.112000	-0.054535
0.622000	0.281780
1.290000	0.504140
1.230000	0.703820
1.150000	0.818640
0.972000	0.768540
0.712000	0.660370
0.263000	0.161570
-0.239000	-0.178960
-0.893000	-0.909370
-1.470000	-1.713700
-1.420000	-1.638700
-0.771000	-0.566580
0.401000	0.248830
1.100000	0.377000
1.360000	0.570210
1.070000	0.752870
0.852000	0.826840
0.864000	0.790400
0.273000	0.596800
-0.254000	0.091523
-0.926000	-0.496350
-1.510000	-1.084000
-1.590000	-2.318600
-0.551000	-0.143450
0.203000	0.299670
0.845000	0.480410
1.160000	0.639830
0.651000	0.710440
1.070000	0.741000
0.624000	0.623610
0.100000	0.211570
-0.370000	-0.427770
-1.100000	-1.071500
-1.620000	-1.127400
-1.640000	-2.572900
-0.908000	-0.441180
0.248000	0.220870
0.823000	0.457420
0.897000	0.705250
0.958000	0.960130
0.803000	1.029800
0.761000	0.887240
0.273000	0.636280
-0.394000	0.068643
-1.060000	-0.508260
-1.710000	-0.798580
-1.900000	-1.800600
-0.794000	0.083844
0.928000	0.403600
1.140000	0.490750
0.973000	0.633650
0.725000	0.708780
0.981000	0.700600
0.674000	0.636210
-0.036600	0.156080
-0.646000	-0.331620
-1.300000	-1.211700
-1.850000	-1.169000
-1.730000	-2.324100
-0.532000	-0.037947
0.204000	0.246130
1.030000	0.471780
1.130000	0.853500
1.260000	1.075400
0.836000	1.020100
0.729000	0.882160
0.306000	0.618080
-0.305000	0.067919
-1.070000	-0.471020
-1.690000	-0.637400
-1.890000	-2.686300
-0.804000	-0.794030
0.057800	0.361010
0.596000	0.529540
0.852000	0.713740
0.665000	0.843060
1.160000	0.894980
0.650000	0.818080
0.169000	0.564220
-0.352000	0.081272
-1.050000	-0.415020
-1.740000	-1.241600
-2.000000	-1.917100
-0.457000	0.083077
0.458000	0.345930
0.982000	0.492650
0.390000	0.650910
1.000000	0.823210
1.080000	0.927320
0.669000	0.820420
0.271000	0.702360
-0.338000	0.023938
-1.040000	-0.720960
-1.660000	-1.312800
-1.840000	-2.548800
-0.898000	-0.812570
0.070000	0.299070
0.924000	0.487330
