1.360000	0.762480
1.390000	1.591300
1.530000	1.360200
0.908000	1.004700
0.297000	0.388340
0.103000	0.124650
-0.774000	-0.649810
-1.340000	-0.856510
-1.300000	-1.344000
-0.807000	-1.084500
0.479000	0.407030
1.110000	0.566860
0.964000	0.708670
1.090000	0.839530
0.931000	0.713010
0.383000	0.504700
-0.028800	-0.350420
-0.629000	-0.713300
-1.160000	-1.154100
-1.630000	-1.157200
-1.620000	-1.357900
-0.813000	-0.497940
-0.157000	0.015862
0.659000	0.559700
1.040000	0.877630
1.220000	1.080700
1.040000	0.817720
0.761000	0.443540
0.133000	-0.192830
-0.452000	-0.498330
-0.916000	-0.993660
-1.530000	-1.508900
-1.730000	-1.536800
-1.330000	-0.852140
-0.389000	-0.175050
0.675000	0.361670
1.340000	1.113300
1.280000	1.062700
1.350000	1.606100
0.959000	0.742600
0.332000	0.134630
-0.161000	-0.254060
-0.651000	-0.668840
-1.250000	-1.081000
-1.380000	-1.817100
-0.800000	-0.572900
-0.092500	-0.077989
0.632000	0.363130
0.964000	0.630770
1.260000	0.643340
1.150000	0.780620
0.756000	0.353480
0.018500	-0.246610
-0.604000	-0.713260
-1.100000	-1.072400
-1.600000	-1.267400
-1.860000	-2.053700
-1.680000	-0.936410
-0.927000	-0.052574
0.499000	0.384370
1.500000	1.190000
1.270000	1.964200
1.090000	1.613000
0.717000	0.727730
0.150000	0.246540
-0.321000	-0.211120
-0.755000	-0.632410
-1.370000	-0.891400
-1.540000	-1.504200
-0.696000	-0.391940
0.276000	0.291770
1.010000	0.390960
1.060000	0.876600
1.140000	0.782520
1.040000	0.873900
0.744000	0.311660
0.129000	-0.250710
-0.359000	-0.617290
-0.889000	-1.171800
-1.400000	-1.230100
-1.550000	-1.907200
-0.678000	-0.515270
0.131000	-0.076271
0.722000	0.559050
0.540000	1.475700
1.490000	1.717000
1.070000	1.437100
0.506000	0.691040
0.051300	0.305830
-0.421000	-0.180500
-0.955000	-0.591480
-1.430000	-0.790690
-1.560000	-1.990100
-0.931000	-0.829070
0.289000	0.388340
1.130000	0.623110
1.420000	1.132900
1.030000	1.322900
0.939000	1.388800
0.559000	0.588390
0.131000	0.203700
-0.301000	-0.168760
-0.803000	-0.604560
-1.370000	-1.145500
-1.450000	-1.576400
-0.624000	-0.384350
0.292000	0.356150
0.766000	0.514170
0.979000	1.040700
1.090000	1.158700
1.110000	1.509000
0.867000	0.853940
0.393000	0.373760
-0.137000	-0.208840
-0.750000	-0.727460
-1.230000	-1.162300
-1.470000	-1.922600
-1.020000	-0.971560
-0.157000	-0.002741
0.680000	0.541930
