1.220000	0.782120
1.400000	1.597700
1.430000	1.371500
0.901000	1.010800
0.255000	0.353450
0.014000	0.047624
-0.805000	-0.703600
-1.310000	-0.851580
-1.280000	-1.283000
-0.856000	-1.018300
0.346000	0.392960
1.140000	0.573290
1.070000	0.730700
1.080000	0.853860
0.886000	0.732730
0.277000	0.502030
-0.170000	-0.375930
-0.799000	-0.766300
-1.250000	-1.171100
-1.630000	-1.153600
-1.650000	-1.325500
-1.050000	-0.480290
-0.216000	0.019836
0.728000	0.563990
1.230000	0.897580
1.270000	1.093800
1.010000	0.837370
0.837000	0.441010
0.221000	-0.223570
-0.351000	-0.553160
-0.798000	-1.042200
-1.420000	-1.493300
-1.640000	-1.473700
-1.260000	-0.812880
-0.505000	-0.172600
0.772000	0.353090
1.350000	1.105400
1.390000	1.064300
1.480000	1.613600
0.994000	0.736790
0.336000	0.073584
-0.127000	-0.331910
-0.551000	-0.730050
-1.140000	-1.071300
-1.360000	-1.737400
-0.783000	-0.561660
-0.054400	-0.069488
0.771000	0.370250
1.040000	0.645280
1.150000	0.666690
1.030000	0.795940
0.602000	0.361020
-0.207000	-0.264880
-0.823000	-0.747200
-1.240000	-1.103300
-1.630000	-1.251300
-1.850000	-1.957400
-1.690000	-0.889000
-1.040000	-0.045365
0.358000	0.367230
1.620000	1.180000
1.360000	1.968400
1.110000	1.609900
0.721000	0.716030
0.129000	0.192250
-0.335000	-0.275830
-0.729000	-0.673600
-1.300000	-0.908890
-1.570000	-1.447000
-0.733000	-0.385460
0.233000	0.284030
0.987000	0.391970
1.200000	0.882100
1.290000	0.790610
1.030000	0.888670
0.782000	0.299240
0.138000	-0.293740
-0.343000	-0.681440
-0.828000	-1.208800
-1.310000	-1.243000
-1.520000	-1.810600
-0.714000	-0.497070
0.122000	-0.082460
0.634000	0.535560
0.180000	1.464700
1.370000	1.728800
1.030000	1.443100
0.497000	0.674380
0.012600	0.275880
-0.444000	-0.240590
-0.911000	-0.641220
-1.360000	-0.804940
-1.480000	-1.876100
-0.926000	-0.753100
0.436000	0.375990
1.270000	0.603380
1.590000	1.143600
0.931000	1.333000
0.877000	1.385900
0.496000	0.570760
0.105000	0.166620
-0.315000	-0.223350
-0.692000	-0.669550
-1.180000	-1.139000
-1.390000	-1.491300
-0.770000	-0.364590
0.369000	0.349140
0.848000	0.519060
1.030000	1.045400
0.942000	1.183600
1.120000	1.530700
0.785000	0.861880
0.336000	0.357750
-0.163000	-0.260400
-0.664000	-0.752050
-1.150000	-1.142500
-1.450000	-1.801400
-1.050000	-0.905050
-0.116000	-0.006147
0.743000	0.532180
