0.754000	0.839920
1.210000	1.505000
1.040000	1.410000
0.989000	1.100900
0.650000	0.453990
0.145000	0.077395
-0.690000	-0.795760
-1.370000	-0.866290
-1.240000	-1.289800
-0.921000	-0.987610
0.010200	0.353850
0.514000	0.579640
0.729000	0.776270
1.030000	0.899330
1.290000	0.792470
0.679000	0.565010
0.029200	-0.340020
-0.652000	-0.827010
-1.270000	-1.256900
-1.680000	-1.169300
-1.730000	-1.368200
-1.180000	-0.386930
-0.298000	0.055358
1.090000	0.548630
1.240000	0.920330
1.170000	1.103300
1.110000	0.911080
0.785000	0.535280
0.132000	-0.166030
-0.321000	-0.569120
-1.070000	-1.139400
-1.630000	-1.590900
-1.750000	-1.476300
-1.460000	-0.737490
0.006470	-0.103280
0.543000	0.308060
1.540000	0.946060
1.030000	1.027100
0.968000	1.470200
0.722000	0.796260
0.126000	0.134010
-0.382000	-0.357640
-0.940000	-0.801030
-1.350000	-1.098400
-1.350000	-1.821700
-0.674000	-0.475710
-0.167000	0.005699
0.726000	0.403280
1.150000	0.694920
0.970000	0.764690
1.100000	0.856210
0.724000	0.478500
0.185000	-0.168150
-0.345000	-0.752960
-0.933000	-1.208800
-1.380000	-1.253500
-1.600000	-2.044600
-1.200000	-0.749810
-0.414000	-0.014748
0.701000	0.341120
1.030000	1.063400
0.974000	1.785800
1.290000	1.549200
1.050000	0.819030
0.370000	0.256550
-0.389000	-0.289770
-1.040000	-0.718400
-1.520000	-0.943860
-1.710000	-1.497500
-0.764000	-0.281760
0.862000	0.274300
0.841000	0.411590
0.819000	0.844310
1.060000	0.825570
1.070000	0.906180
0.485000	0.397430
-0.159000	-0.249650
-0.647000	-0.729220
-1.180000	-1.329200
-1.610000	-1.306800
-1.540000	-1.857400
-0.937000	-0.398120
-0.232000	-0.055676
0.412000	0.456990
0.992000	1.340800
1.230000	1.686900
1.110000	1.442400
0.848000	0.778380
0.369000	0.363430
-0.148000	-0.251540
-0.813000	-0.697400
-1.360000	-0.812880
-1.590000	-1.959500
-1.010000	-0.679230
0.230000	0.316360
0.940000	0.542940
1.200000	1.082100
1.180000	1.283100
1.110000	1.321100
0.615000	0.671580
0.195000	0.243120
-0.279000	-0.233160
-0.844000	-0.737560
-1.380000	-1.196500
-1.570000	-1.512400
-0.498000	-0.248270
0.310000	0.299190
0.790000	0.511730
1.470000	0.967710
1.120000	1.193600
1.270000	1.488700
1.020000	0.947690
0.468000	0.476180
-0.088800	-0.262340
-0.833000	-0.803550
-1.170000	-1.191000
-1.380000	-1.852000
-0.628000	-0.811850
0.352000	0.033863
1.170000	0.488900
