1.180000	0.818040
1.070000	1.332800
1.130000	1.359900
0.904000	1.202400
0.442000	0.732480
0.127000	0.235600
-0.801000	-0.808500
-1.450000	-0.714930
-1.420000	-1.219000
-0.714000	-1.124500
0.359000	0.452940
0.886000	0.632780
0.883000	1.046200
1.050000	1.102100
1.040000	1.012100
0.799000	0.893600
0.305000	-0.031870
-0.255000	-0.444720
-0.898000	-0.850850
-1.490000	-0.959500
-1.580000	-1.439300
-0.675000	-0.386790
0.113000	0.349140
0.541000	0.565860
1.020000	0.937700
1.450000	1.109200
1.110000	1.135000
0.925000	0.853740
0.428000	0.234150
-0.092100	-0.235780
-0.685000	-0.929930
-1.350000	-1.468100
-1.520000	-1.413900
-0.873000	-0.914500
0.227000	-0.061857
0.744000	0.339540
1.210000	0.783980
1.240000	0.713490
1.250000	1.346800
1.000000	0.866390
0.483000	0.027547
-0.088600	-0.335230
-0.638000	-0.757600
-1.250000	-1.097000
-1.430000	-1.989700
-0.797000	-0.582860
0.214000	0.196200
0.709000	0.628070
0.787000	0.769000
0.969000	0.925770
1.030000	0.878410
0.719000	0.578310
0.150000	0.000641
-0.622000	-0.544020
-1.340000	-1.124800
-1.940000	-1.211500
-2.040000	-2.366400
-1.530000	-0.975140
-0.704000	-0.130150
0.306000	0.481010
0.925000	1.106000
1.190000	1.451300
1.100000	1.339000
0.889000	0.860820
0.441000	0.246400
-0.194000	-0.314370
-0.805000	-0.612470
-1.520000	-1.072500
-1.710000	-1.827400
-0.580000	-0.373810
0.329000	0.462640
1.060000	0.582140
1.030000	0.782190
1.100000	0.710830
1.010000	0.940580
0.814000	0.640560
0.275000	-0.201580
-0.298000	-0.540880
-0.908000	-1.210500
-1.430000	-1.335600
-1.630000	-1.856400
-0.562000	-0.236430
0.346000	-0.006609
0.813000	0.659850
0.919000	1.192200
1.350000	1.343900
0.988000	1.319700
0.726000	0.496990
0.275000	0.213720
-0.362000	-0.284250
-0.944000	-0.728930
-1.560000	-0.960370
-1.910000	-2.217500
-1.030000	-1.036600
-0.073900	0.199710
0.885000	0.574730
1.050000	1.050300
0.952000	1.240400
0.982000	1.263100
0.686000	0.435940
0.222000	0.225800
-0.338000	-0.140940
-0.951000	-0.783330
-1.530000	-1.351500
-1.810000	-1.793600
-0.944000	-0.631810
0.225000	-0.068824
0.746000	0.537840
0.634000	0.896520
1.170000	1.109600
0.989000	1.302300
0.820000	0.751000
0.416000	0.374680
-0.181000	-0.248600
-0.850000	-0.768380
-1.470000	-1.298000
-1.860000	-2.015700
-1.110000	-1.169300
-0.174000	-0.251310
0.761000	0.604380
