1.310000	0.747800
1.300000	1.170700
1.180000	1.410800
0.874000	1.246000
0.370000	0.886400
0.069800	0.597410
-0.865000	-0.472660
-1.390000	-0.749310
-1.360000	-1.409200
-0.803000	-1.177900
0.280000	0.154930
0.959000	0.388730
0.952000	0.607860
1.060000	0.814320
1.070000	0.737930
0.757000	0.639850
0.316000	-0.041419
-0.272000	-0.512030
-0.860000	-1.119400
-1.380000	-1.076200
-1.490000	-1.462600
-0.687000	-0.420640
0.051500	-0.095570
0.523000	0.304000
0.999000	0.727630
1.310000	0.952110
1.050000	0.875350
0.897000	0.690650
0.393000	0.166750
-0.119000	-0.216830
-0.735000	-0.880050
-1.360000	-1.594200
-1.540000	-1.623900
-1.120000	-0.832410
-0.140000	-0.169620
0.680000	0.038250
1.450000	0.433830
1.370000	0.816710
1.430000	0.969260
1.030000	0.895150
0.467000	0.610570
-0.104000	0.102240
-0.638000	-0.454710
-1.200000	-1.013000
-1.350000	-2.071800
-0.927000	-0.436670
-0.016900	-0.078874
0.479000	0.256470
0.942000	0.585570
0.960000	0.743530
1.050000	0.800170
0.726000	0.611740
0.111000	0.133550
-0.601000	-0.482200
-1.210000	-1.080200
-1.700000	-1.207300
-1.940000	-2.406500
-1.720000	-0.801200
-1.020000	-0.215640
0.067200	0.200140
1.120000	0.715080
1.380000	1.247900
1.170000	1.393600
0.836000	1.099700
0.339000	0.720030
-0.290000	0.140070
-0.866000	-0.421600
-1.460000	-0.752000
-1.640000	-1.630900
-0.735000	-0.200750
0.184000	0.099014
1.010000	0.273950
1.230000	0.571620
1.130000	0.754560
1.070000	0.745740
0.797000	0.611150
0.222000	0.113860
-0.376000	-0.365070
-0.965000	-1.135100
-1.390000	-1.180400
-1.590000	-2.166100
-0.841000	-0.439810
-0.004670	-0.169060
0.700000	0.230140
0.793000	1.025000
1.360000	1.491000
1.010000	1.375200
0.708000	1.098400
0.260000	0.736860
-0.343000	0.165770
-0.946000	-0.371710
-1.460000	-0.611810
-1.740000	-2.332900
-1.090000	-0.938200
-0.136000	0.050382
0.910000	0.356060
1.120000	0.735930
0.999000	1.011400
0.957000	1.113800
0.623000	0.975800
0.212000	0.619090
-0.318000	0.121820
-0.939000	-0.370630
-1.480000	-1.114800
-1.640000	-1.739900
-0.885000	-0.245840
0.156000	0.014716
0.770000	0.280000
0.680000	0.601490
1.150000	0.963730
1.280000	1.179300
0.868000	1.082200
0.424000	0.814670
-0.125000	0.130780
-0.763000	-0.575250
-1.280000	-1.149700
-1.650000	-2.232000
-1.050000	-0.950040
-0.280000	-0.041823
0.875000	0.261630
