1.100000	0.851240
0.907000	1.243400
0.917000	1.102900
0.801000	0.888330
0.365000	0.321540
-0.024800	-0.033469
-1.090000	-1.061900
-1.730000	-0.950420
-1.190000	-1.319400
-0.443000	-0.860070
0.586000	0.567420
1.080000	0.730410
0.893000	0.863790
1.130000	0.877730
1.080000	0.758270
0.809000	0.578630
0.291000	-0.390640
-0.355000	-0.944060
-1.070000	-1.381100
-1.520000	-1.124300
-1.120000	-1.318200
-0.296000	0.012218
0.414000	0.419510
0.829000	0.727930
1.010000	0.934010
0.986000	1.002300
1.010000	0.873030
0.807000	0.548320
0.249000	-0.182890
-0.357000	-0.611930
-1.030000	-1.272700
-1.630000	-1.723700
-1.240000	-1.408500
-0.554000	-0.409710
0.405000	0.312280
0.838000	0.582960
1.410000	0.983820
1.250000	0.952640
0.989000	1.281700
0.893000	0.720880
0.410000	0.071535
-0.284000	-0.478870
-0.963000	-0.949800
-1.570000	-1.162000
-1.360000	-1.981200
-0.345000	-0.154310
0.461000	0.395440
0.902000	0.630710
0.973000	0.785350
1.060000	0.809840
1.020000	0.849580
0.739000	0.553670
0.096800	-0.075100
-0.637000	-0.748980
-1.390000	-1.288900
-1.820000	-1.160000
-1.570000	-2.111000
-0.897000	-0.296110
0.143000	0.405010
0.570000	0.539970
0.958000	0.985650
1.040000	1.442300
0.965000	1.184900
0.832000	0.658840
0.379000	0.140930
-0.370000	-0.443770
-1.100000	-0.870130
-1.790000	-1.024000
-1.610000	-1.600300
-0.404000	0.033858
0.704000	0.535890
1.160000	0.618400
0.842000	0.888970
1.070000	0.809960
0.833000	0.891410
0.725000	0.450000
0.164000	-0.245490
-0.503000	-0.802770
-1.220000	-1.501400
-1.720000	-1.341500
-1.390000	-1.897100
-0.384000	0.036804
0.431000	0.325790
0.974000	0.608710
0.730000	1.111400
1.160000	1.303600
0.794000	1.125900
0.710000	0.608920
0.211000	0.258030
-0.502000	-0.422230
-1.270000	-0.876940
-1.830000	-0.857230
-1.780000	-2.171100
-0.759000	-0.415590
0.387000	0.554030
0.921000	0.646080
0.976000	1.045700
1.090000	1.118400
0.894000	1.087000
0.670000	0.552550
0.156000	0.181510
-0.498000	-0.344290
-1.270000	-0.892340
-1.870000	-1.329000
-1.910000	-1.572500
-0.631000	0.130480
0.575000	0.566950
0.854000	0.706970
0.999000	0.980980
0.901000	1.101400
0.801000	1.266500
0.627000	0.759690
0.253000	0.408930
-0.415000	-0.426030
-1.200000	-0.990650
-1.810000	-1.335100
-1.710000	-2.006000
-0.878000	-0.557180
0.253000	0.357610
0.859000	0.660350
