1.030000	0.843240
1.160000	1.346500
1.110000	1.279700
0.883000	1.036100
0.407000	0.468780
0.057600	0.115570
-0.930000	-0.884930
-1.600000	-0.905650
-1.360000	-1.353900
-0.628000	-0.979610
0.303000	0.437140
0.884000	0.634160
0.945000	0.804200
1.090000	0.889000
1.070000	0.778130
0.847000	0.594000
0.321000	-0.320660
-0.312000	-0.843440
-0.987000	-1.317200
-1.480000	-1.152900
-1.370000	-1.386300
-0.492000	-0.201370
0.218000	0.214210
0.665000	0.608610
0.999000	0.910210
1.390000	1.046400
1.130000	0.899900
0.927000	0.576260
0.371000	-0.120610
-0.216000	-0.537680
-0.877000	-1.178900
-1.490000	-1.687800
-1.410000	-1.499600
-0.748000	-0.606270
0.209000	0.092184
0.765000	0.409300
1.340000	0.901060
1.290000	0.974170
1.240000	1.321000
1.010000	0.788960
0.457000	0.188510
-0.186000	-0.341770
-0.812000	-0.826890
-1.390000	-1.137200
-1.430000	-1.983300
-0.652000	-0.318270
0.220000	0.186490
0.721000	0.500030
0.795000	0.733220
1.110000	0.794470
1.050000	0.857110
0.748000	0.544820
0.168000	-0.074215
-0.579000	-0.716890
-1.280000	-1.245800
-1.810000	-1.223400
-1.770000	-2.183400
-1.160000	-0.549820
-0.161000	0.162370
0.519000	0.426410
0.755000	0.988960
1.070000	1.559000
1.100000	1.369600
0.898000	0.799300
0.398000	0.283660
-0.307000	-0.295540
-0.990000	-0.754660
-1.650000	-0.967870
-1.690000	-1.603700
-0.493000	-0.116540
0.539000	0.383210
1.120000	0.500380
0.885000	0.837440
1.130000	0.819950
0.999000	0.887340
0.819000	0.466300
0.211000	-0.188750
-0.406000	-0.712930
-1.060000	-1.403300
-1.560000	-1.325400
-1.500000	-1.971100
-0.428000	-0.196170
0.392000	0.117140
0.905000	0.507840
0.839000	1.200500
1.270000	1.491900
0.924000	1.297800
0.697000	0.760170
0.254000	0.380180
-0.427000	-0.267560
-1.090000	-0.741560
-1.690000	-0.815610
-1.870000	-2.173600
-0.929000	-0.609790
-0.087000	0.400180
0.720000	0.576860
0.884000	1.026500
1.040000	1.178700
1.000000	1.194400
0.688000	0.674370
0.200000	0.280980
-0.432000	-0.229630
-1.120000	-0.761560
-1.690000	-1.271700
-1.850000	-1.615900
-0.826000	-0.065001
0.336000	0.394160
0.702000	0.581030
0.819000	0.932510
1.120000	1.128700
0.985000	1.351600
0.801000	0.890590
0.361000	0.506720
-0.309000	-0.279960
-1.030000	-0.871990
-1.650000	-1.280000
-1.810000	-2.037200
-1.030000	-0.728840
-0.045700	0.184990
0.789000	0.548410
