0.939000	0.748210
1.290000	1.157200
1.300000	1.388500
0.948000	1.229600
0.607000	0.879250
0.325000	0.598270
-0.657000	-0.488750
-1.430000	-0.760690
-1.180000	-1.426000
-0.416000	-1.181700
0.291000	0.177760
0.923000	0.403100
0.809000	0.614470
1.030000	0.813300
1.070000	0.734200
0.690000	0.642180
0.171000	-0.044730
-0.401000	-0.516620
-1.030000	-1.130900
-1.490000	-1.077800
-1.480000	-1.468000
-0.649000	-0.393650
0.199000	-0.065972
0.836000	0.321570
1.280000	0.729570
0.876000	0.946490
0.900000	0.871450
0.673000	0.691880
0.231000	0.167220
-0.276000	-0.214950
-1.030000	-0.887040
-1.730000	-1.612100
-1.900000	-1.633700
-1.620000	-0.815600
-0.507000	-0.137140
0.487000	0.065475
1.260000	0.447000
1.170000	0.815930
1.110000	0.963010
0.926000	0.891520
0.377000	0.612690
-0.156000	0.101920
-0.728000	-0.460430
-1.340000	-1.024000
-1.360000	-2.102400
-0.608000	-0.415580
-0.039000	-0.049092
0.453000	0.275690
0.890000	0.592990
0.958000	0.744820
1.030000	0.799670
0.754000	0.615910
0.102000	0.140470
-0.569000	-0.480400
-1.350000	-1.085200
-1.840000	-1.207300
-2.040000	-2.432500
-1.690000	-0.776710
-0.623000	-0.181960
0.425000	0.221720
0.853000	0.718070
1.220000	1.231500
1.190000	1.371900
0.954000	1.088500
0.426000	0.717140
-0.277000	0.135110
-0.871000	-0.430740
-1.570000	-0.759680
-1.730000	-1.653000
-0.995000	-0.179110
0.479000	0.123830
0.928000	0.292690
1.000000	0.579580
0.906000	0.754890
1.120000	0.746080
0.653000	0.616380
0.077000	0.117830
-0.507000	-0.364330
-1.180000	-1.147200
-1.700000	-1.185700
-1.590000	-2.190200
-0.791000	-0.410070
-0.191000	-0.136830
0.658000	0.250630
0.704000	1.016700
1.160000	1.465700
1.000000	1.354100
0.768000	1.086900
0.373000	0.731270
-0.162000	0.158840
-0.801000	-0.381600
-1.350000	-0.617080
-1.520000	-2.373400
-0.763000	-0.931650
-0.315000	0.075428
1.040000	0.371780
0.996000	0.738050
1.250000	1.003300
1.400000	1.102200
0.734000	0.968370
0.292000	0.617980
-0.205000	0.119230
-0.863000	-0.376120
-1.410000	-1.130800
-1.590000	-1.763200
-0.363000	-0.220900
0.223000	0.041215
0.921000	0.298440
1.120000	0.608600
1.190000	0.957610
1.200000	1.165400
1.030000	1.067000
0.512000	0.810010
-0.098900	0.122950
-0.805000	-0.589910
-1.200000	-1.168700
-1.400000	-2.269000
-0.678000	-0.944090
0.342000	-0.014850
0.985000	0.281010
