0.920000	0.873720
1.270000	1.666400
1.450000	1.619300
1.050000	1.248500
0.559000	0.480860
0.200000	0.009673
-0.717000	-0.739960
-1.150000	-0.808640
-1.160000	-1.164500
-0.769000	-0.944210
0.308000	0.196860
1.100000	0.501180
0.801000	0.767300
1.200000	0.942420
1.110000	0.853960
0.570000	0.558010
-0.158000	-0.351930
-0.901000	-0.856810
-1.230000	-1.220700
-1.410000	-1.192000
-1.370000	-1.345100
-0.855000	-0.587720
-0.155000	-0.153670
0.614000	0.447200
1.050000	0.950160
1.150000	1.188900
1.080000	0.976090
0.519000	0.531660
-0.318000	-0.205550
-0.936000	-0.642720
-1.270000	-1.154900
-1.530000	-1.493000
-1.690000	-1.405800
-1.600000	-0.858620
-0.987000	-0.343040
0.091000	0.123350
0.926000	0.895570
1.200000	1.072000
1.410000	1.585200
1.040000	0.837070
0.388000	0.068388
-0.194000	-0.425790
-0.684000	-0.827240
-1.150000	-1.046000
-1.240000	-1.592200
-0.773000	-0.641820
-0.239000	-0.207150
0.574000	0.282160
0.938000	0.671120
1.050000	0.788260
0.999000	0.893350
0.854000	0.457440
-0.092100	-0.248150
-0.799000	-0.816740
-1.230000	-1.225800
-1.510000	-1.282000
-1.690000	-1.842100
-1.660000	-0.926560
-1.260000	-0.251980
0.341000	0.188670
1.140000	1.082500
1.410000	1.984800
1.330000	1.758400
1.070000	0.904330
0.475000	0.235380
-0.296000	-0.313680
-0.721000	-0.704780
-1.120000	-0.930400
-1.210000	-1.339000
-0.622000	-0.451160
0.364000	0.102240
0.908000	0.290810
1.180000	0.824270
1.250000	0.852970
1.130000	0.943440
0.707000	0.352660
-0.029300	-0.324970
-0.647000	-0.803850
-1.120000	-1.303000
-1.420000	-1.315200
-1.330000	-1.666700
-0.856000	-0.619010
-0.346000	-0.294080
0.582000	0.316980
1.080000	1.449000
1.550000	1.936100
1.160000	1.644300
0.695000	0.860500
0.157000	0.381590
-0.428000	-0.256880
-0.897000	-0.683270
-1.200000	-0.812700
-1.320000	-1.637500
-0.972000	-0.696470
0.141000	0.146050
1.100000	0.440570
1.110000	1.118200
1.500000	1.396500
1.300000	1.451900
0.734000	0.721250
0.173000	0.221160
-0.377000	-0.264470
-0.847000	-0.766600
-1.230000	-1.110900
-1.180000	-1.327300
-0.487000	-0.430900
0.000899	0.121120
1.020000	0.402470
1.190000	0.961590
1.320000	1.295000
1.130000	1.658200
1.040000	1.083300
0.527000	0.499030
-0.143000	-0.255920
-0.953000	-0.739710
-1.260000	-1.073800
-1.220000	-1.548900
-0.825000	-0.838870
-0.287000	-0.163580
0.829000	0.364670
