0.341000	0.832400
1.140000	1.628300
1.100000	1.563100
1.240000	1.203900
0.825000	0.498340
0.194000	0.089980
-0.502000	-0.669920
-1.030000	-0.803210
-1.100000	-1.215500
-0.613000	-1.001200
0.240000	0.222150
0.701000	0.491480
0.879000	0.729340
1.180000	0.905660
1.450000	0.810760
0.786000	0.546980
-0.083500	-0.322290
-0.694000	-0.782030
-1.070000	-1.179100
-1.520000	-1.173100
-1.670000	-1.354000
-1.280000	-0.589010
-0.512000	-0.143080
0.729000	0.443930
0.948000	0.910330
1.040000	1.149200
1.030000	0.929570
0.576000	0.518200
-0.016400	-0.172790
-0.574000	-0.570080
-1.060000	-1.077800
-1.420000	-1.483200
-1.610000	-1.451300
-1.450000	-0.881560
-0.221000	-0.328280
0.480000	0.146750
1.650000	0.905010
1.310000	1.052400
1.260000	1.554600
0.867000	0.821500
0.140000	0.128950
-0.396000	-0.333020
-0.836000	-0.744090
-1.250000	-1.040100
-1.610000	-1.656200
-1.210000	-0.637600
-0.689000	-0.203150
0.537000	0.276300
1.350000	0.643100
1.110000	0.742130
1.180000	0.855650
0.898000	0.434410
0.120000	-0.227550
-0.507000	-0.763870
-0.995000	-1.164600
-1.350000	-1.275000
-1.730000	-1.916600
-1.660000	-0.957740
-0.936000	-0.240650
0.366000	0.215860
1.260000	1.082700
1.190000	1.948100
1.540000	1.722400
1.170000	0.886980
0.347000	0.282870
-0.311000	-0.240160
-0.737000	-0.648840
-1.120000	-0.895500
-1.400000	-1.382100
-0.643000	-0.446450
0.910000	0.121420
0.906000	0.292040
0.904000	0.809530
1.180000	0.825950
1.040000	0.908860
0.686000	0.354800
-0.082500	-0.274170
-0.644000	-0.716500
-1.090000	-1.236300
-1.550000	-1.274800
-1.470000	-1.746900
-1.080000	-0.619340
-0.480000	-0.268090
0.225000	0.351760
0.697000	1.438300
1.470000	1.877700
1.270000	1.596800
0.708000	0.849040
0.199000	0.397370
-0.268000	-0.190540
-0.791000	-0.618160
-1.170000	-0.784240
-1.390000	-1.742200
-0.996000	-0.766540
0.009170	0.173030
0.913000	0.465380
1.230000	1.091200
1.310000	1.359100
1.130000	1.426700
0.623000	0.715640
0.118000	0.250540
-0.347000	-0.201810
-0.749000	-0.680640
-1.200000	-1.100700
-1.460000	-1.403100
-0.563000	-0.440030
0.229000	0.142890
0.570000	0.399240
1.360000	0.947610
1.180000	1.240400
1.180000	1.600100
0.964000	1.040800
0.531000	0.495960
-0.098200	-0.199780
-0.800000	-0.703050
-1.150000	-1.080700
-1.320000	-1.663700
-0.768000	-0.897860
-0.322000	-0.146540
0.867000	0.380820
