1.010000	0.853840
0.855000	1.175800
0.916000	1.115700
0.770000	0.999420
0.297000	0.512670
-0.055400	0.006068
-1.110000	-1.105300
-1.690000	-0.810300
-1.210000	-1.189000
-0.478000	-0.928620
0.557000	0.631440
1.030000	0.778280
1.070000	1.123200
1.190000	1.080200
1.040000	0.978460
0.792000	0.855750
0.289000	-0.162530
-0.346000	-0.660650
-1.090000	-1.026500
-1.520000	-0.951680
-1.200000	-1.351200
-0.349000	-0.036776
0.462000	0.639390
0.933000	0.743930
1.080000	0.982930
1.180000	1.049900
1.070000	1.095100
0.833000	0.807230
0.258000	0.112830
-0.349000	-0.390730
-1.030000	-1.129300
-1.610000	-1.577000
-1.310000	-1.296600
-0.633000	-0.579580
0.416000	0.288940
0.906000	0.589280
1.330000	0.886180
1.250000	0.710930
0.863000	1.265600
0.909000	0.778090
0.442000	-0.114740
-0.260000	-0.550640
-0.904000	-0.971480
-1.560000	-1.150600
-1.390000	-2.010100
-0.389000	-0.298570
0.458000	0.515130
0.879000	0.813580
1.050000	0.858190
0.992000	0.963590
0.985000	0.886750
0.781000	0.618530
0.183000	0.009985
-0.582000	-0.620260
-1.340000	-1.236900
-1.770000	-1.129200
-1.680000	-2.265900
-0.992000	-0.528980
0.085500	0.261140
0.594000	0.633530
0.907000	1.067800
1.050000	1.266300
1.010000	1.072600
0.845000	0.679310
0.417000	0.055394
-0.325000	-0.538420
-1.070000	-0.815140
-1.760000	-1.158400
-1.630000	-1.813600
-0.408000	-0.104960
0.761000	0.673130
1.140000	0.750940
0.599000	0.860880
1.040000	0.723580
0.819000	0.952540
0.748000	0.621410
0.203000	-0.278260
-0.450000	-0.713070
-1.120000	-1.415200
-1.670000	-1.383100
-1.430000	-1.776500
-0.448000	0.126420
0.344000	0.313900
0.997000	0.771150
0.657000	1.044400
1.190000	1.092400
0.810000	1.079800
0.651000	0.336060
0.210000	0.075725
-0.473000	-0.516390
-1.200000	-0.949050
-1.810000	-1.013300
-1.800000	-2.230400
-0.844000	-0.687780
0.493000	0.431940
0.963000	0.662930
1.030000	1.070200
1.100000	1.145200
0.864000	1.094500
0.616000	0.313130
0.148000	0.103810
-0.493000	-0.326250
-1.260000	-0.997520
-1.830000	-1.446300
-1.900000	-1.717700
-0.637000	-0.258270
0.668000	0.223130
0.869000	0.727180
0.919000	0.960250
0.842000	1.085800
0.745000	1.188200
0.600000	0.605110
0.250000	0.277340
-0.395000	-0.470880
-1.160000	-0.971710
-1.740000	-1.393300
-1.750000	-1.985300
-0.974000	-0.849000
0.303000	0.056503
0.870000	0.752300
