1.140000	0.729870
1.650000	1.181800
1.460000	1.440400
0.866000	1.263200
0.285000	0.886180
0.028300	0.581640
-0.737000	-0.417760
-1.170000	-0.701190
-1.210000	-1.331500
-1.000000	-1.140900
0.258000	0.088637
1.230000	0.340460
1.120000	0.576040
1.040000	0.798830
0.777000	0.731640
0.016100	0.619110
-0.497000	-0.031378
-0.974000	-0.487920
-1.250000	-1.062700
-1.530000	-1.047700
-1.610000	-1.415100
-1.240000	-0.485460
-0.524000	-0.174870
0.348000	0.248840
1.100000	0.705970
1.230000	0.946230
0.999000	0.866450
0.754000	0.671770
0.051400	0.161730
-0.587000	-0.217130
-0.951000	-0.841100
-1.400000	-1.509000
-1.660000	-1.560700
-1.430000	-0.860010
-0.864000	-0.255210
0.749000	-0.037525
1.210000	0.387860
1.180000	0.800540
1.410000	0.964700
1.040000	0.885060
0.380000	0.591030
-0.159000	0.100810
-0.583000	-0.428760
-1.170000	-0.960040
-1.370000	-1.941000
-0.877000	-0.484900
-0.227000	-0.159060
0.579000	0.197840
0.962000	0.552020
1.110000	0.723320
1.000000	0.783590
0.551000	0.586520
-0.251000	0.111480
-0.824000	-0.476330
-1.200000	-1.042200
-1.500000	-1.180300
-1.800000	-2.281100
-1.780000	-0.850630
-1.320000	-0.303500
0.571000	0.136270
1.610000	0.690810
1.530000	1.264900
1.290000	1.422000
0.818000	1.105600
0.162000	0.711800
-0.313000	0.150570
-0.663000	-0.387000
-1.200000	-0.713980
-1.350000	-1.533400
-0.713000	-0.255800
0.335000	0.028495
0.657000	0.216240
1.070000	0.536880
1.240000	0.736730
1.110000	0.728100
0.737000	0.583070
0.027000	0.100380
-0.464000	-0.358930
-0.897000	-1.076300
-1.280000	-1.139300
-1.470000	-2.051400
-0.751000	-0.511770
0.115000	-0.253950
0.592000	0.168600
1.010000	1.024700
1.160000	1.527100
1.100000	1.402400
0.480000	1.105200
-0.011100	0.735710
-0.391000	0.181120
-0.836000	-0.336180
-1.250000	-0.583590
-1.350000	-2.169200
-0.870000	-0.935170
0.708000	-0.019667
1.150000	0.304820
1.660000	0.713610
1.050000	1.011000
1.090000	1.120600
0.621000	0.974360
0.082100	0.608260
-0.309000	0.126220
-0.626000	-0.347190
-0.972000	-1.045800
-1.210000	-1.636700
-0.732000	-0.308960
0.481000	-0.058535
0.839000	0.222970
1.000000	0.568410
1.020000	0.958970
1.270000	1.191000
0.892000	1.099600
0.371000	0.809220
-0.129000	0.149410
-0.629000	-0.522010
-1.060000	-1.071400
-1.310000	-2.079900
-0.998000	-0.945110
0.014900	-0.115110
1.080000	0.202410
