0.248000	0.524900
1.010000	0.551210
1.240000	0.551210
1.160000	0.548960
0.780000	0.476780
0.220000	0.429410
-0.585000	-0.632980
-1.030000	-0.734480
-1.240000	-1.293100
-1.130000	-0.887110
-0.004980	0.541440
0.940000	0.542190
0.812000	0.545950
1.280000	0.543700
1.420000	0.439190
0.538000	0.486550
-0.319000	-0.091635
-0.853000	-0.441250
-1.130000	-0.992380
-1.340000	-0.774330
-1.480000	-1.112700
-1.440000	0.222650
-0.769000	0.497080
0.624000	0.544450
0.803000	0.539940
1.360000	0.551210
1.030000	0.530910
0.286000	0.500840
-0.488000	0.124150
-0.832000	-0.114190
-1.140000	-0.741250
-1.410000	-1.443500
-1.650000	-1.308200
-1.730000	-0.255540
-1.000000	0.500840
0.215000	0.544450
1.190000	0.550460
1.220000	0.549710
1.220000	0.551210
1.000000	0.549710
0.386000	0.462490
-0.244000	0.064679
-0.666000	-0.423210
-1.080000	-0.909670
-1.360000	-2.014900
-1.170000	0.099340
-0.746000	0.512120
0.171000	0.542940
0.790000	0.545950
1.130000	0.538430
0.995000	0.543700
0.748000	0.502340
-0.183000	0.224150
-0.738000	-0.299150
-1.050000	-0.842000
-1.270000	-0.834480
-1.530000	-2.157800
-1.650000	-0.087876
-1.410000	0.491820
0.025000	0.548960
1.270000	0.551210
1.570000	0.551210
1.600000	0.551210
1.210000	0.548210
0.526000	0.442940
-0.215000	0.002484
-0.527000	-0.465310
-0.862000	-0.666060
-1.130000	-1.548800
-0.807000	0.273020
0.257000	0.540690
0.637000	0.545950
0.849000	0.546700
1.110000	0.527910
1.020000	0.521890
0.696000	0.521890
-0.051000	0.154230
-0.594000	-0.238250
-0.990000	-1.014900
-1.260000	-0.917190
-1.430000	-1.954800
-1.350000	0.261740
-0.656000	0.496330
0.230000	0.548960
0.852000	0.551210
1.550000	0.549710
1.340000	0.549710
0.882000	0.541440
0.318000	0.403100
-0.130000	-0.017275
-0.541000	-0.445010
-0.881000	-0.523210
-1.150000	-2.383300
-1.020000	-0.523960
0.122000	0.511360
0.933000	0.545200
1.110000	0.548960
1.710000	0.545200
1.410000	0.549710
0.867000	0.533170
0.292000	0.406850
-0.145000	0.034904
-0.516000	-0.360800
-0.927000	-1.075100
-1.120000	-1.646500
-0.495000	0.304600
0.293000	0.514370
0.730000	0.544450
1.390000	0.551210
1.380000	0.549710
1.430000	0.551210
1.280000	0.459490
0.878000	0.474520
0.179000	-0.058628
-0.637000	-0.676590
-1.010000	-1.157800
-1.190000	-2.248000
-0.915000	-0.543510
-0.452000	0.484300
0.911000	0.549710
