0.939000	0.766890
1.290000	1.507200
1.300000	1.380500
0.948000	1.066800
0.607000	0.505660
0.325000	0.235270
-0.657000	-0.619110
-1.430000	-0.842990
-1.180000	-1.376500
-0.416000	-1.117900
0.291000	0.358090
0.923000	0.534710
0.809000	0.694050
1.030000	0.841970
1.070000	0.725130
0.690000	0.541530
0.171000	-0.283360
-0.401000	-0.675070
-1.030000	-1.160300
-1.490000	-1.150600
-1.480000	-1.397000
-0.649000	-0.479030
0.199000	-0.003018
0.836000	0.510290
1.280000	0.852310
0.876000	1.060700
0.900000	0.838410
0.673000	0.505360
0.231000	-0.111650
-0.276000	-0.437950
-1.030000	-0.979050
-1.730000	-1.547900
-1.900000	-1.574700
-1.620000	-0.852400
-0.507000	-0.168220
0.487000	0.296800
1.260000	0.970600
1.170000	1.016500
1.110000	1.473800
0.926000	0.784510
0.377000	0.246370
-0.156000	-0.174430
-0.728000	-0.627450
-1.340000	-1.078700
-1.360000	-1.901200
-0.608000	-0.542470
-0.039000	-0.072250
0.453000	0.346520
0.890000	0.628390
0.958000	0.673270
1.030000	0.792920
0.754000	0.417630
0.102000	-0.159760
-0.569000	-0.666710
-1.350000	-1.086100
-1.840000	-1.266400
-2.040000	-2.161800
-1.690000	-0.909120
-0.623000	-0.083146
0.425000	0.350600
0.853000	1.093100
1.220000	1.815000
1.190000	1.573700
0.954000	0.818450
0.426000	0.357710
-0.277000	-0.133290
-0.871000	-0.592200
-1.570000	-0.869960
-1.730000	-1.553700
-0.995000	-0.346870
0.479000	0.255820
0.928000	0.372130
1.000000	0.816840
0.906000	0.784050
1.120000	0.853220
0.653000	0.385140
0.077000	-0.168170
-0.507000	-0.565130
-1.180000	-1.177900
-1.700000	-1.232300
-1.590000	-1.991700
-0.791000	-0.496330
-0.191000	-0.091182
0.658000	0.493390
0.704000	1.384700
1.160000	1.676400
1.000000	1.432600
0.768000	0.789490
0.373000	0.407190
-0.162000	-0.103940
-0.801000	-0.548950
-1.350000	-0.758570
-1.520000	-2.098500
-0.763000	-0.861170
-0.315000	0.319890
1.040000	0.571300
0.996000	1.053100
1.250000	1.262500
1.400000	1.336700
0.734000	0.682120
0.292000	0.301420
-0.205000	-0.103960
-0.863000	-0.557900
-1.410000	-1.153600
-1.590000	-1.635400
-0.363000	-0.350620
0.223000	0.286910
0.921000	0.469470
1.120000	0.951430
1.190000	1.124000
1.200000	1.445000
1.030000	0.911840
0.512000	0.478300
-0.098900	-0.134300
-0.805000	-0.702980
-1.200000	-1.175500
-1.400000	-2.021900
-0.678000	-0.975070
0.342000	-0.005695
0.985000	0.487070
