1.010000	0.624610
0.855000	0.655920
0.916000	0.655920
0.770000	0.653240
0.297000	0.567350
-0.055400	0.510980
-1.110000	-0.753220
-1.690000	-0.874010
-1.210000	-1.538800
-0.478000	-1.055600
0.557000	0.644290
1.030000	0.645190
1.070000	0.649660
1.190000	0.646970
1.040000	0.522610
0.792000	0.578980
0.289000	-0.109040
-0.346000	-0.525080
-1.090000	-1.180900
-1.520000	-0.921420
-1.200000	-1.324000
-0.349000	0.264940
0.462000	0.591500
0.933000	0.647870
1.080000	0.642500
1.180000	0.655920
1.070000	0.631760
0.833000	0.595980
0.258000	0.147740
-0.349000	-0.135880
-1.030000	-0.882060
-1.610000	-1.717700
-1.310000	-1.556700
-0.633000	-0.304090
0.416000	0.595980
0.906000	0.647870
1.330000	0.655030
1.250000	0.654130
0.863000	0.655920
0.909000	0.654130
0.442000	0.550350
-0.260000	0.076965
-0.904000	-0.503600
-1.560000	-1.082500
-1.390000	-2.397700
-0.389000	0.118210
0.458000	0.609400
0.879000	0.646080
1.050000	0.649660
0.992000	0.640710
0.985000	0.646970
0.781000	0.597770
0.183000	0.266730
-0.582000	-0.355980
-1.340000	-1.001900
-1.770000	-0.993000
-1.680000	-2.567700
-0.992000	-0.104570
0.085500	0.585240
0.594000	0.653240
0.907000	0.655920
1.050000	0.655920
1.010000	0.655920
0.845000	0.652340
0.417000	0.527090
-0.325000	0.002956
-1.070000	-0.553710
-1.760000	-0.792590
-1.630000	-1.843000
-0.408000	0.324880
0.761000	0.643400
1.140000	0.649660
0.599000	0.650550
1.040000	0.628190
0.819000	0.621030
0.748000	0.621030
0.203000	0.183520
-0.450000	-0.283510
-1.120000	-1.207700
-1.670000	-1.091400
-1.430000	-2.326100
-0.448000	0.311460
0.344000	0.590610
0.997000	0.653240
0.657000	0.655920
1.190000	0.654130
0.810000	0.654130
0.651000	0.644290
0.210000	0.479670
-0.473000	-0.020557
-1.200000	-0.529550
-1.810000	-0.622600
-1.800000	-2.836100
-0.844000	-0.623490
0.493000	0.608500
0.963000	0.648760
1.030000	0.653240
1.100000	0.648760
0.864000	0.654130
0.616000	0.634450
0.148000	0.484140
-0.493000	0.041535
-1.260000	-0.429340
-1.830000	-1.279300
-1.900000	-1.959300
-0.637000	0.362460
0.668000	0.612080
0.869000	0.647870
0.919000	0.655920
0.842000	0.654130
0.745000	0.655920
0.600000	0.546770
0.250000	0.564660
-0.395000	-0.069765
-1.160000	-0.805110
-1.740000	-1.377700
-1.750000	-2.675000
-0.974000	-0.646750
0.303000	0.576290
0.870000	0.654130
