0.976000	0.636460
1.100000	0.784570
1.160000	0.856930
0.885000	0.805500
0.406000	0.640560
-0.173000	0.516350
-1.260000	-0.638150
-1.760000	-0.801030
-1.010000	-1.437400
-0.098900	-1.049800
0.507000	0.470680
0.815000	0.541750
1.300000	0.610760
1.080000	0.671230
0.889000	0.566370
0.727000	0.573890
0.106000	-0.084242
-0.707000	-0.499890
-1.360000	-1.114600
-1.460000	-0.930800
-0.719000	-1.312200
-0.220000	0.047532
0.447000	0.360420
1.050000	0.517980
1.200000	0.642160
1.070000	0.718660
1.100000	0.679620
0.788000	0.600390
0.032100	0.147490
-0.688000	-0.154790
-1.430000	-0.845750
-1.680000	-1.610900
-0.987000	-1.513900
-0.278000	-0.451050
0.633000	0.341040
1.070000	0.437860
0.939000	0.561830
1.050000	0.676660
1.110000	0.723830
0.653000	0.700310
0.105000	0.546220
-0.750000	0.081469
-1.370000	-0.468470
-1.700000	-1.017700
-1.080000	-2.202400
-0.172000	-0.053856
0.452000	0.377230
1.090000	0.502470
1.130000	0.604040
0.854000	0.645770
0.968000	0.666970
0.573000	0.577780
-0.018000	0.215780
-0.916000	-0.379620
-1.580000	-0.984980
-1.790000	-1.017400
-0.950000	-2.415100
-0.179000	-0.310350
0.511000	0.320100
1.150000	0.490200
0.971000	0.647200
0.764000	0.807830
0.877000	0.851760
0.744000	0.760790
0.228000	0.563910
-0.685000	0.044172
-1.360000	-0.491460
-1.840000	-0.748270
-1.400000	-1.704400
0.189000	0.153270
0.757000	0.453230
0.759000	0.510090
0.776000	0.600420
0.724000	0.640860
0.919000	0.633490
0.544000	0.592910
-0.330000	0.155090
-1.090000	-0.296620
-1.680000	-1.136900
-1.830000	-1.074100
-0.875000	-2.183700
-0.233000	0.072368
0.488000	0.337680
1.050000	0.499240
1.190000	0.740630
1.030000	0.879930
0.957000	0.845040
0.763000	0.755100
0.302000	0.537790
-0.670000	0.036448
-1.430000	-0.460530
-1.830000	-0.594140
-1.430000	-2.569600
-0.840000	-0.693130
0.401000	0.415610
0.716000	0.534260
1.090000	0.651720
1.210000	0.731840
0.983000	0.766220
0.576000	0.711670
0.134000	0.505220
-0.647000	0.064057
-1.470000	-0.394260
-1.900000	-1.177900
-1.420000	-1.813800
-0.058800	0.164400
0.626000	0.407210
0.829000	0.510740
0.863000	0.612960
0.670000	0.720990
0.894000	0.787150
0.814000	0.686040
0.314000	0.617170
-0.543000	-0.006481
-1.360000	-0.703230
-1.710000	-1.253200
-1.440000	-2.433200
-0.619000	-0.712010
0.214000	0.366620
0.726000	0.509320
