0.155000	0.749460
0.860000	1.329000
1.140000	1.666500
1.230000	1.436200
0.840000	0.972040
0.298000	0.592940
-0.376000	-0.300380
-0.890000	-0.630980
-1.060000	-1.237500
-0.906000	-1.145800
-0.119000	-0.093706
0.683000	0.234610
0.755000	0.540580
1.320000	0.832180
1.460000	0.784900
0.744000	0.619740
-0.131000	-0.005512
-0.736000	-0.466070
-1.050000	-1.003000
-1.330000	-1.067800
-1.550000	-1.416400
-1.380000	-0.719580
-0.591000	-0.420410
0.753000	0.114180
0.835000	0.712450
1.390000	1.021600
1.140000	0.925350
0.782000	0.682950
-0.002240	0.163030
-0.592000	-0.239180
-1.020000	-0.810940
-1.350000	-1.411000
-1.660000	-1.530700
-1.710000	-1.023400
-0.342000	-0.526700
0.417000	-0.259500
1.490000	0.293270
1.330000	0.832080
1.230000	1.045700
0.904000	0.942380
0.136000	0.592410
-0.462000	0.106550
-0.882000	-0.395850
-1.230000	-0.901020
-1.550000	-1.753700
-1.400000	-0.671170
-0.764000	-0.405590
0.218000	0.048209
0.933000	0.509240
1.170000	0.735680
1.080000	0.812290
0.826000	0.571120
0.050400	0.058801
-0.606000	-0.505900
-1.040000	-1.034400
-1.350000	-1.217500
-1.720000	-2.142300
-1.760000	-1.076000
-1.530000	-0.586220
-0.370000	-0.034460
0.911000	0.688310
1.220000	1.437500
1.390000	1.642400
1.170000	1.230800
0.409000	0.757570
-0.260000	0.195530
-0.573000	-0.325070
-0.885000	-0.674130
-1.160000	-1.402100
-0.831000	-0.439380
0.697000	-0.171900
0.873000	0.071063
0.874000	0.489180
1.080000	0.757250
1.030000	0.748300
0.668000	0.559050
-0.095000	0.071356
-0.683000	-0.376250
-1.090000	-1.012000
-1.410000	-1.132000
-1.570000	-1.921100
-1.440000	-0.769030
-0.914000	-0.523310
0.198000	0.007730
0.655000	1.124100
1.480000	1.780200
1.390000	1.617400
0.849000	1.232900
0.318000	0.804170
-0.122000	0.243030
-0.571000	-0.266600
-0.941000	-0.559220
-1.170000	-1.909000
-0.993000	-1.017700
-0.166000	-0.223400
0.824000	0.186950
1.150000	0.718930
1.640000	1.108500
1.290000	1.249800
0.797000	1.065300
0.260000	0.636400
-0.137000	0.151210
-0.499000	-0.313540
-0.913000	-0.948970
-1.170000	-1.499000
-0.515000	-0.520960
0.279000	-0.275290
0.720000	0.080430
1.460000	0.528590
1.370000	1.038800
1.400000	1.341000
1.190000	1.257300
0.724000	0.872480
0.099600	0.217640
-0.567000	-0.419560
-0.949000	-0.950340
-1.200000	-1.844900
-0.835000	-1.023100
-0.293000	-0.337480
0.816000	0.051565
