0.754000	0.595500
1.210000	0.625350
1.040000	0.625350
0.989000	0.622790
0.650000	0.540900
0.145000	0.487170
-0.690000	-0.718120
-1.370000	-0.833270
-1.240000	-1.467000
-0.921000	-1.006400
0.010200	0.614260
0.514000	0.615120
0.729000	0.619380
1.030000	0.616820
1.290000	0.498250
0.679000	0.551990
0.029200	-0.103960
-0.652000	-0.500600
-1.270000	-1.125800
-1.680000	-0.878480
-1.730000	-1.262300
-1.180000	0.252590
-0.298000	0.563940
1.090000	0.617670
1.240000	0.612560
1.170000	0.625350
1.110000	0.602320
0.785000	0.568200
0.132000	0.140850
-0.321000	-0.129550
-1.070000	-0.840950
-1.630000	-1.637600
-1.750000	-1.484100
-1.460000	-0.289910
0.006470	0.568200
0.543000	0.617670
1.540000	0.624500
1.030000	0.623650
0.968000	0.625350
0.722000	0.623650
0.126000	0.524700
-0.382000	0.073378
-0.940000	-0.480130
-1.350000	-1.032000
-1.350000	-2.285900
-0.674000	0.112700
-0.167000	0.581000
0.726000	0.615970
1.150000	0.619380
0.970000	0.610850
1.100000	0.616820
0.724000	0.569910
0.185000	0.254300
-0.345000	-0.339390
-0.933000	-0.955250
-1.380000	-0.946720
-1.600000	-2.448000
-1.200000	-0.099695
-0.414000	0.557960
0.701000	0.622790
1.030000	0.625350
0.974000	0.625350
1.290000	0.625350
1.050000	0.621940
0.370000	0.502520
-0.389000	0.002818
-1.040000	-0.527900
-1.520000	-0.755650
-1.710000	-1.757100
-0.764000	0.309740
0.862000	0.613410
0.841000	0.619380
0.819000	0.620230
1.060000	0.598910
1.070000	0.592080
0.485000	0.592080
-0.159000	0.174970
-0.647000	-0.270290
-1.180000	-1.151400
-1.610000	-1.040500
-1.540000	-2.217700
-0.937000	0.296950
-0.232000	0.563080
0.412000	0.622790
0.992000	0.625350
1.230000	0.623650
1.110000	0.623650
0.848000	0.614260
0.369000	0.457310
-0.148000	-0.019599
-0.813000	-0.504870
-1.360000	-0.593580
-1.590000	-2.703900
-1.010000	-0.594430
0.230000	0.580140
0.940000	0.618530
1.200000	0.622790
1.180000	0.618530
1.110000	0.623650
0.615000	0.604880
0.195000	0.461580
-0.279000	0.039599
-0.844000	-0.409330
-1.380000	-1.219700
-1.570000	-1.868000
-0.498000	0.345570
0.310000	0.583550
0.790000	0.617670
1.470000	0.625350
1.120000	0.623650
1.270000	0.625350
1.020000	0.521290
0.468000	0.538350
-0.088800	-0.066514
-0.833000	-0.767590
-1.170000	-1.313500
-1.380000	-2.550400
-0.628000	-0.616610
0.352000	0.549430
1.170000	0.623650
