1.220000	0.578300
1.400000	0.607290
1.430000	0.607290
0.901000	0.604810
0.255000	0.525290
0.014000	0.473100
-0.805000	-0.697380
-1.310000	-0.809210
-1.280000	-1.424700
-0.856000	-0.977370
0.346000	0.596530
1.140000	0.597350
1.070000	0.601500
1.080000	0.599010
0.886000	0.483870
0.277000	0.536050
-0.170000	-0.100960
-0.799000	-0.486150
-1.250000	-1.093300
-1.630000	-0.853110
-1.650000	-1.225900
-1.050000	0.245300
-0.216000	0.547650
0.728000	0.599840
1.230000	0.594870
1.270000	0.607290
1.010000	0.584930
0.837000	0.551790
0.221000	0.136780
-0.351000	-0.125810
-0.798000	-0.816670
-1.420000	-1.590400
-1.640000	-1.441300
-1.260000	-0.281540
-0.505000	0.551790
0.772000	0.599840
1.350000	0.606470
1.390000	0.605640
1.480000	0.607290
0.994000	0.605640
0.336000	0.509550
-0.127000	0.071259
-0.551000	-0.466270
-1.140000	-1.002200
-1.360000	-2.219900
-0.783000	0.109450
-0.054400	0.564220
0.771000	0.598180
1.040000	0.601500
1.150000	0.593210
1.030000	0.599010
0.602000	0.553450
-0.207000	0.246960
-0.823000	-0.329590
-1.240000	-0.927670
-1.630000	-0.919380
-1.850000	-2.377300
-1.690000	-0.096816
-1.040000	0.541850
0.358000	0.604810
1.620000	0.607290
1.360000	0.607290
1.110000	0.607290
0.721000	0.603980
0.129000	0.488010
-0.335000	0.002736
-0.729000	-0.512660
-1.300000	-0.733830
-1.570000	-1.706300
-0.733000	0.300800
0.233000	0.595700
0.987000	0.601500
1.200000	0.602320
1.290000	0.581610
1.030000	0.574990
0.782000	0.574990
0.138000	0.169920
-0.343000	-0.262490
-0.828000	-1.118200
-1.310000	-1.010500
-1.520000	-2.153600
-0.714000	0.288370
0.122000	0.546820
0.634000	0.604810
0.180000	0.607290
1.370000	0.605640
1.030000	0.605640
0.497000	0.596530
0.012600	0.444110
-0.444000	-0.019033
-0.911000	-0.490290
-1.360000	-0.576440
-1.480000	-2.625800
-0.926000	-0.577270
0.436000	0.563390
1.270000	0.600670
1.590000	0.604810
0.931000	0.600670
0.877000	0.605640
0.496000	0.587410
0.105000	0.448250
-0.315000	0.038456
-0.692000	-0.397510
-1.180000	-1.184500
-1.390000	-1.814000
-0.770000	0.335590
0.369000	0.566700
0.848000	0.599840
1.030000	0.607290
0.942000	0.605640
1.120000	0.607290
0.785000	0.506230
0.336000	0.522800
-0.163000	-0.064593
-0.664000	-0.745430
-1.150000	-1.275600
-1.450000	-2.476700
-1.050000	-0.598810
-0.116000	0.533570
0.743000	0.605640
