1.160000	0.575330
1.530000	0.604180
1.420000	0.604180
0.877000	0.601700
0.238000	0.522590
0.027300	0.470670
-0.773000	-0.693800
-1.270000	-0.805050
-1.310000	-1.417400
-0.958000	-0.972350
0.312000	0.593460
1.180000	0.594290
1.090000	0.598410
1.170000	0.595930
0.855000	0.481380
0.297000	0.533300
-0.159000	-0.100440
-0.753000	-0.483650
-1.210000	-1.087700
-1.620000	-0.848730
-1.690000	-1.219600
-1.120000	0.244040
-0.239000	0.544840
0.551000	0.596760
1.180000	0.591810
1.210000	0.604180
1.010000	0.581920
0.849000	0.548960
0.253000	0.136080
-0.297000	-0.125160
-0.711000	-0.812470
-1.350000	-1.582200
-1.690000	-1.433900
-1.300000	-0.280100
-0.395000	0.548960
0.757000	0.596760
1.300000	0.603350
1.310000	0.602530
1.450000	0.604180
0.972000	0.602530
0.313000	0.506930
-0.108000	0.070893
-0.512000	-0.463870
-1.150000	-0.997070
-1.450000	-2.208500
-0.880000	0.108880
-0.170000	0.561320
0.650000	0.595110
0.991000	0.598410
1.120000	0.590170
1.000000	0.595930
0.558000	0.550610
-0.207000	0.245690
-0.739000	-0.327890
-1.130000	-0.922900
-1.530000	-0.914660
-1.880000	-2.365100
-1.820000	-0.096319
-1.170000	0.539070
0.390000	0.601700
1.770000	0.604180
1.460000	0.604180
1.200000	0.604180
0.750000	0.600880
0.162000	0.485500
-0.269000	0.002723
-0.621000	-0.510020
-1.230000	-0.730060
-1.570000	-1.697600
-0.750000	0.299250
0.206000	0.592640
0.789000	0.598410
1.060000	0.599230
1.230000	0.578630
0.992000	0.572030
0.744000	0.572030
0.088400	0.169040
-0.326000	-0.261140
-0.796000	-1.112400
-1.310000	-1.005300
-1.590000	-2.142600
-0.739000	0.286890
0.195000	0.544020
0.922000	0.601700
-0.063500	0.604180
1.260000	0.602530
1.020000	0.602530
0.442000	0.593460
0.017600	0.441830
-0.367000	-0.018935
-0.837000	-0.487770
-1.320000	-0.573480
-1.510000	-2.612300
-0.969000	-0.574300
0.552000	0.560500
1.110000	0.597580
1.650000	0.601700
0.924000	0.597580
0.949000	0.602530
0.555000	0.584400
0.120000	0.445950
-0.278000	0.038258
-0.626000	-0.395470
-1.080000	-1.178400
-1.400000	-1.804700
-0.839000	0.333870
0.517000	0.563790
0.829000	0.596760
0.949000	0.604180
0.883000	0.602530
1.300000	0.604180
0.818000	0.503630
0.368000	0.520120
-0.140000	-0.064261
-0.608000	-0.741600
-1.100000	-1.269000
-1.480000	-2.464000
-1.090000	-0.595730
-0.173000	0.530830
0.834000	0.602530
