1.010000	0.864090
1.080000	1.118300
1.280000	1.055900
0.829000	0.948820
0.513000	0.457790
0.046800	-0.039570
-0.946000	-1.171800
-1.670000	-0.844470
-1.430000	-1.192100
-0.474000	-0.865290
0.779000	0.650650
1.220000	0.798680
0.525000	1.106200
0.772000	1.048700
0.847000	0.945770
0.665000	0.818370
0.093200	-0.209280
-0.496000	-0.746620
-1.100000	-1.116000
-1.380000	-0.965400
-0.504000	-1.325400
0.242000	0.066138
0.849000	0.678730
1.320000	0.771550
1.090000	0.981260
1.010000	1.022000
1.080000	1.062500
0.783000	0.776960
0.263000	0.062063
-0.215000	-0.448720
-0.925000	-1.197700
-1.530000	-1.625300
-1.400000	-1.276000
-0.582000	-0.465180
0.236000	0.381860
0.837000	0.630380
1.100000	0.880650
1.040000	0.725440
0.673000	1.207700
0.830000	0.756420
0.240000	-0.106810
-0.363000	-0.585550
-1.130000	-1.018400
-1.640000	-1.159200
-1.490000	-2.014300
-0.154000	-0.197440
0.481000	0.582120
1.030000	0.831560
1.310000	0.870470
0.810000	0.962790
0.930000	0.887070
0.651000	0.637320
0.101000	0.022467
-0.445000	-0.646320
-1.190000	-1.276300
-1.700000	-1.105200
-1.470000	-2.226700
-0.699000	-0.369860
0.355000	0.369920
1.050000	0.646120
0.877000	1.016000
0.975000	1.196700
0.777000	1.004200
0.708000	0.651360
0.168000	0.038852
-0.555000	-0.570990
-1.280000	-0.866290
-1.860000	-1.156400
-1.870000	-1.781200
-0.478000	-0.005886
0.847000	0.695800
1.310000	0.769550
1.020000	0.865800
0.738000	0.736790
0.932000	0.941440
0.666000	0.611130
-0.055200	-0.277220
-0.695000	-0.761760
-1.440000	-1.480600
-1.970000	-1.387800
-1.670000	-1.772000
-0.415000	0.214880
0.269000	0.390230
1.130000	0.754460
1.220000	0.984870
1.350000	1.042000
0.923000	1.020800
0.654000	0.352270
0.215000	0.085951
-0.434000	-0.550720
-1.210000	-0.989150
-1.770000	-0.997310
-1.760000	-2.229000
-0.510000	-0.559310
0.083900	0.483520
0.464000	0.663300
0.735000	1.048300
0.697000	1.098900
0.942000	1.032300
0.676000	0.333440
0.241000	0.102790
-0.323000	-0.365650
-1.070000	-1.033300
-1.790000	-1.451800
-1.920000	-1.676200
-0.305000	-0.101980
0.442000	0.318780
1.010000	0.758580
0.539000	0.951890
0.913000	1.072700
0.926000	1.151100
0.540000	0.602500
0.197000	0.294050
-0.430000	-0.508120
-1.170000	-1.019500
-1.790000	-1.405500
-1.830000	-1.980000
-0.713000	-0.718490
0.404000	0.170220
0.667000	0.758970
