0.286000	0.823190
1.020000	1.668600
1.110000	1.620400
1.240000	1.244300
0.792000	0.525100
0.173000	0.110560
-0.483000	-0.605260
-0.991000	-0.773260
-1.110000	-1.188900
-0.756000	-1.013300
-0.022000	0.165380
0.577000	0.449870
0.775000	0.702760
1.130000	0.902610
1.390000	0.812860
0.780000	0.539120
-0.068400	-0.306860
-0.648000	-0.750720
-1.020000	-1.139300
-1.390000	-1.169900
-1.530000	-1.348500
-1.220000	-0.673180
-0.386000	-0.227490
0.808000	0.395050
0.999000	0.898330
1.220000	1.160900
1.060000	0.931660
0.648000	0.512000
-0.002130	-0.166940
-0.585000	-0.557750
-1.030000	-1.040000
-1.370000	-1.435500
-1.630000	-1.444900
-1.570000	-0.943890
-0.358000	-0.421700
0.415000	0.076341
1.650000	0.878330
1.300000	1.056300
1.270000	1.576300
0.900000	0.831350
0.166000	0.139800
-0.379000	-0.306880
-0.799000	-0.706620
-1.210000	-1.012300
-1.560000	-1.594300
-1.230000	-0.703220
-0.611000	-0.291170
0.608000	0.219880
1.390000	0.616420
1.190000	0.727650
1.120000	0.850230
0.887000	0.415910
0.106000	-0.245080
-0.521000	-0.758410
-1.010000	-1.137400
-1.370000	-1.280700
-1.710000	-1.872700
-1.740000	-1.046500
-1.060000	-0.337190
0.237000	0.162950
1.340000	1.083100
1.280000	2.000700
1.520000	1.786700
1.190000	0.917620
0.350000	0.305330
-0.275000	-0.205770
-0.667000	-0.609270
-1.010000	-0.867920
-1.280000	-1.337800
-0.852000	-0.512740
0.683000	0.055899
0.767000	0.239420
0.832000	0.787910
1.140000	0.821550
1.020000	0.903130
0.649000	0.340420
-0.142000	-0.273630
-0.667000	-0.696880
-1.120000	-1.187000
-1.430000	-1.254200
-1.570000	-1.710000
-1.420000	-0.711510
-0.748000	-0.356280
0.244000	0.306110
0.584000	1.470600
1.490000	1.946500
1.380000	1.654000
0.782000	0.882020
0.237000	0.418760
-0.228000	-0.152250
-0.711000	-0.573360
-1.100000	-0.765390
-1.280000	-1.663900
-1.020000	-0.811950
-0.089000	0.110430
0.912000	0.431020
1.230000	1.085300
1.460000	1.381100
1.150000	1.463000
0.634000	0.737900
0.107000	0.262200
-0.318000	-0.177260
-0.703000	-0.642700
-1.120000	-1.056900
-1.390000	-1.365500
-0.554000	-0.520090
0.274000	0.074191
0.629000	0.347410
1.410000	0.930330
1.240000	1.249800
1.240000	1.634300
1.050000	1.077200
0.584000	0.509200
-0.059300	-0.162060
-0.725000	-0.653210
-1.070000	-1.032900
-1.270000	-1.598400
-0.900000	-0.939530
-0.393000	-0.221590
0.822000	0.332460
