1.190000	0.612570
0.991000	0.643290
1.310000	0.643290
0.862000	0.640650
0.402000	0.556420
-0.081000	0.501140
-0.961000	-0.738710
-1.690000	-0.857170
-1.200000	-1.509100
-0.144000	-1.035300
1.030000	0.631880
1.230000	0.632760
0.808000	0.637140
0.905000	0.634510
0.970000	0.512540
0.670000	0.567820
0.091000	-0.106940
-0.527000	-0.514960
-1.220000	-1.158100
-1.490000	-0.903670
-0.258000	-1.298500
0.513000	0.259840
0.937000	0.580110
1.310000	0.635390
1.050000	0.630120
0.798000	0.643290
1.010000	0.619590
0.747000	0.584500
0.169000	0.144890
-0.340000	-0.133270
-1.060000	-0.865070
-1.750000	-1.684600
-1.370000	-1.526700
-0.596000	-0.298230
0.305000	0.584500
0.815000	0.635390
0.892000	0.642410
1.030000	0.641530
0.693000	0.643290
0.678000	0.641530
0.110000	0.539740
-0.546000	0.075482
-1.400000	-0.493900
-1.780000	-1.061600
-1.190000	-2.351500
-0.028600	0.115930
0.432000	0.597660
0.886000	0.633630
1.110000	0.637140
0.748000	0.628370
0.802000	0.634510
0.579000	0.586250
-0.018200	0.261590
-0.620000	-0.349120
-1.320000	-0.982640
-1.800000	-0.973870
-1.410000	-2.518200
-0.645000	-0.102550
0.359000	0.573970
0.857000	0.640650
0.935000	0.643290
1.070000	0.643290
0.833000	0.643290
0.807000	0.639780
0.137000	0.516930
-0.580000	0.002899
-1.240000	-0.543040
-1.880000	-0.777320
-1.810000	-1.807500
-0.378000	0.318630
0.830000	0.631000
1.250000	0.637140
0.743000	0.638020
0.694000	0.616080
0.887000	0.609060
0.677000	0.609060
-0.020600	0.179990
-0.768000	-0.278050
-1.480000	-1.184500
-1.950000	-1.070400
-1.370000	-2.281300
-0.254000	0.305460
0.322000	0.579230
1.150000	0.640650
1.230000	0.643290
1.230000	0.641530
0.764000	0.641530
0.679000	0.631880
0.176000	0.470430
-0.512000	-0.020161
-1.270000	-0.519350
-1.950000	-0.610600
-1.740000	-2.781400
-0.395000	-0.611480
0.313000	0.596780
0.532000	0.636270
0.773000	0.640650
0.838000	0.636270
0.997000	0.641530
0.663000	0.622230
0.173000	0.474810
-0.385000	0.040735
-1.030000	-0.421070
-1.850000	-1.254700
-1.790000	-1.921500
-0.206000	0.355480
0.688000	0.600290
0.972000	0.635390
0.747000	0.643290
1.010000	0.641530
0.807000	0.643290
0.461000	0.536240
0.188000	0.553780
-0.485000	-0.068421
-1.220000	-0.789600
-1.910000	-1.351200
-1.650000	-2.623500
-0.510000	-0.634290
0.563000	0.565190
0.677000	0.641530
