0.341000	0.747290
1.140000	1.235400
1.100000	1.516100
1.240000	1.324000
0.825000	0.921010
0.194000	0.594570
-0.502000	-0.399390
-1.030000	-0.698310
-1.100000	-1.334700
-0.613000	-1.162500
0.240000	0.050041
0.701000	0.323240
0.879000	0.578570
1.180000	0.820520
1.450000	0.756510
0.786000	0.630360
-0.083500	-0.026241
-0.694000	-0.491870
-1.070000	-1.068700
-1.520000	-1.070900
-1.670000	-1.440800
-1.280000	-0.545770
-0.512000	-0.232130
0.729000	0.223630
0.948000	0.720070
1.040000	0.979830
1.030000	0.894990
0.576000	0.686300
-0.016400	0.164920
-0.574000	-0.225890
-1.060000	-0.849550
-1.420000	-1.514500
-1.610000	-1.582100
-1.450000	-0.911460
-0.221000	-0.319630
0.480000	-0.087121
1.650000	0.373980
1.310000	0.821860
1.260000	0.999880
0.867000	0.913580
0.140000	0.601940
-0.396000	0.103890
-0.836000	-0.429200
-1.250000	-0.964270
-1.610000	-1.934600
-1.210000	-0.534660
-0.689000	-0.216240
0.537000	0.168410
1.350000	0.552500
1.110000	0.739030
1.180000	0.803980
0.898000	0.593660
0.120000	0.101870
-0.507000	-0.491400
-0.995000	-1.059200
-1.350000	-1.209600
-1.730000	-2.291500
-1.660000	-0.915570
-0.936000	-0.371260
0.366000	0.101090
1.260000	0.702660
1.190000	1.325700
1.540000	1.496100
1.170000	1.153100
0.347000	0.734670
-0.311000	0.163180
-0.737000	-0.380300
-1.120000	-0.718020
-1.400000	-1.532000
-0.643000	-0.300860
0.910000	-0.015158
0.906000	0.188130
0.904000	0.536010
1.180000	0.754480
1.040000	0.745620
0.686000	0.588240
-0.082500	0.095789
-0.644000	-0.369190
-1.090000	-1.081500
-1.550000	-1.158200
-1.470000	-2.059500
-1.080000	-0.577650
-0.480000	-0.317880
0.225000	0.136170
0.697000	1.065000
1.470000	1.610300
1.270000	1.474900
0.708000	1.153200
0.199000	0.764000
-0.268000	0.198020
-0.791000	-0.326880
-1.170000	-0.588700
-1.390000	-2.150800
-0.996000	-0.970160
0.009170	-0.064923
0.913000	0.284320
1.230000	0.727590
1.310000	1.050700
1.130000	1.169200
0.623000	1.011900
0.118000	0.625380
-0.347000	0.133990
-0.749000	-0.346000
-1.200000	-1.043200
-1.460000	-1.635700
-0.563000	-0.361230
0.229000	-0.107360
0.570000	0.195560
1.360000	0.569840
1.180000	0.993780
1.180000	1.245500
0.964000	1.154100
0.531000	0.837690
-0.098200	0.167130
-0.800000	-0.508800
-1.150000	-1.063900
-1.320000	-2.065500
-0.768000	-0.979270
-0.322000	-0.166180
0.867000	0.172800
