1.160000	0.750570
1.530000	1.613100
1.420000	1.363300
0.877000	0.993470
0.238000	0.361380
0.027300	0.097600
-0.773000	-0.628500
-1.270000	-0.838900
-1.310000	-1.307200
-0.958000	-1.065100
0.312000	0.392660
1.180000	0.553360
1.090000	0.695720
1.170000	0.829470
0.855000	0.704030
0.297000	0.486170
-0.159000	-0.359960
-0.753000	-0.706440
-1.210000	-1.125200
-1.620000	-1.145200
-1.690000	-1.329000
-1.120000	-0.529930
-0.239000	-0.012312
0.551000	0.547930
1.180000	0.871380
1.210000	1.079800
1.010000	0.805310
0.849000	0.419630
0.253000	-0.211910
-0.297000	-0.507300
-0.711000	-0.974640
-1.350000	-1.462600
-1.690000	-1.504300
-1.300000	-0.865410
-0.395000	-0.211710
0.757000	0.346980
1.300000	1.128700
1.310000	1.065300
1.450000	1.633300
0.972000	0.726980
0.313000	0.104190
-0.108000	-0.266600
-0.512000	-0.661320
-1.150000	-1.058500
-1.450000	-1.746400
-0.880000	-0.600200
-0.170000	-0.112940
0.650000	0.341840
0.991000	0.614930
1.120000	0.623980
1.000000	0.767660
0.558000	0.325600
-0.207000	-0.275180
-0.739000	-0.717800
-1.130000	-1.048100
-1.530000	-1.255600
-1.880000	-1.980200
-1.820000	-0.966150
-1.170000	-0.081489
0.390000	0.367540
1.770000	1.202900
1.460000	2.004200
1.200000	1.631400
0.750000	0.707050
0.162000	0.220000
-0.269000	-0.219680
-0.621000	-0.623060
-1.230000	-0.877690
-1.570000	-1.454300
-0.750000	-0.425630
0.206000	0.272040
0.789000	0.371130
1.060000	0.875030
1.230000	0.772440
0.992000	0.868640
0.744000	0.282270
0.088400	-0.272290
-0.326000	-0.620410
-0.796000	-1.140200
-1.310000	-1.208900
-1.590000	-1.844300
-0.739000	-0.550200
0.195000	-0.106560
0.922000	0.551420
-0.063500	1.496500
1.260000	1.737300
1.020000	1.445800
0.442000	0.669340
0.017600	0.282190
-0.367000	-0.187260
-0.837000	-0.581590
-1.320000	-0.784190
-1.510000	-1.902700
-0.969000	-0.825390
0.552000	0.377200
1.110000	0.615740
1.650000	1.140400
0.924000	1.334200
0.949000	1.402100
0.555000	0.564780
0.120000	0.177890
-0.278000	-0.177610
-0.626000	-0.599160
-1.080000	-1.113500
-1.400000	-1.524300
-0.839000	-0.419790
0.517000	0.343460
0.829000	0.500490
0.949000	1.047000
0.883000	1.160700
1.300000	1.524700
0.818000	0.844050
0.368000	0.346070
-0.140000	-0.214510
-0.608000	-0.707920
-1.100000	-1.126500
-1.480000	-1.843100
-1.090000	-0.973070
-0.173000	-0.031695
0.834000	0.531260
