0.991000	0.806610
1.350000	1.722100
1.490000	1.634300
1.130000	1.257000
0.533000	0.538450
0.144000	0.090045
-0.649000	-0.584140
-1.030000	-0.718240
-1.280000	-1.130500
-1.150000	-1.048800
0.215000	0.199490
1.210000	0.464820
0.724000	0.781940
1.160000	0.964800
0.970000	0.874890
0.318000	0.608610
-0.289000	-0.253470
-0.892000	-0.635650
-1.190000	-0.977610
-1.430000	-1.111500
-1.500000	-1.342500
-1.160000	-0.756530
-0.532000	-0.181470
0.462000	0.408130
0.817000	0.918140
1.330000	1.191900
0.878000	0.988090
0.336000	0.557790
-0.405000	-0.102370
-0.898000	-0.490470
-1.220000	-0.956360
-1.500000	-1.334900
-1.700000	-1.400800
-1.680000	-1.054500
-1.410000	-0.485520
0.578000	0.091581
1.240000	0.934610
1.280000	1.003200
1.410000	1.672700
1.080000	0.828800
0.421000	0.025067
-0.133000	-0.341350
-0.584000	-0.696520
-1.090000	-0.998360
-1.370000	-1.545000
-1.030000	-0.816330
-0.643000	-0.302760
0.405000	0.264120
0.759000	0.623110
1.110000	0.742590
0.995000	0.844300
0.884000	0.379390
0.058100	-0.278180
-0.547000	-0.727120
-0.955000	-1.079600
-1.290000	-1.279500
-1.570000	-1.868100
-1.640000	-1.217200
-1.170000	-0.421190
0.561000	0.200160
1.340000	1.186200
1.600000	2.069500
1.490000	1.808700
1.100000	0.880290
0.555000	0.230230
-0.184000	-0.248680
-0.534000	-0.578630
-0.913000	-0.908460
-1.140000	-1.379300
-0.801000	-0.632860
0.129000	0.099559
0.701000	0.271890
1.010000	0.806250
1.320000	0.782780
1.040000	0.929610
0.686000	0.346550
-0.050700	-0.325300
-0.606000	-0.662770
-1.020000	-1.108000
-1.330000	-1.249800
-1.370000	-1.627400
-1.150000	-0.749570
-0.191000	-0.393760
0.438000	0.397610
0.914000	1.532900
1.430000	1.929700
1.140000	1.667100
0.616000	0.737260
0.124000	0.304540
-0.301000	-0.194090
-0.730000	-0.583490
-1.080000	-0.827560
-1.280000	-1.614300
-1.070000	-0.943750
0.243000	0.087946
1.100000	0.464490
1.320000	1.142700
1.490000	1.440300
1.230000	1.522700
0.756000	0.603380
0.223000	0.186270
-0.246000	-0.180060
-0.596000	-0.664510
-0.927000	-1.071800
-1.180000	-1.391700
-0.669000	-0.735030
0.087800	-0.032948
0.788000	0.356800
1.140000	0.975170
1.220000	1.262100
1.240000	1.659500
1.130000	0.994910
0.606000	0.400290
-0.016000	-0.188800
-0.801000	-0.626020
-1.140000	-1.026800
-1.250000	-1.537000
-0.971000	-1.092700
-0.454000	-0.365910
0.871000	0.383290
