1.090000	0.742840
1.280000	1.105200
1.230000	1.307700
0.870000	1.168300
0.484000	0.849490
0.176000	0.595600
-0.769000	-0.533810
-1.440000	-0.788850
-1.410000	-1.464800
-0.741000	-1.183000
0.361000	0.246250
0.931000	0.443640
0.899000	0.629290
0.962000	0.802970
1.050000	0.716220
0.775000	0.643600
0.304000	-0.054498
-0.267000	-0.526110
-0.889000	-1.156100
-1.440000	-1.073100
-1.550000	-1.471300
-0.544000	-0.307310
0.235000	0.025475
0.700000	0.372650
1.030000	0.729040
1.250000	0.920810
1.040000	0.851730
0.871000	0.689500
0.379000	0.167160
-0.119000	-0.207280
-0.731000	-0.900590
-1.380000	-1.652900
-1.530000	-1.649100
-0.984000	-0.756730
0.161000	-0.036190
0.854000	0.148470
1.430000	0.483450
1.330000	0.806270
1.170000	0.935280
0.997000	0.872440
0.459000	0.613760
-0.110000	0.100050
-0.649000	-0.473900
-1.200000	-1.048700
-1.350000	-2.177700
-0.695000	-0.347150
0.112000	0.042769
0.656000	0.332230
0.967000	0.610490
0.871000	0.742140
1.070000	0.791040
0.691000	0.623250
0.133000	0.160500
-0.613000	-0.470610
-1.290000	-1.090900
-1.890000	-1.196600
-2.060000	-2.490600
-1.720000	-0.694620
-0.736000	-0.076939
0.244000	0.286000
0.892000	0.720860
1.150000	1.170300
1.060000	1.293200
0.832000	1.044600
0.403000	0.701930
-0.239000	0.118690
-0.853000	-0.454960
-1.560000	-0.776510
-1.780000	-1.706300
-0.792000	-0.111070
0.419000	0.198930
1.020000	0.347620
1.040000	0.598880
1.040000	0.749190
0.974000	0.740470
0.754000	0.626930
0.169000	0.128970
-0.395000	-0.358810
-0.995000	-1.174100
-1.530000	-1.191500
-1.680000	-2.244500
-0.598000	-0.315140
0.224000	-0.036677
0.824000	0.311310
0.891000	0.982280
1.290000	1.375000
0.962000	1.277400
0.747000	1.042100
0.321000	0.707620
-0.301000	0.136150
-0.892000	-0.408540
-1.470000	-0.627770
-1.810000	-2.476700
-0.959000	-0.903260
-0.117000	0.151640
1.100000	0.416720
1.010000	0.737970
0.868000	0.969580
1.110000	1.056800
0.672000	0.936940
0.204000	0.609080
-0.318000	0.110210
-0.950000	-0.389660
-1.540000	-1.169900
-1.830000	-1.819100
-0.718000	-0.142370
0.096400	0.122200
0.893000	0.352400
0.545000	0.625040
1.170000	0.930290
1.110000	1.112500
0.832000	1.010900
0.402000	0.788500
-0.204000	0.097812
-0.837000	-0.629670
-1.410000	-1.216900
-1.760000	-2.362600
-1.010000	-0.917420
-0.275000	0.068086
0.855000	0.338020
