0.938000	0.774000
1.360000	1.624300
1.330000	1.465800
0.956000	1.103200
0.555000	0.470140
0.295000	0.172020
-0.628000	-0.590100
-1.240000	-0.823630
-1.220000	-1.319800
-0.676000	-1.101600
0.186000	0.312530
1.030000	0.511270
0.775000	0.689660
1.120000	0.856240
1.200000	0.741530
0.703000	0.520130
0.082800	-0.314620
-0.559000	-0.690980
-1.090000	-1.133800
-1.430000	-1.165500
-1.460000	-1.376300
-0.808000	-0.590110
-0.136000	-0.094497
0.866000	0.485380
1.310000	0.872500
1.090000	1.107000
0.937000	0.852110
0.583000	0.472840
-0.034200	-0.161610
-0.610000	-0.485520
-1.170000	-0.977480
-1.630000	-1.485800
-1.780000	-1.541900
-1.620000	-0.922690
-0.657000	-0.286870
0.360000	0.244330
1.280000	1.021200
1.250000	1.060500
1.220000	1.592800
0.956000	0.784280
0.350000	0.178270
-0.208000	-0.221700
-0.711000	-0.640570
-1.270000	-1.057600
-1.390000	-1.774400
-0.729000	-0.640710
-0.183000	-0.179540
0.593000	0.294670
1.110000	0.613200
0.997000	0.661340
1.040000	0.799030
0.778000	0.372310
-0.024200	-0.236010
-0.667000	-0.709360
-1.250000	-1.076600
-1.650000	-1.285300
-1.860000	-2.041000
-1.690000	-1.022600
-1.070000	-0.183180
0.448000	0.300520
1.120000	1.154400
1.240000	1.983700
1.320000	1.693900
1.050000	0.816570
0.420000	0.308850
-0.345000	-0.162880
-0.806000	-0.592320
-1.290000	-0.868320
-1.470000	-1.471100
-0.869000	-0.452640
0.448000	0.194420
0.888000	0.323570
1.050000	0.835520
1.030000	0.793360
1.070000	0.876310
0.564000	0.330360
-0.072400	-0.231830
-0.598000	-0.605890
-1.150000	-1.149600
-1.560000	-1.230500
-1.440000	-1.888700
-0.869000	-0.617190
-0.332000	-0.195310
0.623000	0.467490
1.000000	1.485700
1.250000	1.811400
0.979000	1.528700
0.721000	0.783820
0.226000	0.374050
-0.287000	-0.125550
-0.820000	-0.547210
-1.260000	-0.769820
-1.450000	-1.926500
-0.921000	-0.877780
-0.111000	0.277350
0.914000	0.555060
1.020000	1.106900
1.470000	1.343500
1.270000	1.426000
0.704000	0.663720
0.183000	0.253370
-0.289000	-0.133800
-0.816000	-0.573820
-1.250000	-1.110300
-1.410000	-1.544500
-0.281000	-0.461310
0.042600	0.239320
0.996000	0.438240
1.090000	0.991980
1.380000	1.181400
1.160000	1.550700
1.090000	0.944130
0.527000	0.441150
-0.110000	-0.152070
-0.888000	-0.676560
-1.190000	-1.118900
-1.340000	-1.865900
-0.712000	-1.007700
-0.003320	-0.097308
0.861000	0.458680
