0.831000	0.747200
1.710000	1.874500
1.880000	1.666600
1.290000	1.184800
0.574000	0.390040
0.191000	0.028338
-0.596000	-0.427460
-0.852000	-0.705960
-1.060000	-1.088300
-0.915000	-1.019000
0.335000	0.125120
1.440000	0.386380
0.896000	0.620270
0.780000	0.849060
0.457000	0.750950
-0.141000	0.436200
-0.403000	-0.360190
-0.753000	-0.667800
-1.010000	-0.976020
-1.180000	-1.143800
-1.220000	-1.254300
-1.140000	-0.919730
-0.904000	-0.401690
0.008600	0.349900
0.345000	0.869350
1.110000	1.181000
0.381000	0.849980
-0.206000	0.366400
-0.644000	-0.269980
-0.929000	-0.568580
-1.190000	-0.891740
-1.430000	-1.214900
-1.490000	-1.379800
-1.500000	-1.113300
-1.280000	-0.660210
-0.331000	0.028959
0.901000	1.064800
1.130000	1.121300
1.730000	1.828600
1.100000	0.758130
0.203000	0.013545
-0.324000	-0.303090
-0.719000	-0.607050
-1.060000	-0.926820
-1.160000	-1.313800
-1.020000	-0.917430
-0.812000	-0.524100
0.365000	0.095555
0.637000	0.520710
0.811000	0.588810
0.788000	0.772470
0.683000	0.227320
-0.223000	-0.428420
-0.658000	-0.775910
-0.938000	-0.977410
-1.220000	-1.276400
-1.330000	-1.601000
-1.410000	-1.340300
-0.484000	-0.519840
1.120000	0.106840
2.150000	1.247100
1.920000	2.354100
1.820000	1.974100
1.240000	0.807460
0.568000	0.197580
-0.201000	-0.194330
-0.634000	-0.525680
-1.010000	-0.795730
-1.160000	-1.151800
-0.981000	-0.757150
-0.363000	-0.034454
0.319000	0.134600
1.090000	0.818340
1.080000	0.775130
0.610000	0.886330
0.529000	0.167280
0.008650	-0.376800
-0.402000	-0.660020
-0.809000	-0.978380
-1.170000	-1.148200
-1.270000	-1.506000
-1.050000	-0.977700
-0.829000	-0.533270
0.195000	0.331290
2.060000	1.693300
1.730000	2.127900
1.180000	1.752100
0.571000	0.769240
-0.019700	0.298540
-0.468000	-0.134910
-0.909000	-0.473220
-1.250000	-0.741850
-1.320000	-1.329300
-1.160000	-0.919950
0.288000	0.092444
0.981000	0.450760
1.360000	1.179000
1.250000	1.500600
1.210000	1.613800
0.773000	0.612310
0.207000	0.136300
-0.183000	-0.177110
-0.595000	-0.549900
-0.849000	-0.906910
-1.150000	-1.206500
-0.849000	-0.791130
-0.085500	0.037894
0.504000	0.286640
1.190000	1.024600
1.340000	1.277100
1.410000	1.771900
1.140000	1.019000
0.936000	0.345360
0.357000	-0.150810
-0.303000	-0.529670
-0.855000	-0.877810
-1.010000	-1.323700
-0.890000	-1.079000
-0.430000	-0.395040
1.070000	0.315300
