0.965000	0.624830
1.090000	0.656150
1.080000	0.656150
0.947000	0.653470
0.527000	0.567550
0.072300	0.511160
-0.987000	-0.753490
-1.670000	-0.874320
-1.390000	-1.539300
-0.326000	-1.056000
0.534000	0.644520
0.816000	0.645410
1.080000	0.649890
0.940000	0.647200
0.968000	0.522800
0.676000	0.579180
0.106000	-0.109080
-0.564000	-0.525260
-1.170000	-1.181300
-1.560000	-0.921750
-1.220000	-1.324500
-0.500000	0.265030
0.396000	0.591710
1.080000	0.648100
1.110000	0.642730
1.110000	0.656150
1.070000	0.631990
0.737000	0.596190
0.092800	0.147790
-0.472000	-0.135930
-1.220000	-0.882370
-1.780000	-1.718300
-1.410000	-1.557200
-0.544000	-0.304190
0.362000	0.596190
0.837000	0.648100
0.920000	0.655260
0.907000	0.654360
1.040000	0.656150
0.650000	0.654360
0.182000	0.550540
-0.517000	0.076992
-1.110000	-0.503780
-1.730000	-1.082900
-1.430000	-2.398500
-0.427000	0.118250
0.347000	0.609610
0.970000	0.646310
1.020000	0.649890
0.896000	0.640940
0.926000	0.647200
0.622000	0.597980
0.130000	0.266820
-0.668000	-0.356100
-1.300000	-1.002300
-1.820000	-0.993350
-1.410000	-2.568600
-0.537000	-0.104610
0.215000	0.585450
1.050000	0.653470
0.920000	0.656150
0.698000	0.656150
0.768000	0.656150
0.858000	0.652570
0.416000	0.527270
-0.394000	0.002957
-1.080000	-0.553900
-1.750000	-0.792870
-1.780000	-1.843600
-0.046400	0.325000
0.689000	0.643620
0.846000	0.649890
0.819000	0.650780
0.768000	0.628410
0.903000	0.621250
0.567000	0.621250
-0.145000	0.183590
-0.823000	-0.283610
-1.470000	-1.208200
-1.920000	-1.091800
-1.210000	-2.326900
-0.357000	0.311570
0.476000	0.590820
0.939000	0.653470
1.150000	0.656150
1.320000	0.654360
1.170000	0.654360
0.913000	0.644520
0.408000	0.479840
-0.364000	-0.020564
-1.100000	-0.529740
-1.800000	-0.622820
-1.870000	-2.837100
-0.936000	-0.623710
0.387000	0.608720
0.808000	0.648990
1.040000	0.653470
1.150000	0.648990
0.953000	0.654360
0.579000	0.634670
0.138000	0.484310
-0.493000	0.041550
-1.190000	-0.429490
-1.830000	-1.279800
-1.750000	-1.960000
-0.041000	0.362590
0.647000	0.612300
0.901000	0.648100
1.030000	0.656150
0.932000	0.654360
1.200000	0.656150
0.770000	0.546960
0.376000	0.564860
-0.295000	-0.069790
-1.050000	-0.805400
-1.390000	-1.378200
-1.590000	-2.676000
-0.541000	-0.646980
0.214000	0.576500
0.739000	0.654360
