1.110000	0.688490
0.984000	1.371000
1.220000	0.936660
0.922000	0.637960
0.384000	0.129240
-0.248000	-0.004798
-1.340000	-0.815880
-1.550000	-0.925960
-0.934000	-1.377900
-0.342000	-0.986860
0.280000	0.698680
0.706000	0.721930
1.280000	0.736350
0.976000	0.743170
0.992000	0.585050
0.718000	0.441190
0.254000	-0.433730
-0.781000	-0.743480
-1.300000	-1.173100
-1.330000	-1.071900
-0.931000	-1.245300
-0.410000	-0.146920
0.313000	0.392160
1.230000	0.773850
1.180000	0.845140
1.020000	0.931440
1.140000	0.667630
0.870000	0.343940
0.087800	-0.262290
-0.768000	-0.497190
-1.320000	-0.998210
-1.570000	-1.533400
-1.170000	-1.461400
-0.449000	-0.566980
0.895000	0.224800
0.892000	0.729020
1.280000	1.328500
0.853000	1.003700
1.170000	1.527900
0.775000	0.578520
0.143000	0.018082
-0.821000	-0.325190
-1.320000	-0.720640
-1.560000	-1.111100
-1.200000	-1.912200
-0.316000	-0.298860
0.422000	0.281180
0.985000	0.578280
1.130000	0.661610
1.070000	0.561860
0.926000	0.684770
0.624000	0.295360
-0.056500	-0.239670
-1.030000	-0.676260
-1.500000	-1.012700
-1.570000	-1.145700
-1.220000	-2.042100
-0.557000	-0.582540
0.312000	0.393010
0.870000	0.645710
1.060000	1.222600
1.070000	1.749300
0.835000	1.241300
0.740000	0.418390
0.276000	0.059594
-0.665000	-0.340190
-1.350000	-0.727470
-1.560000	-0.922190
-1.260000	-1.567600
0.142000	-0.145660
0.693000	0.603560
0.705000	0.600230
0.811000	0.956440
0.936000	0.708860
1.100000	0.817090
0.644000	0.259420
-0.390000	-0.274000
-1.170000	-0.608770
-1.530000	-1.196700
-1.700000	-1.172300
-1.280000	-1.913800
-0.446000	-0.129490
0.339000	0.336020
1.140000	0.827160
1.050000	1.338300
0.922000	1.293300
0.822000	1.049500
0.872000	0.372630
0.349000	0.091929
-0.706000	-0.334800
-1.430000	-0.702150
-1.710000	-0.814530
-1.540000	-2.159100
-0.982000	-0.632850
0.149000	0.731020
0.784000	0.811610
0.917000	1.140500
1.380000	1.167000
0.992000	1.175100
0.658000	0.333720
0.182000	0.057739
-0.556000	-0.258410
-1.470000	-0.665960
-1.770000	-1.217600
-1.370000	-1.636100
-0.078000	-0.086029
0.616000	0.720370
1.110000	0.737790
1.090000	1.128600
0.778000	1.012800
0.800000	1.269800
0.783000	0.521820
0.431000	0.160760
-0.405000	-0.368900
-1.380000	-0.861540
-1.500000	-1.264000
-1.470000	-2.067400
-0.730000	-0.801720
0.044500	0.325400
0.776000	0.785950
