0.991000	0.800270
1.350000	1.743800
1.490000	1.625900
1.130000	1.214200
0.533000	0.475240
0.144000	0.089919
-0.649000	-0.556070
-1.030000	-0.767570
-1.280000	-1.186000
-1.150000	-1.035000
0.215000	0.177970
1.210000	0.444930
0.724000	0.682860
1.160000	0.887710
0.970000	0.790600
0.318000	0.508200
-0.289000	-0.330170
-0.892000	-0.725640
-1.190000	-1.098800
-1.430000	-1.172100
-1.500000	-1.334000
-1.160000	-0.743110
-0.532000	-0.262540
0.462000	0.400150
0.817000	0.895130
1.330000	1.170700
0.878000	0.902870
0.336000	0.463790
-0.405000	-0.202920
-0.898000	-0.558700
-1.220000	-0.996100
-1.500000	-1.386600
-1.700000	-1.450000
-1.680000	-1.000700
-1.410000	-0.478990
0.578000	0.089719
1.240000	0.970080
1.280000	1.088300
1.410000	1.675800
1.080000	0.807810
0.421000	0.102730
-0.133000	-0.300260
-0.584000	-0.675350
-1.090000	-1.001900
-1.370000	-1.544900
-1.030000	-0.767100
-0.643000	-0.348850
0.405000	0.195570
0.759000	0.592540
1.110000	0.681120
0.995000	0.826340
0.884000	0.353060
0.058100	-0.305870
-0.547000	-0.765800
-0.955000	-1.089700
-1.290000	-1.291500
-1.570000	-1.825700
-1.640000	-1.142900
-1.170000	-0.372220
0.561000	0.168600
1.340000	1.157400
1.600000	2.130700
1.490000	1.848200
1.100000	0.873570
0.555000	0.270410
-0.184000	-0.201850
-0.534000	-0.588910
-0.913000	-0.854880
-1.140000	-1.309800
-0.801000	-0.585140
0.129000	0.050448
0.701000	0.222640
1.010000	0.813880
1.320000	0.810720
1.040000	0.903290
0.686000	0.285890
-0.050700	-0.305480
-0.606000	-0.681540
-1.020000	-1.128700
-1.330000	-1.229700
-1.370000	-1.684600
-1.150000	-0.786150
-0.191000	-0.389540
0.438000	0.342660
0.914000	1.557900
1.430000	2.001700
1.140000	1.681000
0.616000	0.836880
0.124000	0.374690
-0.301000	-0.148310
-0.730000	-0.546460
-1.080000	-0.767280
-1.280000	-1.609200
-1.070000	-0.859760
0.243000	0.133060
1.100000	0.461040
1.320000	1.130400
1.490000	1.427300
1.230000	1.519100
0.756000	0.691230
0.223000	0.220290
-0.246000	-0.175800
-0.596000	-0.612770
-0.927000	-1.028000
-1.180000	-1.352000
-0.669000	-0.600270
0.087800	0.090722
0.788000	0.347190
1.140000	0.980380
1.220000	1.261200
1.240000	1.681900
1.130000	1.047400
0.606000	0.449230
-0.016000	-0.162330
-0.801000	-0.626080
-1.140000	-1.006700
-1.250000	-1.562500
-0.971000	-0.999770
-0.454000	-0.258380
0.871000	0.350860
