0.341000	0.769580
1.140000	1.653100
1.100000	1.506700
1.240000	1.129900
0.825000	0.475330
0.194000	0.161530
-0.502000	-0.554910
-1.030000	-0.796490
-1.100000	-1.275600
-0.613000	-1.086400
0.240000	0.265170
0.701000	0.480240
0.879000	0.673510
1.180000	0.854720
1.450000	0.745690
0.786000	0.510300
-0.083500	-0.310920
-0.694000	-0.680900
-1.070000	-1.103700
-1.520000	-1.157700
-1.670000	-1.356200
-1.280000	-0.647620
-0.512000	-0.157020
0.729000	0.448760
0.948000	0.866490
1.040000	1.116000
1.030000	0.855580
0.576000	0.463790
-0.016400	-0.167750
-0.574000	-0.491910
-1.060000	-0.959320
-1.420000	-1.437900
-1.610000	-1.511700
-1.450000	-0.955360
-0.221000	-0.356710
0.480000	0.188840
1.650000	0.998610
1.310000	1.061100
1.260000	1.609300
0.867000	0.785930
0.140000	0.164940
-0.396000	-0.225790
-0.836000	-0.628460
-1.250000	-1.029500
-1.610000	-1.694600
-1.210000	-0.686030
-0.689000	-0.243870
0.537000	0.252910
1.350000	0.594730
1.110000	0.653680
1.180000	0.795920
0.898000	0.357120
0.120000	-0.256290
-0.507000	-0.713650
-0.995000	-1.060300
-1.350000	-1.280100
-1.730000	-1.968500
-1.660000	-1.073500
-0.936000	-0.253380
0.366000	0.254830
1.260000	1.150000
1.190000	2.021700
1.540000	1.736800
1.170000	0.830900
0.347000	0.305880
-0.311000	-0.157000
-0.737000	-0.572910
-1.120000	-0.849580
-1.400000	-1.413500
-0.643000	-0.500980
0.910000	0.142300
0.906000	0.282890
0.904000	0.819040
1.180000	0.789260
1.040000	0.873440
0.686000	0.312390
-0.082500	-0.245390
-0.644000	-0.608730
-1.090000	-1.118100
-1.550000	-1.213700
-1.470000	-1.822700
-1.080000	-0.680560
-0.480000	-0.263420
0.225000	0.425760
0.697000	1.504000
1.470000	1.861700
1.270000	1.568500
0.708000	0.798400
0.199000	0.377390
-0.268000	-0.115460
-0.791000	-0.526530
-1.170000	-0.757490
-1.390000	-1.822800
-0.996000	-0.886080
0.009170	0.226710
0.913000	0.522340
1.230000	1.103500
1.310000	1.359800
1.130000	1.449000
0.623000	0.670410
0.118000	0.247750
-0.347000	-0.132250
-0.749000	-0.562850
-1.200000	-1.070400
-1.460000	-1.483200
-0.563000	-0.515970
0.229000	0.185740
0.570000	0.399580
1.360000	0.978810
1.180000	1.192300
1.180000	1.579000
0.964000	0.969020
0.531000	0.441970
-0.098200	-0.139760
-0.800000	-0.643690
-1.150000	-1.071900
-1.320000	-1.770600
-0.768000	-1.016200
-0.322000	-0.155260
0.867000	0.418610
