-0.518000	0.593220
0.763000	0.622960
0.846000	0.622960
0.733000	0.620410
0.146000	0.538830
-0.310000	0.485300
-1.410000	-0.715370
-1.850000	-0.830080
-0.986000	-1.461400
-0.215000	-1.002600
0.652000	0.611910
0.999000	0.612760
1.090000	0.617010
1.150000	0.614460
1.110000	0.496350
0.835000	0.549880
0.252000	-0.103560
-0.463000	-0.498690
-1.280000	-1.121500
-1.540000	-0.875120
-0.849000	-1.257500
0.074900	0.251620
0.739000	0.561780
1.020000	0.615310
1.050000	0.610210
1.150000	0.622960
1.050000	0.600010
0.743000	0.566020
0.073800	0.140310
-0.635000	-0.129050
-1.290000	-0.837730
-1.580000	-1.631400
-0.961000	-1.478400
-0.371000	-0.288800
0.539000	0.566020
1.000000	0.615310
1.500000	0.622110
1.240000	0.621260
1.050000	0.622960
0.964000	0.621260
0.354000	0.522690
-0.476000	0.073097
-1.190000	-0.478290
-1.640000	-1.028100
-1.070000	-2.277200
-0.103000	0.112270
0.853000	0.578770
1.070000	0.613610
0.722000	0.617010
1.130000	0.608510
1.030000	0.614460
0.763000	0.567720
0.163000	0.253320
-0.703000	-0.338090
-1.440000	-0.951590
-1.810000	-0.943090
-1.360000	-2.438600
-0.372000	-0.099313
0.331000	0.555830
0.804000	0.620410
0.846000	0.622960
1.070000	0.622960
0.920000	0.622960
0.794000	0.619560
0.261000	0.500600
-0.547000	0.002807
-1.310000	-0.525880
-1.930000	-0.752760
-1.360000	-1.750300
-0.214000	0.308560
0.926000	0.611060
1.160000	0.617010
-0.176000	0.617860
1.020000	0.596610
0.838000	0.589820
0.712000	0.589820
0.095500	0.174300
-0.642000	-0.269260
-1.340000	-1.147000
-1.710000	-1.036600
-1.020000	-2.209200
-0.049500	0.295810
0.598000	0.560930
1.010000	0.620410
0.522000	0.622960
1.040000	0.621260
0.843000	0.621260
0.613000	0.611910
0.063500	0.455560
-0.731000	-0.019524
-1.460000	-0.502930
-1.820000	-0.591310
-1.470000	-2.693500
-0.666000	-0.592160
0.441000	0.577920
0.844000	0.616160
1.170000	0.620410
1.020000	0.616160
0.959000	0.621260
0.627000	0.602560
0.111000	0.459810
-0.631000	0.039447
-1.410000	-0.407770
-1.980000	-1.215000
-1.610000	-1.860800
-0.330000	0.344250
0.611000	0.581320
1.060000	0.615310
0.858000	0.622960
0.931000	0.621260
0.851000	0.622960
0.668000	0.519290
0.127000	0.536280
-0.593000	-0.066259
-1.320000	-0.764650
-1.810000	-1.308500
-1.570000	-2.540600
-0.800000	-0.614250
0.361000	0.547330
0.964000	0.621260
