1.340000	0.596660
1.520000	0.626570
1.580000	0.626570
0.915000	0.624010
0.355000	0.541960
0.082200	0.488120
-0.841000	-0.719520
-1.420000	-0.834900
-1.320000	-1.469900
-0.663000	-1.008400
0.275000	0.615460
0.971000	0.616320
0.904000	0.620590
1.050000	0.618030
0.976000	0.499230
0.559000	0.553070
0.017100	-0.104160
-0.599000	-0.501580
-1.150000	-1.128000
-1.620000	-0.880200
-1.510000	-1.264800
-0.589000	0.253090
-0.146000	0.565040
0.599000	0.618880
0.998000	0.613750
1.070000	0.626570
0.873000	0.603500
0.700000	0.569310
0.186000	0.141120
-0.338000	-0.129800
-0.886000	-0.842590
-1.550000	-1.640800
-1.680000	-1.487000
-1.050000	-0.290480
-0.104000	0.569310
0.677000	0.618880
1.340000	0.625720
1.200000	0.624860
1.510000	0.626570
1.020000	0.624860
0.406000	0.525720
-0.129000	0.073521
-0.660000	-0.481070
-1.280000	-1.034000
-1.310000	-2.290400
-0.722000	0.112920
-0.026900	0.582130
0.544000	0.617170
0.935000	0.620590
1.190000	0.612040
1.110000	0.618030
0.694000	0.571020
-0.046900	0.254790
-0.729000	-0.340050
-1.280000	-0.957110
-1.750000	-0.948570
-1.910000	-2.452800
-1.620000	-0.099890
-0.946000	0.559050
0.371000	0.624010
1.230000	0.626570
1.270000	0.626570
1.120000	0.626570
0.791000	0.623150
0.221000	0.503500
-0.330000	0.002823
-0.823000	-0.528930
-1.460000	-0.757120
-1.540000	-1.760500
-0.637000	0.310350
0.223000	0.614610
0.954000	0.620590
1.130000	0.621440
1.090000	0.600080
1.070000	0.593240
0.765000	0.593240
0.164000	0.175310
-0.403000	-0.270820
-0.970000	-1.153700
-1.460000	-1.042600
-1.520000	-2.222000
-0.588000	0.297530
0.082800	0.564180
0.691000	0.624010
0.627000	0.626570
1.470000	0.624860
1.080000	0.624860
0.629000	0.615460
0.192000	0.458200
-0.374000	-0.019637
-0.951000	-0.505850
-1.440000	-0.594740
-1.630000	-2.709200
-0.919000	-0.595590
-0.043600	0.581280
0.972000	0.619730
1.180000	0.624010
1.190000	0.619730
1.060000	0.624860
0.616000	0.606060
0.187000	0.462480
-0.288000	0.039676
-0.893000	-0.410130
-1.490000	-1.222100
-1.610000	-1.871600
-0.544000	0.346240
0.299000	0.584690
0.822000	0.618880
0.798000	0.626570
1.290000	0.624860
1.190000	0.626570
0.908000	0.522300
0.474000	0.539400
-0.088400	-0.066643
-0.760000	-0.769090
-1.300000	-1.316100
-1.520000	-2.555300
-0.970000	-0.617810
-0.127000	0.550510
0.782000	0.624860
