0.938000	0.851030
1.360000	1.594000
1.330000	1.535000
0.956000	1.194000
0.555000	0.498360
0.295000	0.084289
-0.628000	-0.731130
-1.240000	-0.831880
-1.220000	-1.246100
-0.676000	-0.997240
0.186000	0.259780
1.030000	0.525040
0.775000	0.758120
1.120000	0.918700
1.200000	0.821310
0.703000	0.565110
0.082800	-0.328560
-0.559000	-0.814990
-1.090000	-1.226200
-1.430000	-1.184400
-1.460000	-1.373600
-0.808000	-0.518250
-0.136000	-0.077403
0.866000	0.479460
1.310000	0.926260
1.090000	1.147600
0.937000	0.942840
0.583000	0.539550
-0.034200	-0.167780
-0.610000	-0.581370
-1.170000	-1.122800
-1.630000	-1.541400
-1.780000	-1.467800
-1.620000	-0.832190
-0.657000	-0.252010
0.360000	0.192720
1.280000	0.906450
1.250000	1.049900
1.220000	1.525800
0.956000	0.827890
0.350000	0.134150
-0.208000	-0.353180
-0.711000	-0.782350
-1.270000	-1.070600
-1.390000	-1.727400
-0.729000	-0.581330
-0.183000	-0.129610
0.593000	0.323350
1.110000	0.672510
0.997000	0.769800
1.040000	0.872260
0.778000	0.467080
-0.024200	-0.200760
-0.667000	-0.770930
-1.250000	-1.204500
-1.650000	-1.279000
-1.860000	-1.977500
-1.690000	-0.880650
-1.070000	-0.167570
0.448000	0.252730
1.120000	1.071800
1.240000	1.893400
1.320000	1.676300
1.050000	0.885330
0.420000	0.280630
-0.345000	-0.264850
-0.806000	-0.685430
-1.290000	-0.924630
-1.470000	-1.432800
-0.869000	-0.385770
0.448000	0.168830
0.888000	0.334790
1.050000	0.823850
1.030000	0.838360
1.070000	0.919740
0.564000	0.382350
-0.072400	-0.267120
-0.598000	-0.738040
-1.150000	-1.294500
-1.560000	-1.305400
-1.440000	-1.795800
-0.869000	-0.542120
-0.332000	-0.201040
0.623000	0.376760
1.000000	1.405100
1.250000	1.831000
0.979000	1.563400
0.721000	0.845910
0.226000	0.398550
-0.287000	-0.217610
-0.820000	-0.659570
-1.260000	-0.802610
-1.450000	-1.827700
-0.921000	-0.731210
-0.111000	0.211530
0.914000	0.485210
1.020000	1.091900
1.470000	1.342600
1.270000	1.398600
0.704000	0.719170
0.183000	0.256800
-0.289000	-0.219090
-0.816000	-0.718260
-1.250000	-1.147400
-1.410000	-1.446300
-0.281000	-0.368190
0.042600	0.186780
0.996000	0.437830
1.090000	0.953720
1.380000	1.240400
1.160000	1.576600
1.090000	1.032200
0.527000	0.507350
-0.110000	-0.225670
-0.888000	-0.749360
-1.190000	-1.129600
-1.340000	-1.734700
-0.712000	-0.862570
-0.003320	-0.086613
0.861000	0.412340
