0.341000	0.846100
1.140000	1.581500
1.100000	1.581400
1.240000	1.296500
0.825000	0.634980
0.194000	0.090254
-0.502000	-0.730620
-1.030000	-0.696560
-1.100000	-1.095500
-0.613000	-1.031100
0.240000	0.268660
0.701000	0.534470
0.879000	0.943520
1.180000	1.072300
1.450000	0.992970
0.786000	0.764040
-0.083500	-0.156490
-0.694000	-0.587490
-1.070000	-0.917090
-1.520000	-1.042100
-1.670000	-1.372400
-1.280000	-0.618010
-0.512000	0.032156
0.729000	0.461170
0.948000	0.960070
1.040000	1.195000
1.030000	1.113800
0.576000	0.721400
-0.016400	0.044572
-0.574000	-0.422580
-1.060000	-0.991910
-1.420000	-1.371400
-1.610000	-1.344900
-1.450000	-0.997920
-0.221000	-0.342400
0.480000	0.150780
1.650000	0.828320
1.310000	0.868520
1.260000	1.548000
0.867000	0.866870
0.140000	-0.038937
-0.396000	-0.421840
-0.836000	-0.789850
-1.250000	-1.032400
-1.610000	-1.656300
-1.210000	-0.744020
-0.689000	-0.103520
0.537000	0.424470
1.350000	0.709180
1.110000	0.875000
1.180000	0.894460
0.898000	0.491340
0.120000	-0.167690
-0.507000	-0.680260
-0.995000	-1.142700
-1.350000	-1.249000
-1.730000	-2.008300
-1.660000	-1.118400
-0.936000	-0.346510
0.366000	0.284090
1.260000	1.144900
1.190000	1.815800
1.540000	1.637000
1.170000	0.901510
0.347000	0.196020
-0.311000	-0.341390
-0.737000	-0.626620
-1.120000	-1.011300
-1.400000	-1.532300
-0.643000	-0.549610
0.910000	0.227590
0.906000	0.398490
0.904000	0.793040
1.180000	0.765560
1.040000	0.965740
0.686000	0.485930
-0.082500	-0.317030
-0.644000	-0.675930
-1.090000	-1.191400
-1.550000	-1.318100
-1.470000	-1.623300
-1.080000	-0.540260
-0.480000	-0.277220
0.225000	0.470550
0.697000	1.384400
1.470000	1.722000
1.270000	1.566900
0.708000	0.633680
0.199000	0.245710
-0.268000	-0.289500
-0.791000	-0.698200
-1.170000	-0.914540
-1.390000	-1.753200
-0.996000	-0.948100
0.009170	0.075513
0.913000	0.472830
1.230000	1.117800
1.310000	1.387200
1.130000	1.434300
0.623000	0.525730
0.118000	0.176990
-0.347000	-0.211030
-0.749000	-0.792490
-1.200000	-1.195400
-1.460000	-1.488900
-0.563000	-0.731340
0.229000	-0.124450
0.570000	0.420030
1.360000	0.936360
1.180000	1.242200
1.180000	1.551800
0.964000	0.927330
0.531000	0.390170
-0.098200	-0.257000
-0.800000	-0.702910
-1.150000	-1.124100
-1.320000	-1.608600
-0.768000	-1.098700
-0.322000	-0.379000
0.867000	0.450920
