0.938000	0.752000
1.360000	1.212100
1.330000	1.475100
0.956000	1.294900
0.555000	0.910070
0.295000	0.599480
-0.628000	-0.436590
-1.240000	-0.726720
-1.220000	-1.378100
-0.676000	-1.176800
0.186000	0.100180
1.030000	0.356290
0.775000	0.595950
1.120000	0.822480
1.200000	0.752200
0.703000	0.638640
0.082800	-0.033610
-0.559000	-0.504390
-1.090000	-1.099200
-1.430000	-1.079900
-1.460000	-1.459800
-0.808000	-0.489580
-0.136000	-0.168630
0.866000	0.263160
1.310000	0.727970
1.090000	0.972520
0.937000	0.891010
0.583000	0.692470
-0.034200	0.166780
-0.610000	-0.222930
-1.170000	-0.869120
-1.630000	-1.561400
-1.780000	-1.611400
-1.620000	-0.879350
-0.657000	-0.250260
0.360000	-0.028072
1.280000	0.404650
1.250000	0.824330
1.220000	0.991310
0.956000	0.910290
0.350000	0.609640
-0.208000	0.103730
-0.711000	-0.443890
-1.270000	-0.993210
-1.390000	-2.011300
-0.729000	-0.491300
-0.183000	-0.152270
0.593000	0.211260
1.110000	0.571520
0.997000	0.745590
1.040000	0.806980
0.778000	0.605800
-0.024200	0.117530
-0.667000	-0.489970
-1.250000	-1.075500
-1.650000	-1.215800
-1.860000	-2.359800
-1.690000	-0.866710
-1.070000	-0.299540
0.448000	0.148760
1.120000	0.712760
1.240000	1.296600
1.320000	1.456300
1.050000	1.134600
0.420000	0.732100
-0.345000	0.153180
-0.806000	-0.402200
-1.290000	-0.738460
-1.470000	-1.588100
-0.869000	-0.255090
0.448000	0.039000
0.888000	0.230030
1.050000	0.556130
1.030000	0.759030
1.070000	0.750140
0.564000	0.602650
-0.072400	0.104950
-0.598000	-0.369440
-1.150000	-1.113400
-1.560000	-1.175700
-1.440000	-2.122500
-0.869000	-0.515610
-0.332000	-0.249070
0.623000	0.181640
1.000000	1.052400
1.250000	1.563200
0.979000	1.436400
0.721000	1.134000
0.226000	0.755680
-0.287000	0.183880
-0.820000	-0.350140
-1.260000	-0.603200
-1.450000	-2.250200
-0.921000	-0.960770
-0.111000	-0.010524
0.914000	0.320110
1.020000	0.735910
1.470000	1.038300
1.270000	1.149800
0.704000	1.000800
0.183000	0.626130
-0.289000	0.129010
-0.816000	-0.359770
-1.250000	-1.083500
-1.410000	-1.695000
-0.281000	-0.308560
0.042600	-0.049996
0.996000	0.236850
1.090000	0.588290
1.380000	0.985440
1.160000	1.221500
1.090000	1.126800
0.527000	0.831760
-0.110000	0.150860
-0.888000	-0.543420
-1.190000	-1.111000
-1.340000	-2.156900
-0.712000	-0.971240
-0.003320	-0.108090
0.861000	0.216040
