0.724000	0.766230
1.090000	1.597700
0.998000	1.414900
1.050000	1.059700
0.753000	0.440210
0.180000	0.157990
-0.582000	-0.612120
-1.150000	-0.834060
-1.180000	-1.327600
-0.721000	-1.092100
0.225000	0.349740
0.697000	0.531670
0.926000	0.694410
1.070000	0.845720
1.360000	0.726900
0.749000	0.513820
0.024500	-0.324640
-0.643000	-0.695570
-1.140000	-1.138800
-1.530000	-1.156900
-1.580000	-1.365500
-1.100000	-0.545810
-0.275000	-0.046653
0.901000	0.512970
1.110000	0.869670
1.020000	1.089700
1.060000	0.835040
0.632000	0.462300
0.014100	-0.169230
-0.476000	-0.485180
-1.060000	-0.979860
-1.520000	-1.492900
-1.680000	-1.536300
-1.460000	-0.887970
-0.293000	-0.235880
0.507000	0.290810
1.620000	1.048200
1.230000	1.054200
1.130000	1.583500
0.845000	0.765710
0.116000	0.165940
-0.410000	-0.229700
-0.891000	-0.647760
-1.340000	-1.063700
-1.510000	-1.792200
-0.819000	-0.606190
-0.247000	-0.133570
0.801000	0.322650
1.570000	0.618440
1.000000	0.652890
1.090000	0.788650
0.793000	0.366940
0.131000	-0.233850
-0.384000	-0.705160
-0.922000	-1.071500
-1.310000	-1.272400
-1.630000	-2.046100
-1.300000	-0.978710
-0.541000	-0.126840
0.642000	0.334110
1.200000	1.159000
1.150000	1.957200
1.460000	1.648900
1.120000	0.780370
0.359000	0.287720
-0.348000	-0.178250
-0.861000	-0.605010
-1.260000	-0.873710
-1.540000	-1.483500
-0.730000	-0.420980
0.898000	0.234240
0.909000	0.350820
0.879000	0.846360
1.180000	0.785620
1.030000	0.870450
0.618000	0.325850
-0.090300	-0.233630
-0.615000	-0.605030
-1.130000	-1.155400
-1.610000	-1.225700
-1.430000	-1.895400
-0.954000	-0.568470
-0.535000	-0.142970
0.196000	0.501660
0.933000	1.469300
1.290000	1.759900
1.080000	1.482000
0.740000	0.746530
0.270000	0.349390
-0.157000	-0.144120
-0.808000	-0.561760
-1.290000	-0.773880
-1.480000	-1.954600
-1.050000	-0.855070
-0.101000	0.320650
0.844000	0.579450
1.230000	1.108700
1.280000	1.325100
1.110000	1.400500
0.548000	0.634280
0.061800	0.237130
-0.441000	-0.144300
-0.900000	-0.582000
-1.340000	-1.122200
-1.630000	-1.556700
-0.723000	-0.423210
-0.021700	0.285290
0.534000	0.467050
1.480000	1.003600
1.150000	1.164400
1.300000	1.521900
0.996000	0.904590
0.473000	0.416820
-0.138000	-0.171470
-0.885000	-0.694770
-1.260000	-1.134700
-1.540000	-1.890600
-0.835000	-0.988100
-0.084000	-0.055342
1.040000	0.489950
