0.991000	0.543270
1.350000	0.570510
1.490000	0.570510
1.130000	0.568170
0.533000	0.493470
0.144000	0.444440
-0.649000	-0.655140
-1.030000	-0.760190
-1.280000	-1.338400
-1.150000	-0.918170
0.215000	0.560390
1.210000	0.561170
0.724000	0.565060
1.160000	0.562730
0.970000	0.454560
0.318000	0.503580
-0.289000	-0.094843
-0.892000	-0.456700
-1.190000	-1.027100
-1.430000	-0.801440
-1.500000	-1.151600
-1.160000	0.230440
-0.532000	0.514480
0.462000	0.563500
0.817000	0.558830
1.330000	0.570510
0.878000	0.549500
0.336000	0.518370
-0.405000	0.128500
-0.898000	-0.118190
-1.220000	-0.767200
-1.500000	-1.494000
-1.700000	-1.354000
-1.680000	-0.264490
-1.410000	0.518370
0.578000	0.563500
1.240000	0.569730
1.280000	0.568950
1.410000	0.570510
1.080000	0.568950
0.421000	0.478680
-0.133000	0.066942
-0.584000	-0.438020
-1.090000	-0.941510
-1.370000	-2.085400
-1.030000	0.102820
-0.643000	0.530040
0.405000	0.561950
0.759000	0.565060
1.110000	0.557280
0.995000	0.562730
0.884000	0.519930
0.058100	0.232000
-0.547000	-0.309620
-0.955000	-0.871470
-1.290000	-0.863690
-1.570000	-2.233300
-1.640000	-0.090952
-1.170000	0.509030
0.561000	0.568170
1.340000	0.570510
1.600000	0.570510
1.490000	0.570510
1.100000	0.567390
0.555000	0.458450
-0.184000	0.002571
-0.534000	-0.481600
-0.913000	-0.689380
-1.140000	-1.603000
-0.801000	0.282580
0.129000	0.559610
0.701000	0.565060
1.010000	0.565840
1.320000	0.546380
1.040000	0.540160
0.686000	0.540160
-0.050700	0.159620
-0.606000	-0.246590
-1.020000	-1.050500
-1.330000	-0.949290
-1.370000	-2.023200
-1.150000	0.270910
-0.191000	0.513700
0.438000	0.568170
0.914000	0.570510
1.430000	0.568950
1.140000	0.568950
0.616000	0.560390
0.124000	0.417200
-0.301000	-0.017880
-0.730000	-0.460590
-1.080000	-0.541520
-1.280000	-2.466800
-1.070000	-0.542300
0.243000	0.529260
1.100000	0.564280
1.320000	0.568170
1.490000	0.564280
1.230000	0.568950
0.756000	0.551830
0.223000	0.421100
-0.246000	0.036126
-0.596000	-0.373430
-0.927000	-1.112700
-1.180000	-1.704100
-0.669000	0.315260
0.087800	0.532380
0.788000	0.563500
1.140000	0.570510
1.220000	0.568950
1.240000	0.570510
1.130000	0.475570
0.606000	0.491130
-0.016000	-0.060680
-0.801000	-0.700270
-1.140000	-1.198300
-1.250000	-2.326700
-0.971000	-0.562530
-0.454000	0.501250
0.871000	0.568950
