0.962000	0.838770
1.280000	1.375600
1.410000	1.367100
0.976000	1.169100
0.698000	0.632050
0.387000	0.148830
-0.685000	-0.851670
-1.550000	-0.765650
-1.210000	-1.220100
-0.470000	-1.052900
0.261000	0.434670
0.841000	0.634020
0.844000	0.990700
0.962000	1.055500
0.990000	0.961790
0.676000	0.804180
0.168000	-0.135460
-0.413000	-0.588910
-1.060000	-0.988040
-1.450000	-1.020500
-1.570000	-1.408900
-0.728000	-0.354810
0.279000	0.292610
0.821000	0.577900
1.550000	0.948180
0.978000	1.113300
0.850000	1.083800
0.705000	0.767000
0.278000	0.105500
-0.201000	-0.360740
-0.930000	-1.026400
-1.600000	-1.513200
-1.760000	-1.406300
-1.430000	-0.829480
-0.082500	-0.045765
0.682000	0.346550
1.420000	0.833870
1.190000	0.803350
1.000000	1.381100
0.872000	0.843610
0.342000	0.025959
-0.215000	-0.387380
-0.819000	-0.812310
-1.370000	-1.103400
-1.370000	-1.926600
-0.555000	-0.529300
0.193000	0.172140
0.622000	0.585400
0.924000	0.764760
0.846000	0.898580
1.130000	0.883680
0.763000	0.561360
0.212000	-0.050106
-0.433000	-0.622410
-1.280000	-1.174800
-1.790000	-1.216900
-2.020000	-2.247700
-1.640000	-0.864650
-0.565000	-0.067013
0.438000	0.448810
0.854000	1.090500
1.150000	1.535000
1.070000	1.381600
0.884000	0.837840
0.420000	0.218090
-0.274000	-0.349030
-0.867000	-0.675250
-1.520000	-1.055100
-1.670000	-1.723700
-0.799000	-0.325960
0.676000	0.424890
1.060000	0.550600
0.962000	0.809960
0.806000	0.750480
1.070000	0.941950
0.592000	0.572220
0.010400	-0.236090
-0.568000	-0.632320
-1.210000	-1.279800
-1.690000	-1.343200
-1.660000	-1.825400
-0.777000	-0.247300
-0.152000	0.001413
0.722000	0.604650
0.671000	1.221600
1.140000	1.430300
0.914000	1.344400
0.786000	0.561660
0.386000	0.237100
-0.181000	-0.315380
-0.877000	-0.758730
-1.460000	-0.933080
-1.630000	-2.117500
-0.853000	-0.887900
-0.126000	0.244200
1.010000	0.566610
0.887000	1.068000
0.760000	1.253600
1.360000	1.270400
0.671000	0.490000
0.204000	0.210890
-0.284000	-0.200620
-0.962000	-0.814770
-1.510000	-1.320500
-1.650000	-1.688000
-0.376000	-0.491640
0.474000	0.050597
0.960000	0.548490
0.963000	0.925130
1.180000	1.145500
1.350000	1.358600
0.810000	0.802990
0.391000	0.394080
-0.249000	-0.288450
-0.879000	-0.806430
-1.310000	-1.275100
-1.530000	-1.934500
-0.795000	-1.026300
0.302000	-0.151400
1.030000	0.581510
