1.010000	0.690680
0.855000	0.888060
0.916000	0.989420
0.770000	0.918240
0.297000	0.714840
-0.055400	0.558980
-1.110000	-0.651710
-1.690000	-0.841030
-1.210000	-1.518700
-0.478000	-1.131000
0.557000	0.452160
1.030000	0.551420
1.070000	0.646630
1.190000	0.732200
1.040000	0.625290
0.792000	0.617720
0.289000	-0.082943
-0.346000	-0.531390
-1.090000	-1.181500
-1.520000	-1.007500
-1.200000	-1.412400
-0.349000	-0.018584
0.462000	0.314700
0.933000	0.517250
1.080000	0.692910
1.180000	0.795750
1.070000	0.748840
0.833000	0.649370
0.258000	0.159090
-0.349000	-0.173120
-1.030000	-0.901070
-1.610000	-1.704200
-1.310000	-1.620100
-0.633000	-0.534020
0.416000	0.286110
0.906000	0.405040
1.330000	0.576370
1.250000	0.737510
0.863000	0.802990
0.909000	0.770630
0.442000	0.588170
-0.260000	0.089370
-0.904000	-0.494290
-1.560000	-1.077500
-1.390000	-2.314000
-0.389000	-0.113430
0.458000	0.332490
0.879000	0.496110
1.050000	0.637220
0.992000	0.698550
0.985000	0.726230
0.781000	0.617120
0.183000	0.216500
-0.582000	-0.417290
-1.340000	-1.057600
-1.770000	-1.105900
-1.680000	-2.557400
-0.992000	-0.401080
0.085500	0.260240
0.594000	0.476620
0.907000	0.695670
1.050000	0.920640
1.010000	0.982180
0.845000	0.855910
0.417000	0.620420
-0.325000	0.060919
-1.070000	-0.510390
-1.760000	-0.793290
-1.630000	-1.794900
-0.408000	0.110250
0.761000	0.428010
1.140000	0.505640
0.599000	0.631870
1.040000	0.695690
0.819000	0.687670
0.748000	0.630840
0.203000	0.158240
-0.450000	-0.324330
-1.120000	-1.204200
-1.670000	-1.153600
-1.430000	-2.310900
-0.448000	0.001248
0.344000	0.283130
0.997000	0.489290
0.657000	0.826520
1.190000	1.022200
0.810000	0.973340
0.651000	0.850530
0.210000	0.599070
-0.473000	0.057657
-1.200000	-0.474820
-1.810000	-0.632060
-1.800000	-2.687500
-0.844000	-0.770410
0.493000	0.386530
0.963000	0.539770
1.030000	0.702860
1.100000	0.816510
0.864000	0.862930
0.616000	0.792870
0.148000	0.552020
-0.493000	0.076370
-1.260000	-0.414220
-1.830000	-1.238700
-1.900000	-1.910700
-0.637000	0.113760
0.668000	0.373620
0.869000	0.507120
0.919000	0.647700
0.842000	0.799590
0.745000	0.891680
0.600000	0.785150
0.250000	0.682940
-0.395000	0.013348
-1.160000	-0.726180
-1.740000	-1.312400
-1.750000	-2.548200
-0.974000	-0.789380
0.303000	0.328260
0.870000	0.503120
