0.861000	0.667610
1.060000	0.844540
1.130000	0.933890
0.918000	0.870900
0.431000	0.683510
-0.077500	0.540820
-1.120000	-0.645350
-1.710000	-0.823600
-1.230000	-1.483500
-0.243000	-1.096300
0.475000	0.459200
0.781000	0.546780
1.250000	0.631140
1.060000	0.706310
0.964000	0.600370
0.724000	0.599000
0.122000	-0.083374
-0.601000	-0.517820
-1.200000	-1.152600
-1.550000	-0.974840
-0.919000	-1.369600
-0.180000	0.008550
0.623000	0.333070
1.070000	0.516920
1.130000	0.671260
1.050000	0.763180
1.070000	0.719550
0.740000	0.628500
0.041300	0.154140
-0.599000	-0.165390
-1.310000	-0.877290
-1.720000	-1.663900
-1.200000	-1.574600
-0.385000	-0.499350
0.444000	0.308290
0.863000	0.418000
1.110000	0.569700
1.010000	0.711660
1.030000	0.769560
0.658000	0.740860
0.157000	0.570250
-0.614000	0.086021
-1.220000	-0.483100
-1.740000	-1.051700
-1.260000	-2.265400
-0.297000	-0.088864
0.346000	0.350430
1.100000	0.498110
1.100000	0.622840
0.836000	0.676060
0.941000	0.701040
0.606000	0.600240
0.060800	0.215940
-0.787000	-0.401340
-1.420000	-1.026500
-1.820000	-1.068200
-1.160000	-2.496000
-0.409000	-0.363390
0.290000	0.284470
1.050000	0.481610
0.842000	0.674950
0.708000	0.873260
0.795000	0.927510
0.823000	0.815860
0.315000	0.596500
-0.556000	0.053978
-1.220000	-0.502010
-1.810000	-0.773860
-1.610000	-1.755600
0.048100	0.127750
0.763000	0.437830
0.849000	0.506850
0.850000	0.618200
0.763000	0.672360
0.920000	0.664620
0.547000	0.614520
-0.245000	0.156760
-0.946000	-0.312570
-1.570000	-1.175200
-1.910000	-1.119600
-1.060000	-2.255900
-0.414000	0.030409
0.460000	0.305150
1.040000	0.492770
1.200000	0.790300
1.240000	0.962620
1.090000	0.919550
0.780000	0.810360
0.313000	0.573210
-0.559000	0.048890
-1.290000	-0.468380
-1.840000	-0.615740
-1.680000	-2.635900
-0.865000	-0.737780
0.478000	0.397990
0.750000	0.536850
1.140000	0.681040
1.220000	0.780800
0.947000	0.822230
0.587000	0.758610
0.160000	0.532160
-0.546000	0.071228
-1.280000	-0.405530
-1.860000	-1.212200
-1.620000	-1.868700
-0.101000	0.134390
0.594000	0.386940
0.849000	0.507990
0.996000	0.632670
0.782000	0.766380
1.050000	0.847730
0.762000	0.743550
0.306000	0.655140
-0.452000	0.005201
-1.200000	-0.715880
-1.560000	-1.286500
-1.550000	-2.497900
-0.586000	-0.756690
0.216000	0.343590
0.804000	0.505050
