1.180000	0.658080
0.866000	1.106100
1.200000	0.709630
0.866000	0.513970
0.456000	0.160770
0.027500	0.097747
-0.951000	-0.884200
-1.640000	-0.962090
-1.050000	-1.475300
0.084200	-0.994450
0.800000	0.816130
1.100000	0.779240
1.090000	0.740630
0.863000	0.695690
0.842000	0.531000
0.582000	0.468660
0.064400	-0.381120
-0.479000	-0.709640
-1.140000	-1.213500
-1.720000	-1.021100
-0.961000	-1.256700
0.142000	0.111130
0.730000	0.610850
1.380000	0.841210
0.803000	0.793840
1.220000	0.814400
1.040000	0.614910
0.698000	0.388690
0.088500	-0.174260
-0.388000	-0.401880
-1.060000	-0.991370
-1.880000	-1.638100
-1.450000	-1.498000
-0.317000	-0.390410
0.787000	0.499740
0.881000	0.869240
0.678000	1.247400
0.861000	0.902140
0.937000	1.276600
0.540000	0.551200
0.125000	0.131250
-0.425000	-0.241810
-1.070000	-0.695160
-1.870000	-1.143500
-1.720000	-2.144600
-0.527000	-0.073690
0.580000	0.528660
1.140000	0.698770
1.110000	0.687500
0.710000	0.567780
0.625000	0.653390
0.541000	0.370290
0.082600	-0.092043
-0.616000	-0.583660
-1.330000	-1.012300
-1.850000	-1.081800
-1.150000	-2.247600
-0.340000	-0.314990
0.316000	0.637030
0.853000	0.768250
0.891000	1.098300
0.635000	1.383500
0.741000	0.951850
0.620000	0.376650
0.274000	0.126650
-0.426000	-0.297760
-1.100000	-0.732220
-1.850000	-0.919740
-1.810000	-1.715800
0.066300	0.088471
0.778000	0.754620
0.493000	0.713480
0.850000	0.921700
0.698000	0.674100
0.953000	0.757390
0.683000	0.353410
-0.041200	-0.153820
-0.768000	-0.524200
-1.400000	-1.241100
-2.080000	-1.155900
-1.730000	-2.089400
-0.014300	0.151460
0.607000	0.583980
1.280000	0.902970
0.871000	1.115100
0.599000	0.968500
0.876000	0.805410
0.548000	0.337350
0.144000	0.125350
-0.542000	-0.310830
-1.260000	-0.712760
-2.000000	-0.787920
-1.690000	-2.484300
-0.596000	-0.568870
0.806000	0.849180
0.654000	0.858800
0.839000	1.027900
0.929000	0.981050
0.850000	0.965660
0.604000	0.331340
0.202000	0.128710
-0.378000	-0.211130
-1.090000	-0.637020
-1.910000	-1.296200
-1.930000	-1.798800
0.138000	0.163670
0.940000	0.851020
1.370000	0.818720
0.980000	1.051700
0.680000	0.874380
0.715000	1.024900
0.554000	0.411390
0.181000	0.201150
-0.328000	-0.352620
-1.160000	-0.920240
-1.590000	-1.371100
-1.610000	-2.359900
-0.378000	-0.709140
0.898000	0.538670
0.793000	0.863710
