1.040000	0.804880
1.300000	1.706100
1.510000	1.634000
1.240000	1.266400
0.698000	0.568880
0.313000	0.130490
-0.547000	-0.570890
-0.958000	-0.721830
-1.270000	-1.159300
-1.040000	-1.075800
0.250000	0.200680
1.320000	0.462440
0.635000	0.778020
1.070000	0.964390
0.882000	0.873970
0.366000	0.618840
-0.309000	-0.235890
-0.885000	-0.617820
-1.150000	-0.979800
-1.400000	-1.114500
-1.510000	-1.363200
-1.210000	-0.752530
-0.508000	-0.178320
0.418000	0.403730
0.809000	0.911600
1.490000	1.186800
0.898000	0.989060
0.300000	0.572150
-0.438000	-0.079329
-0.859000	-0.466040
-1.150000	-0.945780
-1.440000	-1.354300
-1.690000	-1.430100
-1.680000	-1.063200
-1.240000	-0.477660
0.365000	0.089219
1.170000	0.916170
1.150000	0.996540
1.430000	1.649400
1.090000	0.839490
0.415000	0.061516
-0.148000	-0.308130
-0.617000	-0.676950
-1.130000	-1.006100
-1.450000	-1.593200
-1.040000	-0.810450
-0.604000	-0.296630
0.431000	0.265360
0.694000	0.622850
0.912000	0.744910
0.969000	0.845030
0.808000	0.391650
-0.026400	-0.256320
-0.556000	-0.711340
-0.938000	-1.078700
-1.250000	-1.287000
-1.540000	-1.924700
-1.620000	-1.221400
-1.050000	-0.421130
0.624000	0.204650
1.340000	1.175000
1.580000	2.042100
1.500000	1.801500
1.090000	0.899610
0.597000	0.264270
-0.179000	-0.220110
-0.554000	-0.564780
-0.962000	-0.904880
-1.270000	-1.412900
-0.853000	-0.622390
0.031700	0.101910
0.695000	0.274080
0.955000	0.798160
1.230000	0.783210
0.948000	0.924870
0.708000	0.365910
0.032200	-0.299090
-0.529000	-0.638490
-0.950000	-1.106000
-1.330000	-1.252000
-1.380000	-1.678300
-1.160000	-0.744750
-0.137000	-0.387550
0.493000	0.398160
0.864000	1.520900
1.530000	1.917700
1.200000	1.663900
0.683000	0.758360
0.169000	0.329980
-0.295000	-0.167290
-0.718000	-0.567460
-1.070000	-0.821990
-1.340000	-1.678600
-1.100000	-0.970160
0.117000	0.085100
1.030000	0.465370
1.240000	1.129100
1.460000	1.428600
1.300000	1.515000
0.780000	0.624580
0.200000	0.213830
-0.256000	-0.155470
-0.663000	-0.642980
-1.030000	-1.082400
-1.380000	-1.434400
-0.594000	-0.729780
0.090700	-0.037561
0.842000	0.353220
1.220000	0.962080
1.240000	1.251300
1.260000	1.643100
1.160000	1.002200
0.674000	0.423400
-0.010200	-0.164680
-0.868000	-0.620920
-1.240000	-1.042200
-1.330000	-1.600100
-0.941000	-1.112000
-0.377000	-0.359910
0.962000	0.381950
