0.871000	0.890480
1.010000	1.286700
1.190000	1.316700
1.090000	1.154800
0.680000	0.603470
0.251000	0.070510
-0.758000	-1.015400
-1.520000	-0.811540
-1.370000	-1.210200
-0.473000	-0.962200
0.403000	0.472480
0.729000	0.690570
0.966000	1.046600
1.100000	1.078000
1.130000	0.988110
0.759000	0.823680
0.179000	-0.171290
-0.483000	-0.713430
-1.100000	-1.107900
-1.570000	-1.035000
-1.560000	-1.402900
-0.914000	-0.186940
-0.099200	0.406700
0.969000	0.633820
1.180000	0.984790
1.020000	1.107700
1.070000	1.116100
0.784000	0.799960
0.168000	0.083137
-0.383000	-0.439490
-1.140000	-1.163500
-1.730000	-1.609200
-1.580000	-1.365500
-0.888000	-0.671960
0.188000	0.108010
0.792000	0.406810
1.100000	0.790830
1.080000	0.793200
1.140000	1.290600
0.722000	0.848040
0.262000	-0.000378
-0.396000	-0.491360
-0.994000	-0.939150
-1.580000	-1.140500
-1.380000	-1.971100
-0.404000	-0.388040
0.252000	0.318450
0.927000	0.666510
1.070000	0.827150
0.961000	0.970230
1.030000	0.926180
0.684000	0.639820
0.194000	-0.002843
-0.538000	-0.664880
-1.130000	-1.282400
-1.680000	-1.195400
-1.490000	-2.249300
-0.695000	-0.634140
0.035200	0.083371
0.853000	0.483550
0.845000	1.020600
0.739000	1.392700
0.870000	1.271500
0.961000	0.833010
0.479000	0.178410
-0.287000	-0.446150
-0.977000	-0.780790
-1.650000	-1.110200
-1.890000	-1.739600
-0.367000	-0.180510
0.518000	0.488630
0.800000	0.618500
0.832000	0.823640
0.713000	0.781120
0.954000	0.963300
0.579000	0.614470
-0.111000	-0.249450
-0.759000	-0.734750
-1.430000	-1.428700
-1.880000	-1.402900
-1.290000	-1.815300
-0.505000	-0.073982
0.255000	0.121180
0.838000	0.596730
1.250000	1.114600
1.310000	1.340300
1.100000	1.274800
0.957000	0.566720
0.455000	0.234540
-0.261000	-0.412410
-0.950000	-0.876130
-1.650000	-0.961230
-1.900000	-2.152000
-1.100000	-0.716750
0.276000	0.291900
0.835000	0.563660
1.110000	1.051700
1.030000	1.205800
0.960000	1.187900
0.605000	0.504840
0.206000	0.204260
-0.421000	-0.281500
-1.080000	-0.939500
-1.730000	-1.386800
-1.870000	-1.662700
-0.313000	-0.298190
0.515000	0.127280
0.784000	0.612200
1.070000	0.913560
1.020000	1.156000
1.240000	1.313900
0.957000	0.808550
0.452000	0.424320
-0.153000	-0.376330
-0.895000	-0.912130
-1.270000	-1.334700
-1.670000	-1.936200
-0.764000	-0.857310
-0.049600	-0.024065
0.721000	0.608350
