1.160000	0.765250
1.530000	1.562900
1.420000	1.382900
0.877000	1.092600
0.238000	0.507710
0.027300	0.097894
-0.773000	-0.693510
-1.270000	-0.724680
-1.310000	-1.178600
-0.958000	-1.097100
0.312000	0.442470
1.180000	0.599410
1.090000	0.925110
1.170000	1.007900
0.855000	0.899170
0.297000	0.718640
-0.159000	-0.182390
-0.753000	-0.498090
-1.210000	-0.844640
-1.620000	-1.004900
-1.690000	-1.348600
-1.120000	-0.560990
-0.239000	0.175370
0.551000	0.566400
1.180000	0.924650
1.210000	1.128900
1.010000	1.002600
0.849000	0.637250
0.253000	0.020882
-0.297000	-0.349330
-0.711000	-0.882640
-1.350000	-1.342800
-1.690000	-1.390300
-1.300000	-0.990020
-0.395000	-0.226830
0.757000	0.351290
1.300000	1.046500
1.310000	0.868350
1.450000	1.626300
0.972000	0.775570
0.313000	-0.075611
-0.108000	-0.361720
-0.512000	-0.710330
-1.150000	-1.050300
-1.450000	-1.746400
-0.880000	-0.714180
-0.170000	-0.006245
0.650000	0.500530
0.991000	0.685700
1.120000	0.766280
1.000000	0.809240
0.558000	0.386570
-0.207000	-0.211070
-0.739000	-0.628250
-1.130000	-1.024700
-1.530000	-1.227800
-1.880000	-2.078300
-1.820000	-1.138200
-1.170000	-0.194870
0.390000	0.440610
1.770000	1.269600
1.460000	1.862500
1.200000	1.539900
0.750000	0.722610
0.162000	0.126980
-0.269000	-0.328090
-0.621000	-0.599260
-1.230000	-1.001700
-1.570000	-1.615100
-0.750000	-0.536110
0.206000	0.385740
0.789000	0.485140
1.060000	0.857370
1.230000	0.707750
0.992000	0.929570
0.744000	0.422710
0.088400	-0.318180
-0.326000	-0.576960
-0.796000	-1.092200
-1.310000	-1.255400
-1.590000	-1.711900
-0.739000	-0.465510
0.195000	-0.116330
0.922000	0.678630
-0.063500	1.438700
1.260000	1.570500
1.020000	1.413800
0.442000	0.438690
0.017600	0.119760
-0.367000	-0.293250
-0.837000	-0.667310
-1.320000	-0.923740
-1.510000	-1.914400
-0.969000	-1.019800
0.552000	0.272760
1.110000	0.623710
1.650000	1.168800
0.924000	1.364300
0.949000	1.410300
0.555000	0.361390
0.120000	0.099117
-0.278000	-0.187480
-0.626000	-0.718940
-1.080000	-1.214900
-1.400000	-1.616100
-0.839000	-0.731770
0.517000	0.057146
0.829000	0.522750
0.949000	1.034900
0.883000	1.162700
1.300000	1.472900
0.818000	0.722480
0.368000	0.232780
-0.140000	-0.275790
-0.608000	-0.707770
-1.100000	-1.173000
-1.480000	-1.784200
-1.090000	-1.188200
-0.173000	-0.280650
0.834000	0.606330
