1.310000	0.797360
1.300000	1.530300
1.180000	1.429100
0.874000	1.108500
0.370000	0.501040
0.069800	0.178500
-0.865000	-0.665410
-1.390000	-0.839790
-1.360000	-1.328200
-0.803000	-1.069900
0.280000	0.325830
0.959000	0.533640
0.952000	0.718720
1.060000	0.868850
1.070000	0.759130
0.757000	0.550480
0.316000	-0.299920
-0.272000	-0.728010
-0.860000	-1.186300
-1.380000	-1.160700
-1.490000	-1.386400
-0.687000	-0.483430
0.051500	-0.022193
0.523000	0.501880
0.999000	0.878580
1.310000	1.088900
1.050000	0.875360
0.897000	0.518590
0.393000	-0.131420
-0.119000	-0.490380
-0.735000	-1.033800
-1.360000	-1.547500
-1.540000	-1.532700
-1.120000	-0.836490
-0.140000	-0.189130
0.680000	0.263670
1.450000	0.944860
1.370000	1.025300
1.430000	1.485200
1.030000	0.798500
0.467000	0.204970
-0.104000	-0.241670
-0.638000	-0.686630
-1.200000	-1.076000
-1.350000	-1.840200
-0.927000	-0.548320
-0.016900	-0.084149
0.479000	0.342680
0.942000	0.646030
0.960000	0.709540
1.050000	0.821290
0.726000	0.438030
0.111000	-0.171290
-0.601000	-0.703600
-1.210000	-1.130600
-1.700000	-1.267500
-1.940000	-2.094800
-1.720000	-0.886800
-1.020000	-0.104810
0.067200	0.318380
1.120000	1.080900
1.380000	1.831900
1.170000	1.600800
0.836000	0.839760
0.339000	0.327880
-0.290000	-0.184000
-0.866000	-0.628820
-1.460000	-0.890720
-1.640000	-1.510700
-0.735000	-0.352860
0.184000	0.229120
1.010000	0.362540
1.230000	0.818760
1.130000	0.802870
1.070000	0.876170
0.797000	0.385980
0.222000	-0.203120
-0.376000	-0.629100
-0.965000	-1.223600
-1.390000	-1.258700
-1.590000	-1.919700
-0.841000	-0.502300
-0.004670	-0.122850
0.700000	0.452570
0.793000	1.384200
1.360000	1.722100
1.010000	1.471800
0.708000	0.806890
0.260000	0.402580
-0.343000	-0.148510
-0.946000	-0.592630
-1.460000	-0.774560
-1.740000	-2.003200
-1.090000	-0.806820
-0.136000	0.284250
0.910000	0.540710
1.120000	1.064300
0.999000	1.286000
0.957000	1.351900
0.623000	0.693600
0.212000	0.284650
-0.318000	-0.147850
-0.939000	-0.619220
-1.480000	-1.153300
-1.640000	-1.566400
-0.885000	-0.347460
0.156000	0.255020
0.770000	0.461240
0.680000	0.950330
1.150000	1.163000
1.280000	1.485800
0.868000	0.951610
0.424000	0.488400
-0.125000	-0.170500
-0.763000	-0.723300
-1.280000	-1.160900
-1.650000	-1.919200
-1.050000	-0.926830
-0.280000	-0.027982
0.875000	0.462280
