0.641000	0.742070
1.050000	1.141200
1.090000	1.366700
1.030000	1.211800
0.623000	0.868590
0.227000	0.593600
-0.621000	-0.491870
-1.380000	-0.759380
-1.300000	-1.421500
-0.826000	-1.173400
-0.116000	0.186540
0.408000	0.406170
0.599000	0.612250
1.050000	0.805970
1.160000	0.726310
0.676000	0.637790
0.040500	-0.045845
-0.653000	-0.514320
-1.430000	-1.126500
-1.950000	-1.069400
-2.000000	-1.457900
-1.490000	-0.378160
-0.598000	-0.052072
0.788000	0.326770
1.180000	0.724270
1.040000	0.935950
0.980000	0.862320
0.734000	0.686580
0.184000	0.166010
-0.319000	-0.212290
-1.070000	-0.882680
-1.690000	-1.606600
-1.780000	-1.624300
-1.470000	-0.801120
-0.092300	-0.121330
0.539000	0.077194
1.480000	0.449150
1.070000	0.808670
1.090000	0.952050
0.753000	0.882340
0.241000	0.608470
-0.294000	0.100920
-0.853000	-0.459110
-1.340000	-1.020300
-1.330000	-2.098400
-0.653000	-0.402560
-0.161000	-0.035252
0.794000	0.282020
1.040000	0.591320
1.020000	0.739100
1.140000	0.792690
0.717000	0.612580
0.245000	0.142410
-0.362000	-0.475530
-0.896000	-1.078300
-1.440000	-1.197100
-1.550000	-2.423600
-1.070000	-0.759100
-0.236000	-0.165240
0.731000	0.229570
0.996000	0.713340
0.932000	1.213700
1.180000	1.350600
1.080000	1.074300
0.508000	0.709780
-0.264000	0.131730
-1.030000	-0.431210
-1.670000	-0.756720
-1.920000	-1.649000
-0.621000	-0.167840
0.485000	0.133970
0.846000	0.298670
0.896000	0.578270
0.861000	0.748660
1.020000	0.739920
0.562000	0.613520
-0.070200	0.118620
-0.603000	-0.360910
-1.210000	-1.142900
-1.630000	-1.178100
-1.390000	-2.182500
-0.829000	-0.393200
-0.006570	-0.121140
0.610000	0.257750
0.941000	1.004400
1.300000	1.441900
1.220000	1.333200
0.973000	1.072500
0.541000	0.722570
-0.033200	0.154370
-0.648000	-0.382820
-1.260000	-0.614240
-1.550000	-2.371600
-0.983000	-0.920810
0.338000	0.086080
1.160000	0.375720
1.140000	0.732760
1.100000	0.991210
1.030000	1.087600
0.655000	0.956830
0.294000	0.612250
-0.196000	0.117050
-0.815000	-0.375420
-1.450000	-1.128500
-1.640000	-1.758800
-0.358000	-0.207790
0.509000	0.052813
0.883000	0.304230
1.300000	0.606670
1.110000	0.946750
1.350000	1.149300
1.020000	1.051100
0.506000	0.801060
0.087000	0.118380
-0.746000	-0.591530
-0.976000	-1.167400
-1.370000	-2.266500
-0.592000	-0.933420
0.039300	-0.002565
1.010000	0.287370
