0.872000	0.742480
1.650000	1.846600
1.590000	1.618600
1.060000	1.148900
0.279000	0.381240
-0.093600	0.045328
-0.748000	-0.446220
-1.020000	-0.728540
-1.220000	-1.132800
-1.280000	-1.039800
0.011500	0.173380
1.470000	0.412890
0.967000	0.627520
0.881000	0.842750
0.496000	0.738040
-0.130000	0.439960
-0.399000	-0.361770
-0.887000	-0.664450
-1.180000	-0.992950
-1.370000	-1.146600
-1.470000	-1.269800
-1.410000	-0.871160
-0.988000	-0.344640
0.187000	0.383510
0.521000	0.868040
1.390000	1.166200
0.752000	0.836450
0.186000	0.367530
-0.539000	-0.263490
-0.859000	-0.552960
-1.090000	-0.893250
-1.340000	-1.250800
-1.440000	-1.410800
-1.480000	-1.088700
-1.260000	-0.597530
0.370000	0.084899
1.200000	1.094100
1.260000	1.119200
1.440000	1.815800
1.020000	0.750640
0.348000	0.029247
-0.130000	-0.287100
-0.538000	-0.604120
-0.995000	-0.949260
-1.210000	-1.388000
-1.120000	-0.879010
-0.917000	-0.468170
0.227000	0.131230
0.909000	0.531100
1.190000	0.584500
0.831000	0.766790
0.609000	0.231900
-0.258000	-0.412310
-0.783000	-0.764740
-1.100000	-0.978440
-1.320000	-1.278700
-1.500000	-1.669100
-1.610000	-1.303200
-1.230000	-0.455260
0.649000	0.153080
1.670000	1.256000
1.640000	2.322300
1.610000	1.931700
1.040000	0.785700
0.384000	0.201860
-0.262000	-0.190420
-0.594000	-0.534050
-0.933000	-0.806070
-1.100000	-1.205300
-0.949000	-0.717080
0.031800	0.016065
0.632000	0.170780
1.290000	0.832840
1.470000	0.772960
1.110000	0.882990
0.621000	0.178370
-0.036300	-0.360610
-0.505000	-0.644130
-0.861000	-0.991860
-1.120000	-1.154100
-1.290000	-1.571100
-1.180000	-0.923890
-0.263000	-0.468730
0.632000	0.377370
1.260000	1.680000
1.550000	2.074900
1.290000	1.708200
0.623000	0.747900
0.111000	0.292070
-0.269000	-0.135920
-0.665000	-0.481160
-1.020000	-0.748580
-1.230000	-1.429800
-1.210000	-0.923170
0.515000	0.145060
1.210000	0.486320
1.700000	1.181100
1.400000	1.482300
1.350000	1.591500
0.810000	0.599230
0.336000	0.140380
-0.052900	-0.170710
-0.375000	-0.545850
-0.684000	-0.938040
-0.953000	-1.268500
-0.804000	-0.747480
-0.063900	0.092160
0.529000	0.321760
0.871000	1.038100
0.988000	1.258800
1.290000	1.739600
0.975000	0.985440
0.606000	0.337310
0.120000	-0.155470
-0.530000	-0.552180
-0.841000	-0.917900
-1.110000	-1.419500
-1.090000	-1.081700
-0.199000	-0.341710
1.070000	0.355840
