0.962000	0.608520
1.280000	0.639020
1.410000	0.639020
0.976000	0.636410
0.698000	0.552730
0.387000	0.497820
-0.685000	-0.733820
-1.550000	-0.851490
-1.210000	-1.499100
-0.470000	-1.028400
0.261000	0.627690
0.841000	0.628560
0.844000	0.632920
0.962000	0.630310
0.990000	0.509150
0.676000	0.564060
0.168000	-0.106230
-0.413000	-0.511550
-1.060000	-1.150500
-1.450000	-0.897690
-1.570000	-1.289900
-0.728000	0.258110
0.279000	0.576260
0.821000	0.631180
1.550000	0.625950
0.978000	0.639020
0.850000	0.615490
0.705000	0.580620
0.278000	0.143930
-0.201000	-0.132380
-0.930000	-0.859330
-1.600000	-1.673500
-1.760000	-1.516600
-1.430000	-0.296250
-0.082500	0.580620
0.682000	0.631180
1.420000	0.638150
1.190000	0.637280
1.000000	0.639020
0.872000	0.637280
0.342000	0.536170
-0.215000	0.074982
-0.819000	-0.490630
-1.370000	-1.054600
-1.370000	-2.335900
-0.555000	0.115160
0.193000	0.593700
0.622000	0.629440
0.924000	0.632920
0.846000	0.624210
1.130000	0.630310
0.763000	0.582370
0.212000	0.259860
-0.433000	-0.346810
-1.280000	-0.976130
-1.790000	-0.967420
-2.020000	-2.501500
-1.640000	-0.101870
-0.565000	0.570160
0.438000	0.636410
0.854000	0.639020
1.150000	0.639020
1.070000	0.639020
0.884000	0.635540
0.420000	0.513510
-0.274000	0.002880
-0.867000	-0.539440
-1.520000	-0.772170
-1.670000	-1.795500
-0.799000	0.316510
0.676000	0.626820
1.060000	0.632920
0.962000	0.633790
0.806000	0.612000
1.070000	0.605030
0.592000	0.605030
0.010400	0.178790
-0.568000	-0.276200
-1.210000	-1.176600
-1.690000	-1.063300
-1.660000	-2.266200
-0.777000	0.303440
-0.152000	0.575390
0.722000	0.636410
0.671000	0.639020
1.140000	0.637280
0.914000	0.637280
0.786000	0.627690
0.386000	0.467310
-0.181000	-0.020027
-0.877000	-0.515910
-1.460000	-0.606560
-1.630000	-2.763000
-0.853000	-0.607430
-0.126000	0.592830
1.010000	0.632050
0.887000	0.636410
0.760000	0.632050
1.360000	0.637280
0.671000	0.618100
0.204000	0.471670
-0.284000	0.040465
-0.962000	-0.418280
-1.510000	-1.246300
-1.650000	-1.908800
-0.376000	0.353120
0.474000	0.596310
0.960000	0.631180
0.963000	0.639020
1.180000	0.637280
1.350000	0.639020
0.810000	0.532680
0.391000	0.550120
-0.249000	-0.067968
-0.879000	-0.784370
-1.310000	-1.342200
-1.530000	-2.606100
-0.795000	-0.630090
0.302000	0.561450
1.030000	0.637280
