1.220000	0.796370
1.400000	1.548900
1.430000	1.390500
0.901000	1.107000
0.255000	0.495510
0.014000	0.047909
-0.805000	-0.766710
-1.310000	-0.740700
-1.280000	-1.158200
-0.856000	-1.049300
0.346000	0.441320
1.140000	0.618000
1.070000	0.953390
1.080000	1.027100
0.886000	0.922170
0.277000	0.727720
-0.170000	-0.203540
-0.799000	-0.564030
-1.250000	-0.898650
-1.630000	-1.017400
-1.650000	-1.344500
-1.050000	-0.510440
-0.216000	0.202040
0.728000	0.581910
1.230000	0.949300
1.270000	1.141400
1.010000	1.028900
0.837000	0.652280
0.221000	0.002426
-0.351000	-0.399800
-0.798000	-0.952900
-1.420000	-1.377000
-1.640000	-1.363100
-1.260000	-0.933860
-0.505000	-0.187270
0.772000	0.357270
1.350000	1.025700
1.390000	0.873070
1.480000	1.606800
0.994000	0.783960
0.336000	-0.100970
-0.127000	-0.424250
-0.551000	-0.777630
-1.140000	-1.063300
-1.360000	-1.737500
-0.783000	-0.672310
-0.054400	0.034098
0.771000	0.524300
1.040000	0.713990
1.150000	0.804840
1.030000	0.836300
0.602000	0.420210
-0.207000	-0.202640
-0.823000	-0.660270
-1.240000	-1.080600
-1.630000	-1.224300
-1.850000	-2.052700
-1.690000	-1.056000
-1.040000	-0.155440
0.358000	0.438160
1.620000	1.244800
1.360000	1.830900
1.110000	1.521100
0.721000	0.731130
0.129000	0.101950
-0.335000	-0.381080
-0.729000	-0.650500
-1.300000	-1.029300
-1.570000	-1.603100
-0.733000	-0.492710
0.233000	0.394410
0.987000	0.502650
1.200000	0.864960
1.290000	0.727810
1.030000	0.947820
0.782000	0.435580
0.138000	-0.338290
-0.343000	-0.639260
-0.828000	-1.162200
-1.310000	-1.288100
-1.520000	-1.682000
-0.714000	-0.414850
0.122000	-0.091946
0.634000	0.659060
0.180000	1.408700
1.370000	1.566900
1.030000	1.412000
0.497000	0.450460
0.012600	0.118190
-0.444000	-0.343480
-0.911000	-0.724440
-1.360000	-0.940420
-1.480000	-1.887500
-0.926000	-0.941880
0.436000	0.274600
1.270000	0.611130
1.590000	1.171100
0.931000	1.362300
0.877000	1.393900
0.496000	0.373300
0.105000	0.090139
-0.315000	-0.232940
-0.692000	-0.785840
-1.180000	-1.237500
-1.390000	-1.580400
-0.770000	-0.667460
0.369000	0.071187
0.848000	0.540670
1.030000	1.033700
0.942000	1.185600
1.120000	1.480400
0.785000	0.743870
0.336000	0.247760
-0.163000	-0.319890
-0.664000	-0.751900
-1.150000	-1.187700
-1.450000	-1.744100
-1.050000	-1.113900
-0.116000	-0.247830
0.743000	0.605060
