0.954000	0.775280
1.270000	1.745000
1.450000	1.586700
1.100000	1.172000
0.561000	0.460780
0.181000	0.120520
-0.651000	-0.521290
-1.050000	-0.774290
-1.240000	-1.225100
-1.060000	-1.074300
0.282000	0.213590
1.260000	0.451770
0.865000	0.665430
1.210000	0.866620
0.939000	0.761460
0.208000	0.495300
-0.347000	-0.328220
-0.893000	-0.687850
-1.200000	-1.077500
-1.420000	-1.168100
-1.480000	-1.340300
-1.110000	-0.747180
-0.517000	-0.245660
0.572000	0.416060
0.868000	0.879230
1.180000	1.153600
0.845000	0.870010
0.489000	0.442690
-0.261000	-0.200530
-0.848000	-0.525250
-1.190000	-0.953250
-1.490000	-1.383000
-1.660000	-1.484000
-1.590000	-1.019200
-1.310000	-0.466050
0.480000	0.128260
1.160000	1.019800
1.250000	1.092200
1.420000	1.695000
1.080000	0.791050
0.434000	0.119570
-0.112000	-0.256180
-0.585000	-0.632380
-1.110000	-1.007000
-1.310000	-1.586100
-0.977000	-0.771510
-0.590000	-0.342980
0.444000	0.200910
0.970000	0.578770
1.190000	0.646100
1.050000	0.801960
0.813000	0.324650
-0.074700	-0.312580
-0.704000	-0.744210
-1.080000	-1.051300
-1.380000	-1.294900
-1.590000	-1.869100
-1.640000	-1.173000
-1.270000	-0.351790
0.403000	0.201590
1.350000	1.188600
1.520000	2.150300
1.420000	1.839100
1.080000	0.842620
0.520000	0.278140
-0.212000	-0.171270
-0.576000	-0.564970
-0.973000	-0.842540
-1.180000	-1.341200
-0.770000	-0.591460
0.183000	0.078327
0.680000	0.233540
1.070000	0.824660
1.290000	0.796500
1.100000	0.889660
0.753000	0.272720
-0.024000	-0.290620
-0.608000	-0.636800
-1.030000	-1.090100
-1.340000	-1.209700
-1.390000	-1.736400
-1.100000	-0.789210
-0.103000	-0.363020
0.524000	0.389450
1.010000	1.580000
1.470000	1.977300
1.190000	1.654400
0.674000	0.807920
0.209000	0.362570
-0.232000	-0.122550
-0.693000	-0.516540
-1.070000	-0.760930
-1.280000	-1.675700
-1.000000	-0.905120
0.402000	0.174750
1.130000	0.497200
1.410000	1.138000
1.410000	1.422600
1.240000	1.520800
0.773000	0.667490
0.214000	0.218620
-0.300000	-0.149010
-0.690000	-0.568660
-1.020000	-1.028800
-1.200000	-1.404600
-0.744000	-0.612950
0.089800	0.129010
0.775000	0.361870
1.040000	0.999610
1.230000	1.237600
1.240000	1.663900
1.010000	1.006900
0.531000	0.423790
-0.095400	-0.143530
-0.884000	-0.613350
-1.210000	-1.018800
-1.280000	-1.637200
-0.965000	-1.045200
-0.531000	-0.241340
0.759000	0.381800
