0.754000	0.760410
1.210000	1.536300
1.040000	1.338500
0.989000	1.007100
0.650000	0.424870
0.145000	0.167950
-0.690000	-0.650190
-1.370000	-0.857780
-1.240000	-1.365900
-0.921000	-1.095300
0.010200	0.408300
0.514000	0.565430
0.729000	0.705610
1.030000	0.834850
1.290000	0.710120
0.679000	0.518580
0.029200	-0.325620
-0.652000	-0.699000
-1.270000	-1.161500
-1.680000	-1.149800
-1.730000	-1.371000
-1.180000	-0.461110
-0.298000	0.037713
1.090000	0.554740
1.240000	0.864840
1.170000	1.061400
1.110000	0.817420
0.785000	0.466420
0.132000	-0.159650
-0.321000	-0.470180
-1.070000	-0.989400
-1.630000	-1.533500
-1.750000	-1.552700
-1.460000	-0.830900
0.006470	-0.139270
0.543000	0.361330
1.540000	1.064500
1.030000	1.038000
0.968000	1.539500
0.722000	0.751250
0.126000	0.179560
-0.382000	-0.221920
-0.940000	-0.654680
-1.350000	-1.085000
-1.350000	-1.870200
-0.674000	-0.537000
-0.167000	-0.045840
0.726000	0.373680
1.150000	0.633710
0.970000	0.652740
1.100000	0.780620
0.724000	0.380680
0.185000	-0.204530
-0.345000	-0.689400
-0.933000	-1.076800
-1.380000	-1.260000
-1.600000	-2.110200
-1.200000	-0.896360
-0.414000	-0.030860
0.701000	0.390450
1.030000	1.148600
0.974000	1.879000
1.290000	1.567300
1.050000	0.748060
0.370000	0.285670
-0.389000	-0.184520
-1.040000	-0.622290
-1.520000	-0.885730
-1.710000	-1.537100
-0.764000	-0.350780
0.862000	0.300710
0.841000	0.400010
0.819000	0.856350
1.060000	0.779130
1.070000	0.861350
0.485000	0.343760
-0.159000	-0.213220
-0.647000	-0.592810
-1.180000	-1.179700
-1.610000	-1.229400
-1.540000	-1.953400
-0.937000	-0.475610
-0.232000	-0.049760
0.412000	0.550650
0.992000	1.423900
1.230000	1.666700
1.110000	1.406500
0.848000	0.714280
0.369000	0.338140
-0.148000	-0.156510
-0.813000	-0.581420
-1.360000	-0.779030
-1.590000	-2.061500
-1.010000	-0.830530
0.230000	0.384300
0.940000	0.615030
1.200000	1.097600
1.180000	1.284000
1.110000	1.349400
0.615000	0.614340
0.195000	0.239580
-0.279000	-0.145130
-0.844000	-0.588470
-1.380000	-1.158200
-1.570000	-1.613800
-0.498000	-0.344390
0.310000	0.353420
0.790000	0.512160
1.470000	1.007200
1.120000	1.132700
1.270000	1.462000
1.020000	0.856790
0.468000	0.407850
-0.088800	-0.186370
-0.833000	-0.728410
-1.170000	-1.179900
-1.380000	-1.987400
-0.628000	-0.961680
0.352000	0.022824
1.170000	0.536740
