1.300000	0.732150
1.460000	1.785300
1.710000	1.709700
1.380000	1.284000
0.803000	0.582770
0.414000	0.214580
-0.444000	-0.329320
-0.775000	-0.653270
-1.210000	-1.123300
-1.340000	-1.111800
-0.020000	0.059584
1.020000	0.330770
0.476000	0.614750
0.879000	0.870140
0.627000	0.785010
0.062800	0.515790
-0.304000	-0.225550
-0.775000	-0.527910
-1.010000	-0.890070
-1.240000	-1.106000
-1.410000	-1.315200
-1.510000	-0.962320
-1.090000	-0.435320
0.008300	0.268090
0.453000	0.827470
1.230000	1.161200
0.413000	0.893280
-0.161000	0.471070
-0.738000	-0.111680
-1.030000	-0.424440
-1.200000	-0.798000
-1.400000	-1.213000
-1.530000	-1.435200
-1.610000	-1.196800
-1.470000	-0.707990
0.578000	-0.073703
1.140000	0.882360
1.280000	1.030500
1.340000	1.684900
0.960000	0.819060
0.365000	0.149470
-0.131000	-0.163190
-0.590000	-0.503730
-1.050000	-0.910200
-1.240000	-1.421300
-1.070000	-0.948320
-0.817000	-0.551660
0.353000	0.070407
0.553000	0.503820
0.618000	0.620460
0.859000	0.776200
0.793000	0.290810
0.032100	-0.317990
-0.467000	-0.677920
-0.855000	-0.945720
-1.160000	-1.279700
-1.430000	-1.774100
-1.580000	-1.423400
-0.775000	-0.632320
0.652000	0.066513
1.630000	1.158300
1.740000	2.184200
1.710000	1.945200
1.310000	0.930310
0.831000	0.350420
0.093600	-0.064199
-0.242000	-0.423390
-0.644000	-0.764780
-0.959000	-1.247100
-0.797000	-0.769250
-0.006330	-0.082778
0.735000	0.104970
1.190000	0.731230
1.410000	0.752840
1.050000	0.858160
0.758000	0.273060
0.111000	-0.263940
-0.412000	-0.535280
-0.812000	-0.916800
-1.120000	-1.133600
-1.190000	-1.614300
-1.120000	-1.002900
-0.647000	-0.594610
0.584000	0.274940
1.030000	1.604000
1.510000	2.074400
1.410000	1.762200
0.895000	0.858420
0.405000	0.408880
-0.087500	-0.007065
-0.508000	-0.380410
-0.869000	-0.709950
-1.140000	-1.480600
-1.280000	-1.068800
0.036100	-0.027912
0.941000	0.389690
1.400000	1.083000
1.270000	1.440700
1.250000	1.575700
0.874000	0.696880
0.268000	0.259040
-0.199000	-0.055141
-0.608000	-0.451670
-0.962000	-0.911080
-1.270000	-1.322800
-1.060000	-0.871250
-0.473000	-0.125210
0.615000	0.208740
1.070000	0.909100
1.340000	1.222200
1.320000	1.689800
1.100000	1.068600
0.748000	0.453530
0.097500	-0.023043
-0.697000	-0.454990
-1.090000	-0.884410
-1.330000	-1.464400
-1.360000	-1.191500
-0.970000	-0.484380
0.780000	0.249110
