1.360000	0.821450
1.390000	1.523200
1.530000	1.419600
0.908000	1.157000
0.297000	0.552600
0.103000	0.074710
-0.774000	-0.796360
-1.340000	-0.745630
-1.300000	-1.171700
-0.807000	-1.057100
0.479000	0.427230
1.110000	0.621350
0.964000	0.980030
1.090000	1.055900
0.931000	0.956200
0.383000	0.765730
-0.028800	-0.178700
-0.629000	-0.573450
-1.160000	-0.922990
-1.630000	-1.026000
-1.620000	-1.376300
-0.813000	-0.488220
-0.157000	0.215590
0.659000	0.575000
1.040000	0.962330
1.220000	1.153600
1.040000	1.069400
0.761000	0.701990
0.133000	0.039228
-0.452000	-0.393350
-0.916000	-0.983760
-1.530000	-1.419500
-1.730000	-1.379000
-1.330000	-0.926430
-0.389000	-0.170380
0.675000	0.336480
1.340000	0.964400
1.280000	0.857270
1.350000	1.560500
0.959000	0.816750
0.332000	-0.072615
-0.161000	-0.425630
-0.651000	-0.799640
-1.250000	-1.080000
-1.380000	-1.790200
-0.800000	-0.654250
-0.092500	0.058592
0.632000	0.540160
0.964000	0.736360
1.260000	0.849470
1.150000	0.864630
0.756000	0.469460
0.018500	-0.161550
-0.604000	-0.657890
-1.100000	-1.121900
-1.600000	-1.235700
-1.860000	-2.116600
-1.680000	-1.029200
-0.927000	-0.158380
0.499000	0.430960
1.500000	1.210200
1.270000	1.769100
1.090000	1.510300
0.717000	0.782850
0.150000	0.136240
-0.321000	-0.379240
-0.755000	-0.661650
-1.370000	-1.049200
-1.540000	-1.645000
-0.696000	-0.465460
0.276000	0.392180
1.010000	0.512770
1.060000	0.852050
1.140000	0.742820
1.040000	0.960430
0.744000	0.483570
0.129000	-0.317370
-0.359000	-0.649000
-0.889000	-1.206200
-1.400000	-1.320000
-1.550000	-1.719900
-0.678000	-0.386560
0.131000	-0.089441
0.722000	0.635840
0.540000	1.371100
1.490000	1.559500
1.070000	1.424600
0.506000	0.493170
0.051300	0.155480
-0.421000	-0.340490
-0.955000	-0.742590
-1.430000	-0.950710
-1.560000	-1.945400
-0.931000	-0.941920
0.289000	0.244950
1.130000	0.591190
1.420000	1.153000
1.030000	1.352900
0.939000	1.381400
0.559000	0.414300
0.131000	0.125930
-0.301000	-0.227590
-0.803000	-0.808500
-1.370000	-1.269400
-1.450000	-1.613100
-0.624000	-0.646770
0.292000	0.036297
0.766000	0.536460
0.979000	1.006600
1.090000	1.194500
1.110000	1.471400
0.867000	0.781330
0.393000	0.297010
-0.137000	-0.313010
-0.750000	-0.769000
-1.230000	-1.215500
-1.470000	-1.787800
-1.020000	-1.106200
-0.157000	-0.248570
0.680000	0.591370
