0.991000	0.774230
1.350000	1.754000
1.490000	1.602500
1.130000	1.183500
0.533000	0.465710
0.144000	0.119570
-0.649000	-0.508400
-1.030000	-0.764790
-1.280000	-1.210900
-1.150000	-1.070300
0.215000	0.195800
1.210000	0.440270
0.724000	0.659720
1.160000	0.866600
0.970000	0.763630
0.318000	0.492990
-0.289000	-0.325460
-0.892000	-0.683720
-1.190000	-1.067600
-1.430000	-1.165800
-1.500000	-1.334900
-1.160000	-0.767400
-0.532000	-0.268320
0.462000	0.402150
0.817000	0.876950
1.330000	1.156900
0.878000	0.872200
0.336000	0.441240
-0.405000	-0.200830
-0.898000	-0.526300
-1.220000	-0.946990
-1.500000	-1.367800
-1.700000	-1.475000
-1.680000	-1.031300
-1.410000	-0.490770
0.578000	0.107160
1.240000	1.008900
1.280000	1.091900
1.410000	1.698500
1.080000	0.793070
0.421000	0.117650
-0.133000	-0.255820
-0.584000	-0.627430
-1.090000	-0.997530
-1.370000	-1.560800
-1.030000	-0.787170
-0.643000	-0.365730
0.405000	0.185880
0.759000	0.572500
1.110000	0.644460
0.995000	0.801590
0.884000	0.321020
0.058100	-0.317780
-0.547000	-0.744980
-0.955000	-1.046500
-1.290000	-1.293700
-1.570000	-1.847100
-1.640000	-1.190900
-1.170000	-0.377490
0.561000	0.184750
1.340000	1.185300
1.600000	2.161200
1.490000	1.854200
1.100000	0.850330
0.555000	0.279950
-0.184000	-0.167390
-0.534000	-0.557430
-0.913000	-0.835840
-1.140000	-1.322800
-0.801000	-0.607740
0.129000	0.059099
0.701000	0.218850
1.010000	0.817820
1.320000	0.795510
1.040000	0.888610
0.686000	0.268310
-0.050700	-0.293550
-0.606000	-0.636870
-1.020000	-1.079700
-1.330000	-1.204400
-1.370000	-1.716100
-1.150000	-0.811520
-0.191000	-0.387600
0.438000	0.373330
0.914000	1.585100
1.430000	1.995100
1.140000	1.669200
0.616000	0.815890
0.124000	0.366410
-0.301000	-0.117190
-0.730000	-0.508480
-1.080000	-0.756200
-1.280000	-1.642700
-1.070000	-0.909300
0.243000	0.155310
1.100000	0.484650
1.320000	1.135500
1.490000	1.427600
1.230000	1.528400
0.756000	0.672490
0.223000	0.219130
-0.246000	-0.146970
-0.596000	-0.563950
-0.927000	-1.015500
-1.180000	-1.385200
-0.669000	-0.631740
0.087800	0.108480
0.788000	0.347330
1.140000	0.993310
1.220000	1.241300
1.240000	1.673200
1.130000	1.017700
0.606000	0.426850
-0.016000	-0.137450
-0.801000	-0.601480
-1.140000	-1.003100
-1.250000	-1.606800
-0.971000	-1.048800
-0.454000	-0.261990
0.871000	0.366530
