0.920000	0.883930
1.270000	1.631500
1.450000	1.632900
1.050000	1.317400
0.559000	0.582660
0.200000	0.009878
-0.717000	-0.785190
-1.150000	-0.729180
-1.160000	-1.075100
-0.769000	-0.966430
0.308000	0.231510
1.100000	0.533210
0.801000	0.926880
1.200000	1.066600
1.110000	0.989710
0.570000	0.719730
-0.158000	-0.228390
-0.901000	-0.711860
-1.230000	-1.025500
-1.410000	-1.094400
-1.370000	-1.358800
-0.855000	-0.609330
-0.155000	-0.023108
0.614000	0.460050
1.050000	0.987220
1.150000	1.223100
1.080000	1.113400
0.519000	0.683050
-0.318000	-0.043601
-0.936000	-0.532830
-1.270000	-1.090900
-1.530000	-1.409600
-1.690000	-1.326500
-1.600000	-0.945320
-0.987000	-0.353550
0.091000	0.126350
0.926000	0.838440
1.200000	0.934990
1.410000	1.580300
1.040000	0.870870
0.388000	-0.056698
-0.194000	-0.491960
-0.684000	-0.861340
-1.150000	-1.040200
-1.240000	-1.592200
-0.773000	-0.721110
-0.239000	-0.132930
0.574000	0.392550
0.938000	0.720360
1.050000	0.887260
0.999000	0.922270
0.854000	0.499860
-0.092100	-0.203550
-0.799000	-0.754440
-1.230000	-1.209500
-1.510000	-1.262600
-1.690000	-1.910400
-1.660000	-1.046200
-1.260000	-0.330860
0.341000	0.239500
1.140000	1.128900
1.410000	1.886200
1.330000	1.694800
1.070000	0.915160
0.475000	0.170680
-0.296000	-0.389100
-0.721000	-0.688230
-1.120000	-1.016700
-1.210000	-1.450900
-0.622000	-0.528020
0.364000	0.181330
0.908000	0.370130
1.180000	0.811990
1.250000	0.807970
1.130000	0.985820
0.707000	0.450360
-0.029300	-0.356900
-0.647000	-0.773630
-1.120000	-1.269600
-1.420000	-1.347500
-1.330000	-1.574600
-0.856000	-0.560090
-0.346000	-0.300880
0.582000	0.405480
1.080000	1.408800
1.550000	1.820100
1.160000	1.622100
0.695000	0.700040
0.157000	0.268600
-0.428000	-0.330610
-0.897000	-0.742910
-1.200000	-0.909790
-1.320000	-1.645700
-0.972000	-0.831740
0.141000	0.073395
1.100000	0.446120
1.110000	1.138000
1.500000	1.417500
1.300000	1.457600
0.734000	0.579750
0.173000	0.166360
-0.377000	-0.271340
-0.847000	-0.849930
-1.230000	-1.181500
-1.180000	-1.391200
-0.487000	-0.647940
0.000899	-0.078057
1.020000	0.417950
1.190000	0.953210
1.320000	1.296400
1.130000	1.622100
1.040000	0.998680
0.527000	0.420220
-0.143000	-0.298560
-0.953000	-0.739610
-1.260000	-1.106200
-1.220000	-1.507800
-0.825000	-0.988540
-0.287000	-0.336780
0.829000	0.416890
