1.040000	0.779940
1.300000	1.735300
1.510000	1.608800
1.240000	1.201400
0.698000	0.498440
0.313000	0.151490
-0.547000	-0.508650
-0.958000	-0.769510
-1.270000	-1.233000
-1.040000	-1.087000
0.250000	0.191720
1.320000	0.439100
0.635000	0.661780
1.070000	0.871730
0.882000	0.769890
0.366000	0.506910
-0.309000	-0.309760
-0.885000	-0.678560
-1.150000	-1.079600
-1.400000	-1.171000
-1.510000	-1.355300
-1.210000	-0.756330
-0.508000	-0.264050
0.418000	0.397130
0.809000	0.875490
1.490000	1.155700
0.898000	0.881400
0.300000	0.461450
-0.438000	-0.179080
-0.859000	-0.511650
-1.150000	-0.950790
-1.440000	-1.393000
-1.690000	-1.497500
-1.680000	-1.030800
-1.240000	-0.479490
0.365000	0.099776
1.170000	0.979530
1.150000	1.084700
1.430000	1.668600
1.090000	0.807860
0.415000	0.150340
-0.148000	-0.235090
-0.617000	-0.621490
-1.130000	-1.006600
-1.450000	-1.604400
-1.040000	-0.775190
-0.604000	-0.355060
0.431000	0.189440
0.694000	0.577790
0.912000	0.656900
0.969000	0.809310
0.808000	0.342310
-0.026400	-0.292680
-0.556000	-0.735450
-0.938000	-1.058000
-1.250000	-1.300600
-1.540000	-1.897400
-1.620000	-1.180800
-1.050000	-0.375590
0.624000	0.184390
1.340000	1.165900
1.580000	2.125400
1.500000	1.845500
1.090000	0.876280
0.597000	0.311520
-0.179000	-0.148410
-0.554000	-0.552710
-0.962000	-0.837380
-1.270000	-1.352300
-0.853000	-0.590450
0.031700	0.058632
0.695000	0.221800
0.955000	0.808640
1.230000	0.800500
0.948000	0.887910
0.708000	0.292310
0.032200	-0.270630
-0.529000	-0.625560
-0.950000	-1.092000
-1.330000	-1.213700
-1.380000	-1.758200
-1.160000	-0.799660
-0.137000	-0.381920
0.493000	0.364690
0.864000	1.565400
1.530000	1.985500
1.200000	1.669400
0.683000	0.843700
0.169000	0.394710
-0.295000	-0.099021
-0.718000	-0.503110
-1.070000	-0.753400
-1.340000	-1.697200
-1.100000	-0.920910
0.117000	0.146370
1.030000	0.478730
1.240000	1.120300
1.460000	1.415700
1.300000	1.518000
0.780000	0.699670
0.200000	0.247270
-0.256000	-0.130630
-0.663000	-0.556100
-1.030000	-1.029400
-1.380000	-1.418100
-0.594000	-0.616530
0.090700	0.099605
0.842000	0.343640
1.220000	0.976540
1.240000	1.236200
1.260000	1.659400
1.160000	1.033900
0.674000	0.456720
-0.010200	-0.120300
-0.868000	-0.603450
-1.240000	-1.019400
-1.330000	-1.657400
-0.941000	-1.053400
-0.377000	-0.254220
0.962000	0.360460
