1.030000	0.747880
1.160000	1.384000
1.110000	1.194000
0.883000	0.923650
0.407000	0.433850
0.057600	0.224180
-0.930000	-0.710340
-1.600000	-0.895440
-1.360000	-1.445200
-0.628000	-1.108800
0.303000	0.502450
0.884000	0.617110
0.945000	0.719450
1.090000	0.811670
1.070000	0.679360
0.847000	0.538310
0.321000	-0.303390
-0.312000	-0.689910
-0.987000	-1.202800
-1.480000	-1.129600
-1.370000	-1.389600
-0.492000	-0.290340
0.218000	0.193050
0.665000	0.615940
0.999000	0.843650
1.390000	0.996080
1.130000	0.787570
0.927000	0.493660
0.371000	-0.112970
-0.216000	-0.419010
-0.877000	-0.998970
-1.490000	-1.619000
-1.410000	-1.591300
-0.748000	-0.718300
0.209000	0.049022
0.765000	0.473190
1.340000	1.043200
1.290000	0.987290
1.240000	1.404000
1.010000	0.734970
0.457000	0.243140
-0.186000	-0.178990
-0.812000	-0.651350
-1.390000	-1.121100
-1.430000	-2.041500
-0.652000	-0.391790
0.220000	0.124680
0.721000	0.464520
0.795000	0.659800
1.110000	0.660200
1.050000	0.766450
0.748000	0.427490
0.168000	-0.117850
-0.579000	-0.640650
-1.280000	-1.087500
-1.810000	-1.231200
-1.770000	-2.262100
-1.160000	-0.725600
-0.161000	0.143040
0.519000	0.485580
0.755000	1.091200
1.070000	1.670800
1.100000	1.391400
0.898000	0.714180
0.398000	0.318590
-0.307000	-0.169300
-0.990000	-0.639390
-1.650000	-0.898150
-1.690000	-1.651200
-0.493000	-0.199330
0.539000	0.414900
1.120000	0.486490
0.885000	0.851880
1.130000	0.764240
0.999000	0.833570
0.819000	0.401930
0.211000	-0.145050
-0.406000	-0.549330
-1.060000	-1.224000
-1.560000	-1.232700
-1.500000	-2.086200
-0.428000	-0.289110
0.392000	0.124240
0.905000	0.620180
0.839000	1.300300
1.270000	1.467600
0.924000	1.254800
0.697000	0.683290
0.254000	0.349840
-0.427000	-0.153590
-1.090000	-0.602450
-1.690000	-0.775000
-1.870000	-2.295900
-0.929000	-0.791250
-0.087000	0.481660
0.720000	0.663320
0.884000	1.045000
1.040000	1.179800
1.000000	1.228400
0.688000	0.605710
0.200000	0.276730
-0.432000	-0.124050
-1.120000	-0.582750
-1.690000	-1.225800
-1.850000	-1.737500
-0.826000	-0.180280
0.336000	0.459210
0.702000	0.581550
0.819000	0.979880
1.120000	1.055700
0.985000	1.319600
0.801000	0.781570
0.361000	0.424760
-0.309000	-0.188840
-1.030000	-0.781870
-1.650000	-1.266700
-1.810000	-2.199600
-1.030000	-0.908540
-0.045700	0.171750
0.789000	0.605790
