1.300000	0.729340
1.460000	1.794900
1.710000	1.706000
1.380000	1.265100
0.803000	0.554800
0.414000	0.214520
-0.444000	-0.316900
-0.775000	-0.675100
-1.210000	-1.147800
-1.340000	-1.105700
-0.020000	0.050065
1.020000	0.321970
0.476000	0.570910
0.879000	0.836030
0.627000	0.747720
0.062800	0.471360
-0.304000	-0.259490
-0.775000	-0.567730
-1.010000	-0.943700
-1.240000	-1.132800
-1.410000	-1.311500
-1.510000	-0.956390
-1.090000	-0.471190
0.008300	0.264560
0.453000	0.817290
1.230000	1.151800
0.413000	0.855570
-0.161000	0.429480
-0.738000	-0.156160
-1.030000	-0.454630
-1.200000	-0.815580
-1.400000	-1.235900
-1.530000	-1.457000
-1.610000	-1.173000
-1.470000	-0.705110
0.578000	-0.074527
1.140000	0.898060
1.280000	1.068100
1.340000	1.686300
0.960000	0.809780
0.365000	0.183830
-0.131000	-0.145010
-0.590000	-0.494370
-1.050000	-0.911780
-1.240000	-1.421300
-1.070000	-0.926540
-0.817000	-0.572050
0.353000	0.040080
0.553000	0.490290
0.618000	0.593260
0.859000	0.768260
0.793000	0.279160
0.032100	-0.330240
-0.467000	-0.695040
-0.855000	-0.950200
-1.160000	-1.285000
-1.430000	-1.755300
-1.580000	-1.390500
-0.775000	-0.610650
0.652000	0.052549
1.630000	1.145500
1.740000	2.211300
1.710000	1.962700
1.310000	0.927340
0.831000	0.368190
0.093600	-0.043481
-0.242000	-0.427940
-0.644000	-0.741070
-0.959000	-1.216400
-0.797000	-0.748140
-0.006330	-0.104510
0.735000	0.083188
1.190000	0.734610
1.410000	0.765200
1.050000	0.846510
0.758000	0.246220
0.111000	-0.255170
-0.412000	-0.543590
-0.812000	-0.925970
-1.120000	-1.124700
-1.190000	-1.639600
-1.120000	-1.019100
-0.647000	-0.592740
0.584000	0.250630
1.030000	1.615000
1.510000	2.106300
1.410000	1.768300
0.895000	0.902500
0.405000	0.439920
-0.087500	0.013189
-0.508000	-0.364030
-0.869000	-0.683280
-1.140000	-1.478400
-1.280000	-1.031600
0.036100	-0.007953
0.941000	0.388160
1.400000	1.077500
1.270000	1.434900
1.250000	1.574100
0.874000	0.735750
0.268000	0.274100
-0.199000	-0.053254
-0.608000	-0.428780
-0.962000	-0.891690
-1.270000	-1.305200
-1.060000	-0.811630
-0.473000	-0.070492
0.615000	0.204490
1.070000	0.911410
1.340000	1.221900
1.320000	1.699700
1.100000	1.091800
0.748000	0.475180
0.097500	-0.011331
-0.697000	-0.455020
-1.090000	-0.875520
-1.330000	-1.475600
-1.360000	-1.150400
-0.970000	-0.436810
0.780000	0.234760
