1.210000	0.831630
1.220000	1.219900
1.370000	1.132700
0.902000	0.992860
0.571000	0.516820
0.138000	0.063443
-0.805000	-1.025100
-1.570000	-0.819710
-1.380000	-1.244800
-0.431000	-0.987880
0.669000	0.621350
1.020000	0.754820
0.551000	1.067800
0.878000	1.046600
0.834000	0.938070
0.619000	0.820100
0.078400	-0.168670
-0.481000	-0.633050
-1.030000	-1.028400
-1.370000	-0.976180
-1.010000	-1.372400
-0.112000	-0.097076
0.622000	0.574530
1.290000	0.725690
1.230000	0.960980
1.150000	1.046200
0.972000	1.053100
0.712000	0.768660
0.263000	0.097525
-0.239000	-0.368680
-0.893000	-1.084400
-1.470000	-1.579300
-1.420000	-1.362300
-0.771000	-0.634390
0.401000	0.239560
1.100000	0.576070
1.360000	0.923900
1.070000	0.749090
0.852000	1.304300
0.864000	0.776440
0.273000	-0.054961
-0.254000	-0.473070
-0.926000	-0.902490
-1.510000	-1.150900
-1.590000	-2.040400
-0.551000	-0.336330
0.203000	0.448730
0.845000	0.764310
1.160000	0.825930
0.651000	0.914040
1.070000	0.865500
0.624000	0.582940
0.100000	-0.009178
-0.370000	-0.610150
-1.100000	-1.199200
-1.620000	-1.155100
-1.640000	-2.304100
-0.908000	-0.604730
0.248000	0.226130
0.823000	0.622080
0.897000	1.093700
0.958000	1.344800
0.803000	1.133100
0.761000	0.687210
0.273000	0.104850
-0.394000	-0.466440
-1.060000	-0.771700
-1.710000	-1.121500
-1.900000	-1.818900
-0.794000	-0.141550
0.928000	0.641980
1.140000	0.715120
0.973000	0.863000
0.725000	0.724580
0.981000	0.936510
0.674000	0.594150
-0.036600	-0.251650
-0.646000	-0.663700
-1.300000	-1.366000
-1.850000	-1.359600
-1.730000	-1.851100
-0.532000	0.047438
0.204000	0.279220
1.030000	0.769800
1.130000	1.102200
1.260000	1.151500
0.836000	1.113400
0.729000	0.377880
0.306000	0.113360
-0.305000	-0.446550
-1.070000	-0.882230
-1.690000	-0.983630
-1.890000	-2.277700
-0.804000	-0.752060
0.057800	0.440170
0.596000	0.675730
0.852000	1.075000
0.665000	1.161100
1.160000	1.130500
0.650000	0.347710
0.169000	0.133190
-0.352000	-0.277500
-1.050000	-0.917100
-1.740000	-1.420500
-2.000000	-1.758300
-0.457000	-0.286840
0.458000	0.245670
0.982000	0.705290
0.390000	0.971410
1.000000	1.079400
1.080000	1.211200
0.669000	0.622170
0.271000	0.291880
-0.338000	-0.414170
-1.040000	-0.932320
-1.660000	-1.383200
-1.840000	-2.056000
-0.898000	-0.906830
0.070000	0.052839
0.924000	0.741190
