1.040000	0.798490
1.300000	1.728000
1.510000	1.625500
1.240000	1.223300
0.698000	0.505240
0.313000	0.130360
-0.547000	-0.542620
-0.958000	-0.771500
-1.270000	-1.215200
-1.040000	-1.061900
0.250000	0.179020
1.320000	0.442420
0.635000	0.678270
1.070000	0.886780
0.882000	0.789100
0.366000	0.517750
-0.309000	-0.313110
-0.885000	-0.708430
-1.150000	-1.101800
-1.400000	-1.175500
-1.510000	-1.354600
-1.210000	-0.739020
-0.508000	-0.259940
0.418000	0.395700
0.809000	0.888440
1.490000	1.165500
0.898000	0.903250
0.300000	0.477520
-0.438000	-0.180560
-0.859000	-0.534740
-1.150000	-0.985790
-1.440000	-1.406400
-1.690000	-1.479600
-1.680000	-1.009000
-1.240000	-0.471090
0.365000	0.087345
1.170000	0.951880
1.150000	1.082200
1.430000	1.652500
1.090000	0.818360
0.415000	0.139710
-0.148000	-0.266770
-0.617000	-0.655640
-1.130000	-1.009700
-1.450000	-1.593100
-1.040000	-0.760880
-0.604000	-0.343030
0.431000	0.196340
0.694000	0.592080
0.912000	0.683030
0.969000	0.826950
0.808000	0.365130
-0.026400	-0.284190
-0.556000	-0.750290
-0.938000	-1.088800
-1.250000	-1.299100
-1.540000	-1.882000
-1.620000	-1.146600
-1.050000	-0.371830
0.624000	0.172880
1.340000	1.146000
1.580000	2.103700
1.500000	1.841200
1.090000	0.892840
0.597000	0.304720
-0.179000	-0.172970
-0.554000	-0.575130
-0.962000	-0.850940
-1.270000	-1.343000
-0.853000	-0.574350
0.031700	0.052468
0.695000	0.224500
0.955000	0.805830
1.230000	0.811340
0.948000	0.898370
0.708000	0.304830
0.032200	-0.279130
-0.529000	-0.657390
-0.950000	-1.126900
-1.330000	-1.231800
-1.380000	-1.735800
-1.160000	-0.781580
-0.137000	-0.383300
0.493000	0.342840
0.864000	1.546000
1.530000	1.990200
1.200000	1.677800
0.683000	0.858660
0.169000	0.400610
-0.295000	-0.121200
-0.718000	-0.530180
-1.070000	-0.761300
-1.340000	-1.673400
-1.100000	-0.885600
0.117000	0.130520
1.030000	0.461910
1.240000	1.116700
1.460000	1.415500
1.300000	1.511400
0.780000	0.713030
0.200000	0.248090
-0.256000	-0.151180
-0.663000	-0.590890
-1.030000	-1.038300
-1.380000	-1.394500
-0.594000	-0.594110
0.090700	0.086949
0.842000	0.343540
1.220000	0.967320
1.240000	1.250400
1.260000	1.665600
1.160000	1.055100
0.674000	0.472670
-0.010200	-0.138020
-0.868000	-0.620990
-1.240000	-1.022000
-1.330000	-1.625800
-0.941000	-1.018500
-0.377000	-0.251640
0.962000	0.349300
