1.110000	0.619790
1.270000	0.650860
1.410000	0.650860
0.991000	0.648200
0.683000	0.562970
0.345000	0.507040
-0.754000	-0.747410
-1.590000	-0.867270
-1.320000	-1.526900
-0.652000	-1.047500
0.189000	0.639320
0.810000	0.640210
0.822000	0.644650
0.892000	0.641990
0.904000	0.518580
0.658000	0.574510
0.125000	-0.108200
-0.458000	-0.521030
-1.040000	-1.171800
-1.320000	-0.914320
-1.360000	-1.313800
-0.437000	0.262900
0.587000	0.586940
1.100000	0.642870
1.490000	0.637550
1.170000	0.650860
0.957000	0.626890
0.731000	0.591380
0.255000	0.146600
-0.230000	-0.134840
-0.930000	-0.875260
-1.510000	-1.704500
-1.490000	-1.544700
-1.020000	-0.301740
0.186000	0.591380
0.946000	0.642870
1.400000	0.649980
1.240000	0.649090
0.991000	0.650860
0.881000	0.649090
0.308000	0.546100
-0.260000	0.076371
-0.896000	-0.499720
-1.350000	-1.074100
-1.320000	-2.379200
-0.517000	0.117300
0.202000	0.604700
0.738000	0.641100
0.990000	0.644650
0.702000	0.635770
1.100000	0.641990
0.696000	0.593160
0.175000	0.264670
-0.407000	-0.353230
-1.220000	-0.994220
-1.660000	-0.985340
-1.860000	-2.547900
-1.230000	-0.103760
-0.206000	0.580730
0.593000	0.648200
0.850000	0.650860
1.020000	0.650860
0.996000	0.650860
0.837000	0.647310
0.396000	0.523020
-0.309000	0.002933
-0.966000	-0.549440
-1.570000	-0.786480
-1.730000	-1.828800
-0.867000	0.322380
0.683000	0.638430
0.933000	0.644650
0.889000	0.645540
0.738000	0.623340
0.856000	0.616240
0.579000	0.616240
-0.071500	0.182110
-0.678000	-0.281320
-1.300000	-1.198400
-1.770000	-1.083000
-1.670000	-2.308200
-0.649000	0.309060
-0.055600	0.586050
0.788000	0.648200
1.000000	0.650860
1.240000	0.649090
0.921000	0.649090
0.820000	0.639320
0.395000	0.475970
-0.237000	-0.020398
-0.970000	-0.525470
-1.560000	-0.617800
-1.770000	-2.814200
-0.932000	-0.618680
0.058800	0.603810
0.953000	0.643760
0.908000	0.648200
0.511000	0.643760
1.420000	0.649090
0.603000	0.629560
0.105000	0.480410
-0.426000	0.041215
-1.120000	-0.426030
-1.720000	-1.269400
-1.810000	-1.944200
-0.422000	0.359670
0.476000	0.607360
0.894000	0.642870
0.803000	0.650860
1.120000	0.649090
1.280000	0.650860
0.803000	0.542550
0.318000	0.560310
-0.364000	-0.069227
-1.020000	-0.798910
-1.480000	-1.367100
-1.690000	-2.654400
-0.940000	-0.641770
0.264000	0.571850
1.030000	0.649090
