0.641000	0.830350
1.050000	1.471800
1.090000	1.420800
1.030000	1.127000
0.623000	0.512130
0.227000	0.143820
-0.621000	-0.751770
-1.380000	-0.850900
-1.300000	-1.304700
-0.826000	-1.014500
-0.116000	0.323460
0.408000	0.553040
0.599000	0.755080
1.050000	0.891370
1.160000	0.788700
0.676000	0.575340
0.040500	-0.302250
-0.653000	-0.787640
-1.430000	-1.239600
-1.950000	-1.160700
-2.000000	-1.383100
-1.490000	-0.400860
-0.598000	0.027620
0.788000	0.514320
1.180000	0.897990
1.040000	1.089200
0.980000	0.910060
0.734000	0.555890
0.184000	-0.124520
-0.319000	-0.526280
-1.070000	-1.107200
-1.690000	-1.590900
-1.780000	-1.497400
-1.470000	-0.757450
-0.092300	-0.121790
0.539000	0.267250
1.480000	0.881170
1.070000	1.004100
1.090000	1.413900
0.753000	0.812150
0.241000	0.194460
-0.294000	-0.299610
-0.853000	-0.757160
-1.340000	-1.087900
-1.330000	-1.850600
-0.653000	-0.478900
-0.161000	-0.014069
0.794000	0.380170
1.040000	0.680760
1.020000	0.763400
1.140000	0.851560
0.717000	0.495070
0.245000	-0.132760
-0.362000	-0.721240
-0.896000	-1.194100
-1.440000	-1.251800
-1.550000	-2.089900
-1.070000	-0.766890
-0.236000	-0.050231
0.731000	0.318360
0.996000	1.022400
0.932000	1.728900
1.180000	1.541000
1.080000	0.860040
0.508000	0.317110
-0.264000	-0.234150
-1.030000	-0.679850
-1.670000	-0.920010
-1.920000	-1.513000
-0.621000	-0.279220
0.485000	0.245870
0.846000	0.389930
0.896000	0.810260
0.861000	0.818870
1.020000	0.888430
0.562000	0.423910
-0.070200	-0.205360
-0.603000	-0.684820
-1.210000	-1.304500
-1.630000	-1.293000
-1.390000	-1.896100
-0.829000	-0.413920
-0.006570	-0.079641
0.610000	0.424330
0.941000	1.308100
1.300000	1.674900
1.220000	1.444500
0.973000	0.824380
0.541000	0.413370
-0.033200	-0.196870
-0.648000	-0.654780
-1.260000	-0.788300
-1.550000	-2.001900
-0.983000	-0.717130
0.338000	0.276790
1.160000	0.516890
1.140000	1.041300
1.100000	1.255200
1.030000	1.302700
0.655000	0.714100
0.294000	0.291820
-0.196000	-0.187640
-0.815000	-0.690920
-1.450000	-1.185100
-1.640000	-1.539900
-0.358000	-0.256710
0.509000	0.256710
0.883000	0.478640
1.300000	0.922650
1.110000	1.169800
1.350000	1.458300
1.020000	0.971670
0.506000	0.521520
0.087000	-0.210630
-0.746000	-0.772470
-0.976000	-1.183900
-1.370000	-1.896100
-0.592000	-0.834700
0.039300	0.016397
1.010000	0.456330
