0.872000	0.730710
1.650000	1.308500
1.590000	1.645600
1.060000	1.415600
0.279000	0.954590
-0.093600	0.577630
-0.748000	-0.278640
-1.020000	-0.605340
-1.220000	-1.192100
-1.280000	-1.114300
0.011500	-0.111810
1.470000	0.216010
0.967000	0.521420
0.881000	0.812680
0.496000	0.768990
-0.130000	0.602470
-0.399000	-0.002418
-0.887000	-0.450550
-1.180000	-0.968190
-1.370000	-1.040200
-1.470000	-1.376900
-1.410000	-0.726050
-0.988000	-0.436550
0.187000	0.095682
0.521000	0.693240
1.390000	1.001600
0.752000	0.906150
0.186000	0.665100
-0.539000	0.158620
-0.859000	-0.234990
-1.090000	-0.784810
-1.340000	-1.360400
-1.440000	-1.484500
-1.480000	-1.013400
-1.260000	-0.542810
0.370000	-0.277470
1.200000	0.274310
1.260000	0.812380
1.440000	1.025700
1.020000	0.922510
0.348000	0.575980
-0.130000	0.104210
-0.538000	-0.381030
-0.995000	-0.869100
-1.210000	-1.683400
-1.120000	-0.673560
-0.917000	-0.422250
0.227000	0.029854
0.909000	0.490120
1.190000	0.716490
0.831000	0.792810
0.609000	0.553380
-0.258000	0.051168
-0.783000	-0.495100
-1.100000	-1.004600
-1.320000	-1.187600
-1.500000	-2.066500
-1.610000	-1.071500
-1.230000	-0.601950
0.649000	-0.052900
1.670000	0.668760
1.640000	1.416900
1.610000	1.621500
1.040000	1.210600
0.384000	0.741570
-0.262000	0.195160
-0.594000	-0.308930
-0.933000	-0.650740
-1.100000	-1.347900
-0.949000	-0.447950
0.031800	-0.189860
0.632000	0.052575
1.290000	0.470070
1.470000	0.738380
1.110000	0.729650
0.621000	0.540670
-0.036300	0.066060
-0.505000	-0.367680
-0.861000	-0.976390
-1.120000	-1.099500
-1.290000	-1.852500
-1.180000	-0.776750
-0.263000	-0.539280
0.632000	-0.010770
1.260000	1.103900
1.550000	1.759100
1.290000	1.596600
0.623000	1.212900
0.111000	0.789440
-0.269000	0.243270
-0.665000	-0.251240
-1.020000	-0.540800
-1.230000	-1.826000
-1.210000	-0.998620
0.515000	-0.240310
1.210000	0.168320
1.700000	0.699420
1.400000	1.088500
1.350000	1.229500
0.810000	1.045800
0.336000	0.621790
-0.052900	0.149810
-0.375000	-0.300930
-0.684000	-0.911400
-0.953000	-1.441400
-0.804000	-0.530470
-0.063900	-0.292220
0.529000	0.061978
0.871000	0.509270
0.988000	1.018800
1.290000	1.320600
0.975000	1.240000
0.606000	0.855250
0.120000	0.219300
-0.530000	-0.396170
-0.841000	-0.909990
-1.110000	-1.766500
-1.090000	-1.003400
-0.199000	-0.353310
1.070000	0.032977
