0.286000	0.749840
1.020000	1.278000
1.110000	1.583400
1.240000	1.374600
0.792000	0.944740
0.173000	0.595170
-0.483000	-0.358110
-0.991000	-0.671160
-1.110000	-1.296200
-0.756000	-1.157900
-0.022000	-0.011051
0.577000	0.286210
0.775000	0.563650
1.130000	0.827270
1.390000	0.770240
0.780000	0.627210
-0.068400	-0.017473
-0.648000	-0.481950
-1.020000	-1.043000
-1.390000	-1.071900
-1.530000	-1.433500
-1.220000	-0.620960
-0.386000	-0.312790
0.808000	0.177520
0.999000	0.718390
1.220000	0.999750
1.060000	0.909860
0.648000	0.686360
-0.002130	0.164480
-0.585000	-0.232040
-1.030000	-0.834960
-1.370000	-1.473700
-1.630000	-1.563700
-1.570000	-0.961120
-0.358000	-0.408480
0.415000	-0.160700
1.650000	0.340430
1.300000	0.828000
1.270000	1.021600
0.900000	0.927830
0.166000	0.599190
-0.379000	0.105240
-0.799000	-0.415940
-1.210000	-0.939440
-1.560000	-1.861800
-1.230000	-0.593940
-0.611000	-0.297330
0.608000	0.117600
1.390000	0.535280
1.190000	0.739210
1.120000	0.809270
0.887000	0.585350
0.106000	0.083758
-0.521000	-0.498640
-1.010000	-1.051000
-1.370000	-1.215600
-1.710000	-2.232900
-1.740000	-0.985880
-1.060000	-0.463590
0.237000	0.043597
1.340000	0.698080
1.280000	1.376200
1.520000	1.561600
1.190000	1.188700
0.350000	0.746010
-0.275000	0.177310
-0.667000	-0.357610
-1.010000	-0.700890
-1.280000	-1.480000
-0.852000	-0.360490
0.683000	-0.081922
0.767000	0.138700
0.832000	0.517240
1.140000	0.757300
1.020000	0.748380
0.649000	0.577090
-0.142000	0.085595
-0.667000	-0.373000
-1.120000	-1.054200
-1.430000	-1.149600
-1.570000	-2.005000
-1.420000	-0.660390
-0.748000	-0.406030
0.244000	0.081783
0.584000	1.092500
1.490000	1.686100
1.380000	1.538800
0.782000	1.189600
0.237000	0.782770
-0.228000	0.217610
-0.711000	-0.301930
-1.100000	-0.577430
-1.280000	-2.052500
-1.020000	-0.992520
-0.089000	-0.132540
0.912000	0.243480
1.230000	0.725490
1.460000	1.077600
1.150000	1.206000
0.634000	1.036800
0.107000	0.631430
-0.318000	0.141610
-0.703000	-0.332930
-1.120000	-1.005400
-1.390000	-1.581100
-0.554000	-0.430020
0.274000	-0.179090
0.629000	0.146970
1.410000	0.553520
1.240000	1.015100
1.240000	1.288900
1.050000	1.200500
0.584000	0.854320
-0.059300	0.188990
-0.725000	-0.471910
-1.070000	-1.017900
-1.270000	-1.976000
-0.900000	-1.000100
-0.393000	-0.239480
0.822000	0.121560
