1.110000	0.660730
0.984000	0.850730
1.220000	0.948420
0.922000	0.879840
0.384000	0.684470
-0.248000	0.534690
-1.340000	-0.622130
-1.550000	-0.803650
-0.934000	-1.451500
-0.342000	-1.081700
0.280000	0.430670
0.706000	0.526330
1.280000	0.618070
0.976000	0.700570
0.992000	0.598520
0.718000	0.590760
0.254000	-0.079073
-0.781000	-0.507990
-1.300000	-1.129400
-1.330000	-0.963760
-0.931000	-1.350700
-0.410000	-0.020031
0.313000	0.298600
1.230000	0.493380
1.180000	0.662730
1.020000	0.761750
1.140000	0.716730
0.870000	0.621140
0.087800	0.152160
-0.768000	-0.165780
-1.320000	-0.861450
-1.570000	-1.628900
-1.170000	-1.549100
-0.449000	-0.512290
0.895000	0.271010
0.892000	0.385220
1.280000	0.550300
0.853000	0.705620
1.170000	0.768730
0.775000	0.737550
0.143000	0.562510
-0.821000	0.085525
-1.320000	-0.472400
-1.560000	-1.029900
-1.200000	-2.211200
-0.316000	-0.110280
0.422000	0.315600
0.985000	0.473010
1.130000	0.609000
1.070000	0.668190
0.926000	0.694810
0.624000	0.590040
-0.056500	0.206540
-1.030000	-0.399360
-1.500000	-1.011300
-1.570000	-1.057900
-1.220000	-2.444500
-0.557000	-0.385750
0.312000	0.246150
0.870000	0.454170
1.060000	0.665280
1.070000	0.882130
0.835000	0.941440
0.740000	0.819760
0.276000	0.593790
-0.665000	0.058694
-1.350000	-0.487520
-1.560000	-0.758280
-1.260000	-1.715300
0.142000	0.103660
0.693000	0.407400
0.705000	0.482170
0.811000	0.603830
0.936000	0.665530
1.100000	0.657850
0.644000	0.603080
-0.390000	0.151050
-1.170000	-0.310340
-1.530000	-1.151100
-1.700000	-1.103200
-1.280000	-2.208800
-0.446000	-0.001288
0.339000	0.268180
1.140000	0.466380
1.050000	0.791410
0.922000	0.980040
0.822000	0.932940
0.872000	0.814640
0.349000	0.573580
-0.706000	0.055738
-1.430000	-0.453430
-1.710000	-0.604240
-1.540000	-2.567700
-0.982000	-0.737590
0.149000	0.367700
0.784000	0.515080
0.917000	0.672240
1.380000	0.781820
0.992000	0.826520
0.658000	0.759140
0.182000	0.528200
-0.556000	0.073278
-1.470000	-0.395810
-1.770000	-1.183700
-1.370000	-1.826000
-0.078000	0.106750
0.616000	0.355220
1.110000	0.483610
1.090000	0.619050
0.778000	0.765460
0.800000	0.854210
0.783000	0.752400
0.431000	0.653750
-0.405000	0.013423
-1.380000	-0.693500
-1.500000	-1.254000
-1.470000	-2.434700
-0.730000	-0.755680
0.044500	0.311790
0.776000	0.479710
