0.976000	0.956280
1.100000	1.204900
1.160000	1.106600
0.885000	0.900190
0.406000	0.176330
-0.173000	-0.370110
-1.260000	-1.370600
-1.760000	-0.957980
-1.010000	-1.083000
-0.098900	-0.557590
0.507000	0.546790
0.815000	0.794950
1.300000	0.991240
1.080000	0.951220
0.889000	0.854190
0.727000	0.590180
0.106000	-0.501650
-0.707000	-1.211000
-1.360000	-1.508900
-1.460000	-1.113100
-0.719000	-1.193800
-0.220000	0.188820
0.447000	0.521270
1.050000	0.783980
1.200000	1.033000
1.070000	1.047000
1.100000	0.972240
0.788000	0.567630
0.032100	-0.302010
-0.688000	-0.857990
-1.430000	-1.535800
-1.680000	-1.723100
-0.987000	-1.143600
-0.278000	-0.165110
0.633000	0.425360
1.070000	0.596210
0.939000	0.927980
1.050000	0.943030
1.110000	1.250900
0.653000	0.701680
0.105000	-0.180440
-0.750000	-0.838030
-1.370000	-1.259800
-1.700000	-1.150400
-1.080000	-1.717200
-0.172000	-0.023224
0.452000	0.530650
1.090000	0.719170
1.130000	0.882380
0.854000	0.946540
0.968000	0.933550
0.573000	0.633140
-0.018000	-0.109750
-0.916000	-0.897170
-1.580000	-1.470100
-1.790000	-1.083800
-0.950000	-1.761100
-0.179000	0.024176
0.511000	0.530130
1.150000	0.506450
0.971000	0.907970
0.764000	1.358100
0.877000	1.093600
0.744000	0.608070
0.228000	-0.092045
-0.685000	-0.751570
-1.360000	-1.090300
-1.840000	-1.129700
-1.400000	-1.407500
0.189000	0.149750
0.757000	0.558160
0.759000	0.673910
0.776000	0.918870
0.724000	0.855560
0.919000	0.961440
0.544000	0.436160
-0.330000	-0.415410
-1.090000	-1.103100
-1.680000	-1.731700
-1.830000	-1.428500
-0.875000	-1.528800
-0.233000	0.224400
0.488000	0.385770
1.050000	0.527100
1.190000	0.998380
1.030000	1.276200
0.957000	1.096100
0.763000	0.535420
0.302000	0.135180
-0.670000	-0.713220
-1.430000	-1.141100
-1.830000	-0.934390
-1.430000	-1.775800
-0.840000	-0.031173
0.401000	0.540300
0.716000	0.575070
1.090000	1.076500
1.210000	1.124400
0.983000	1.021000
0.576000	0.483930
0.134000	0.034445
-0.647000	-0.599500
-1.470000	-1.218200
-1.900000	-1.353000
-1.420000	-1.247100
-0.058800	0.318280
0.626000	0.583990
0.829000	0.770520
0.863000	0.992160
0.670000	1.198200
0.894000	1.312200
0.814000	0.781920
0.314000	0.360600
-0.543000	-0.677900
-1.360000	-1.151300
-1.710000	-1.303900
-1.440000	-1.559600
-0.619000	-0.210490
0.214000	0.421050
0.726000	0.648970
