0.656000	0.845000
0.686000	1.203200
0.900000	1.066800
0.782000	0.866260
0.278000	0.319010
-0.087500	-0.028019
-1.160000	-1.072500
-1.730000	-0.951400
-1.170000	-1.321600
-0.404000	-0.851010
0.487000	0.581480
0.987000	0.736720
1.120000	0.863020
1.260000	0.868540
1.090000	0.748920
0.806000	0.579040
0.291000	-0.385280
-0.347000	-0.940800
-1.130000	-1.382400
-1.550000	-1.112200
-1.190000	-1.310600
-0.301000	0.049741
0.521000	0.449400
0.998000	0.735850
0.990000	0.925160
1.150000	0.983190
1.100000	0.863190
0.829000	0.550760
0.258000	-0.174170
-0.372000	-0.602030
-1.060000	-1.271000
-1.630000	-1.729000
-1.280000	-1.401400
-0.613000	-0.379620
0.371000	0.349870
0.904000	0.601000
1.280000	0.970700
1.200000	0.935470
0.838000	1.244400
0.925000	0.712570
0.430000	0.079419
-0.272000	-0.473650
-0.952000	-0.948490
-1.590000	-1.160900
-1.410000	-1.996900
-0.363000	-0.121540
0.545000	0.429360
0.937000	0.646070
1.060000	0.787040
1.060000	0.808670
0.996000	0.842650
0.791000	0.561180
0.203000	-0.057447
-0.568000	-0.736760
-1.320000	-1.285800
-1.810000	-1.144700
-1.620000	-2.120400
-0.803000	-0.253530
0.080600	0.439080
0.722000	0.554260
0.887000	0.965230
1.110000	1.388300
0.979000	1.139700
0.825000	0.647160
0.399000	0.142620
-0.332000	-0.443290
-1.080000	-0.871640
-1.810000	-1.021400
-1.620000	-1.608500
-0.364000	0.066358
0.761000	0.555100
1.120000	0.632310
0.476000	0.882140
1.050000	0.802330
0.885000	0.880990
0.760000	0.458680
0.204000	-0.233070
-0.451000	-0.794220
-1.140000	-1.504500
-1.720000	-1.334600
-1.300000	-1.903600
-0.326000	0.077505
0.412000	0.359240
1.020000	0.616260
0.556000	1.076200
1.150000	1.254100
0.808000	1.087300
0.595000	0.597760
0.124000	0.256810
-0.551000	-0.424020
-1.270000	-0.880050
-1.860000	-0.851830
-1.760000	-2.195600
-0.839000	-0.397460
0.542000	0.568830
0.898000	0.649450
1.080000	1.028100
1.080000	1.089700
0.894000	1.053800
0.601000	0.546290
0.152000	0.185380
-0.503000	-0.342370
-1.290000	-0.891220
-1.880000	-1.333800
-1.870000	-1.580100
-0.593000	0.166190
0.684000	0.583940
0.911000	0.716860
0.932000	0.968390
0.836000	1.080200
0.816000	1.229900
0.673000	0.740330
0.227000	0.409220
-0.393000	-0.428090
-1.170000	-0.997480
-1.710000	-1.342600
-1.750000	-2.026100
-0.953000	-0.535880
0.399000	0.386000
0.897000	0.668920
