0.920000	0.773560
1.270000	1.705900
1.450000	1.529300
1.050000	1.130400
0.559000	0.444180
0.200000	0.123750
-0.717000	-0.556590
-1.150000	-0.797920
-1.160000	-1.260400
-0.769000	-1.079900
0.308000	0.265450
1.100000	0.483270
0.801000	0.678280
1.200000	0.861200
1.110000	0.750220
0.570000	0.499520
-0.158000	-0.333790
-0.901000	-0.695550
-1.230000	-1.100600
-1.410000	-1.167500
-1.370000	-1.348600
-0.855000	-0.681170
-0.155000	-0.175900
0.614000	0.454900
1.050000	0.880250
1.150000	1.136100
1.080000	0.858110
0.519000	0.444910
-0.318000	-0.197520
-0.936000	-0.518090
-1.270000	-0.965960
-1.530000	-1.420600
-1.690000	-1.502100
-1.600000	-0.976290
-0.987000	-0.388370
0.091000	0.190460
0.926000	1.044800
1.200000	1.085800
1.410000	1.672400
1.040000	0.780370
0.388000	0.125770
-0.194000	-0.254820
-0.684000	-0.642880
-1.150000	-1.029100
-1.240000	-1.653300
-0.773000	-0.719030
-0.239000	-0.272080
0.574000	0.244860
0.938000	0.594010
1.050000	0.647240
0.999000	0.798130
0.854000	0.334210
-0.092100	-0.293980
-0.799000	-0.736670
-1.230000	-1.059500
-1.510000	-1.290200
-1.690000	-1.924800
-1.660000	-1.111200
-1.260000	-0.272280
0.341000	0.250800
1.140000	1.189900
1.410000	2.102100
1.330000	1.781300
1.070000	0.814930
0.475000	0.272070
-0.296000	-0.181090
-0.721000	-0.583710
-1.120000	-0.857170
-1.210000	-1.389000
-0.622000	-0.538110
0.364000	0.135520
0.908000	0.276230
1.180000	0.839440
1.250000	0.794460
1.130000	0.886960
0.707000	0.285050
-0.029300	-0.279080
-0.647000	-0.632020
-1.120000	-1.114600
-1.420000	-1.217800
-1.330000	-1.787600
-0.856000	-0.716620
-0.346000	-0.286630
0.582000	0.434970
1.080000	1.553700
1.550000	1.910600
1.160000	1.599200
0.695000	0.779750
0.157000	0.349730
-0.428000	-0.137170
-0.897000	-0.537170
-1.200000	-0.770060
-1.320000	-1.766000
-0.972000	-0.887060
0.141000	0.231640
1.100000	0.531390
1.110000	1.137700
1.500000	1.397700
1.300000	1.487500
0.734000	0.649140
0.173000	0.216700
-0.377000	-0.153580
-0.847000	-0.578790
-1.230000	-1.062700
-1.180000	-1.455000
-0.487000	-0.551980
0.000899	0.189440
1.020000	0.403010
1.190000	1.011300
1.320000	1.218400
1.130000	1.624500
1.040000	0.968750
0.527000	0.412950
-0.143000	-0.160220
-0.953000	-0.645060
-1.260000	-1.059900
-1.220000	-1.719400
-0.825000	-1.027600
-0.287000	-0.177490
0.829000	0.424930
