-0.518000	0.878640
0.763000	1.131700
0.846000	0.967070
0.733000	0.779180
0.146000	0.160310
-0.310000	-0.268100
-1.410000	-1.274500
-1.850000	-0.956330
-0.986000	-1.162800
-0.215000	-0.635110
0.652000	0.623980
0.999000	0.798050
1.090000	0.932170
1.150000	0.879180
1.110000	0.767090
0.835000	0.558810
0.252000	-0.471020
-0.463000	-1.095100
-1.280000	-1.438700
-1.540000	-1.072600
-0.849000	-1.188700
0.074900	0.218170
0.739000	0.578000
1.020000	0.806240
1.050000	0.966520
1.150000	0.968170
1.050000	0.875910
0.743000	0.524770
0.073800	-0.267500
-0.635000	-0.746680
-1.290000	-1.409200
-1.580000	-1.700100
-0.961000	-1.202600
-0.371000	-0.174100
0.539000	0.487360
1.000000	0.680250
1.500000	0.985760
1.240000	0.910640
1.050000	1.211600
0.964000	0.651870
0.354000	-0.110070
-0.476000	-0.703980
-1.190000	-1.132800
-1.640000	-1.141900
-1.070000	-1.815200
-0.103000	0.006089
0.853000	0.570940
1.070000	0.732200
0.722000	0.838180
1.130000	0.856230
1.030000	0.858480
0.763000	0.578190
0.163000	-0.088867
-0.703000	-0.812490
-1.440000	-1.358800
-1.810000	-1.058300
-1.360000	-1.861700
-0.372000	0.003743
0.331000	0.596810
0.804000	0.581410
0.846000	0.925200
1.070000	1.297800
0.920000	1.001900
0.794000	0.533340
0.261000	-0.050195
-0.547000	-0.654720
-1.310000	-1.012300
-1.930000	-1.076800
-1.360000	-1.474000
-0.214000	0.174460
0.926000	0.625240
1.160000	0.698410
-0.176000	0.910390
1.020000	0.802080
0.838000	0.900560
0.712000	0.421970
0.095500	-0.346720
-0.642000	-0.965210
-1.340000	-1.620500
-1.710000	-1.353400
-1.020000	-1.644700
-0.049500	0.258700
0.598000	0.470960
1.010000	0.620230
0.522000	0.979840
1.040000	1.142400
0.843000	0.978260
0.613000	0.468360
0.063500	0.123460
-0.731000	-0.630520
-1.460000	-1.049900
-1.820000	-0.893400
-1.470000	-1.943800
-0.666000	-0.121510
0.441000	0.628440
0.844000	0.641640
1.170000	1.043600
1.020000	1.055000
0.959000	0.964780
0.627000	0.433640
0.111000	0.052558
-0.631000	-0.514760
-1.410000	-1.088400
-1.980000	-1.339600
-1.610000	-1.365700
-0.330000	0.326940
0.611000	0.665760
1.060000	0.793080
0.858000	0.990270
0.931000	1.097300
0.851000	1.200900
0.668000	0.668700
0.127000	0.317120
-0.593000	-0.612260
-1.320000	-1.106200
-1.810000	-1.320700
-1.570000	-1.743600
-0.800000	-0.289460
0.361000	0.481250
0.964000	0.707180
