1.360000	0.589700
1.390000	0.619260
1.530000	0.619260
0.908000	0.616730
0.297000	0.535640
0.103000	0.482420
-0.774000	-0.711120
-1.340000	-0.825160
-1.300000	-1.452800
-0.807000	-0.996630
0.479000	0.608280
1.110000	0.609130
0.964000	0.613350
1.090000	0.610820
0.931000	0.493400
0.383000	0.546620
-0.028800	-0.102950
-0.629000	-0.495730
-1.160000	-1.114900
-1.630000	-0.869930
-1.620000	-1.250000
-0.813000	0.250130
-0.157000	0.558440
0.659000	0.611660
1.040000	0.606590
1.220000	0.619260
1.040000	0.596460
0.761000	0.562670
0.133000	0.139480
-0.452000	-0.128290
-0.916000	-0.832760
-1.530000	-1.621700
-1.730000	-1.469700
-1.330000	-0.287090
-0.389000	0.562670
0.675000	0.611660
1.340000	0.618420
1.280000	0.617570
1.350000	0.619260
0.959000	0.617570
0.332000	0.519590
-0.161000	0.072663
-0.651000	-0.475460
-1.250000	-1.022000
-1.380000	-2.263700
-0.800000	0.111600
-0.092500	0.575340
0.632000	0.609970
0.964000	0.613350
1.260000	0.604900
1.150000	0.610820
0.756000	0.564360
0.018500	0.251820
-0.604000	-0.336080
-1.100000	-0.945950
-1.600000	-0.937500
-1.860000	-2.424200
-1.680000	-0.098724
-0.927000	0.552530
0.499000	0.616730
1.500000	0.619260
1.270000	0.619260
1.090000	0.619260
0.717000	0.615880
0.150000	0.497630
-0.321000	0.002790
-0.755000	-0.522760
-1.370000	-0.748290
-1.540000	-1.740000
-0.696000	0.306730
0.276000	0.607440
1.010000	0.613350
1.060000	0.614190
1.140000	0.593080
1.040000	0.586320
0.744000	0.586320
0.129000	0.173270
-0.359000	-0.267660
-0.889000	-1.140200
-1.400000	-1.030400
-1.550000	-2.196100
-0.678000	0.294060
0.131000	0.557600
0.722000	0.616730
0.540000	0.619260
1.490000	0.617570
1.070000	0.617570
0.506000	0.608280
0.051300	0.452860
-0.421000	-0.019408
-0.955000	-0.499950
-1.430000	-0.587800
-1.560000	-2.677600
-0.931000	-0.588640
0.289000	0.574490
1.130000	0.612500
1.420000	0.616730
1.030000	0.612500
0.939000	0.617570
0.559000	0.598990
0.131000	0.457080
-0.301000	0.039213
-0.803000	-0.405350
-1.370000	-1.207800
-1.450000	-1.849800
-0.624000	0.342200
0.292000	0.577870
0.766000	0.611660
0.979000	0.619260
1.090000	0.617570
1.110000	0.619260
0.867000	0.516210
0.393000	0.533100
-0.137000	-0.065866
-0.750000	-0.760120
-1.230000	-1.300700
-1.470000	-2.525500
-1.020000	-0.610610
-0.157000	0.544080
0.680000	0.617570
