1.010000	0.697630
0.984000	0.915200
1.020000	1.028900
0.817000	0.949400
0.343000	0.731820
-0.054900	0.563930
-1.040000	-0.638000
-1.680000	-0.835460
-1.240000	-1.513500
-0.454000	-1.138300
0.523000	0.427590
1.020000	0.538840
0.817000	0.645110
1.110000	0.741440
1.090000	0.636890
0.827000	0.621410
0.293000	-0.079567
-0.369000	-0.531230
-1.050000	-1.179500
-1.490000	-1.016400
-1.180000	-1.420800
-0.310000	-0.053621
0.341000	0.279900
0.782000	0.500180
1.020000	0.697920
1.070000	0.811640
1.110000	0.762000
0.873000	0.654820
0.277000	0.160210
-0.333000	-0.177420
-0.973000	-0.901820
-1.560000	-1.699500
-1.290000	-1.625100
-0.576000	-0.561510
0.373000	0.247280
0.924000	0.374280
1.450000	0.565620
1.330000	0.746510
1.140000	0.819760
0.939000	0.783670
0.406000	0.591800
-0.277000	0.090746
-0.935000	-0.492260
-1.500000	-1.075000
-1.380000	-2.299600
-0.434000	-0.141880
0.407000	0.297650
0.872000	0.476680
0.859000	0.634550
1.120000	0.704470
1.000000	0.734740
0.710000	0.618420
0.083500	0.209900
-0.658000	-0.424130
-1.360000	-1.062600
-1.870000	-1.117800
-1.680000	-2.551600
-0.974000	-0.437050
0.116000	0.219570
0.653000	0.453930
0.882000	0.699350
1.020000	0.951750
0.982000	1.020800
0.856000	0.879570
0.315000	0.630870
-0.426000	0.067981
-1.120000	-0.504120
-1.750000	-0.791970
-1.640000	-1.785800
-0.414000	0.083501
0.717000	0.400610
1.120000	0.486930
0.787000	0.628440
1.050000	0.702810
0.936000	0.694690
0.745000	0.630930
0.119000	0.154830
-0.516000	-0.328810
-1.200000	-1.201700
-1.690000	-1.159200
-1.440000	-2.304900
-0.295000	-0.037126
0.532000	0.244600
1.070000	0.468140
0.806000	0.846160
1.140000	1.065900
0.867000	1.011100
0.711000	0.874530
0.206000	0.612770
-0.509000	0.067230
-1.220000	-0.467210
-1.770000	-0.632110
-1.820000	-2.664300
-0.754000	-0.787220
0.302000	0.358390
0.784000	0.525330
0.797000	0.707750
1.080000	0.835810
0.957000	0.887230
0.664000	0.811060
0.152000	0.559440
-0.510000	0.080543
-1.220000	-0.411610
-1.810000	-1.231400
-1.900000	-1.901300
-0.607000	0.082797
0.491000	0.343460
0.742000	0.488810
0.841000	0.645540
0.971000	0.816160
0.903000	0.919260
0.755000	0.813240
0.280000	0.696360
-0.419000	0.023604
-1.150000	-0.715130
-1.750000	-1.302000
-1.740000	-2.527900
-0.885000	-0.805620
0.064700	0.297000
0.883000	0.483550
