0.641000	0.595110
1.050000	0.624950
1.090000	0.624950
1.030000	0.622390
0.623000	0.540550
0.227000	0.486850
-0.621000	-0.717650
-1.380000	-0.832730
-1.300000	-1.466100
-0.826000	-1.005800
-0.116000	0.613860
0.408000	0.614720
0.599000	0.618980
1.050000	0.616420
1.160000	0.497930
0.676000	0.551640
0.040500	-0.103890
-0.653000	-0.500280
-1.430000	-1.125100
-1.950000	-0.877910
-2.000000	-1.261500
-1.490000	0.252430
-0.598000	0.563570
0.788000	0.617270
1.180000	0.612160
1.040000	0.624950
0.980000	0.601930
0.734000	0.567830
0.184000	0.140760
-0.319000	-0.129470
-1.070000	-0.840400
-1.690000	-1.636600
-1.780000	-1.483100
-1.470000	-0.289730
-0.092300	0.567830
0.539000	0.617270
1.480000	0.624090
1.070000	0.623240
1.090000	0.624950
0.753000	0.623240
0.241000	0.524360
-0.294000	0.073330
-0.853000	-0.479820
-1.340000	-1.031400
-1.330000	-2.284400
-0.653000	0.112630
-0.161000	0.580620
0.794000	0.615570
1.040000	0.618980
1.020000	0.610450
1.140000	0.616420
0.717000	0.569540
0.245000	0.254130
-0.362000	-0.339170
-0.896000	-0.954630
-1.440000	-0.946110
-1.550000	-2.446400
-1.070000	-0.099631
-0.236000	0.557600
0.731000	0.622390
0.996000	0.624950
0.932000	0.624950
1.180000	0.624950
1.080000	0.621540
0.508000	0.502190
-0.264000	0.002816
-1.030000	-0.527560
-1.670000	-0.755160
-1.920000	-1.755900
-0.621000	0.309540
0.485000	0.613010
0.846000	0.618980
0.896000	0.619830
0.861000	0.598520
1.020000	0.591700
0.562000	0.591700
-0.070200	0.174860
-0.603000	-0.270120
-1.210000	-1.150700
-1.630000	-1.039900
-1.390000	-2.216200
-0.829000	0.296760
-0.006570	0.562720
0.610000	0.622390
0.941000	0.624950
1.300000	0.623240
1.220000	0.623240
0.973000	0.613860
0.541000	0.457010
-0.033200	-0.019586
-0.648000	-0.504540
-1.260000	-0.593200
-1.550000	-2.702100
-0.983000	-0.594050
0.338000	0.579770
1.160000	0.618130
1.140000	0.622390
1.100000	0.618130
1.030000	0.623240
0.655000	0.604490
0.294000	0.461280
-0.196000	0.039573
-0.815000	-0.409070
-1.450000	-1.218900
-1.640000	-1.866700
-0.358000	0.345340
0.509000	0.583180
0.883000	0.617270
1.300000	0.624950
1.110000	0.623240
1.350000	0.624950
1.020000	0.520950
0.506000	0.538000
0.087000	-0.066471
-0.746000	-0.767090
-0.976000	-1.312700
-1.370000	-2.548700
-0.592000	-0.616210
0.039300	0.549080
1.010000	0.623240
