1.190000	0.674850
0.991000	1.230000
1.310000	0.825450
0.862000	0.583060
0.402000	0.158340
-0.081000	0.059362
-0.961000	-0.848740
-1.690000	-0.944580
-1.200000	-1.433500
-0.144000	-0.996250
1.030000	0.754260
1.230000	0.748870
0.808000	0.738320
0.905000	0.720750
0.970000	0.560060
0.670000	0.460010
0.091000	-0.400510
-0.527000	-0.723530
-1.220000	-1.196500
-1.490000	-1.047500
-0.258000	-1.257800
0.513000	-0.014151
0.937000	0.501830
1.310000	0.804100
1.050000	0.817940
0.798000	0.871610
1.010000	0.644410
0.747000	0.374080
0.169000	-0.209210
-0.340000	-0.443140
-1.060000	-0.995040
-1.750000	-1.593700
-1.370000	-1.486900
-0.596000	-0.478470
0.305000	0.365520
0.815000	0.794470
0.892000	1.274200
1.030000	0.948980
0.693000	1.388800
0.678000	0.570350
0.110000	0.087801
-0.546000	-0.274760
-1.400000	-0.704540
-1.780000	-1.129400
-1.190000	-2.043000
-0.028600	-0.181810
0.432000	0.407950
0.886000	0.638720
1.110000	0.675750
0.748000	0.569210
0.802000	0.671500
0.579000	0.340980
-0.018200	-0.155680
-0.620000	-0.625440
-1.320000	-1.015900
-1.800000	-1.115400
-1.410000	-2.162200
-0.645000	-0.444860
0.359000	0.514260
0.857000	0.705430
0.935000	1.151200
1.070000	1.550600
0.833000	1.092500
0.807000	0.407940
0.137000	0.105920
-0.580000	-0.310770
-1.240000	-0.726860
-1.880000	-0.920350
-1.810000	-1.651200
-0.378000	-0.022163
0.830000	0.677440
1.250000	0.656790
0.743000	0.934080
0.694000	0.692730
0.887000	0.786080
0.677000	0.315670
-0.020600	-0.204480
-0.768000	-0.561280
-1.480000	-1.222200
-1.950000	-1.166400
-1.370000	-2.015800
-0.254000	0.014934
0.322000	0.460880
1.150000	0.860020
1.230000	1.217600
1.230000	1.126400
0.764000	0.927110
0.679000	0.366220
0.176000	0.120170
-0.512000	-0.314880
-1.270000	-0.704210
-1.950000	-0.799050
-1.740000	-2.340200
-0.395000	-0.605100
0.313000	0.784880
0.532000	0.831430
0.773000	1.076800
0.838000	1.068200
0.997000	1.065300
0.663000	0.343420
0.173000	0.104580
-0.385000	-0.227810
-1.030000	-0.647430
-1.850000	-1.260700
-1.790000	-1.728200
-0.206000	0.044241
0.688000	0.780460
0.972000	0.775370
0.747000	1.081900
1.010000	0.940660
0.807000	1.140900
0.461000	0.473110
0.188000	0.193020
-0.485000	-0.353170
-1.220000	-0.890290
-1.910000	-1.322200
-1.650000	-2.230700
-0.510000	-0.756640
0.563000	0.433940
0.677000	0.820900
