1.110000	0.597040
0.984000	0.626970
1.220000	0.626970
0.922000	0.624410
0.384000	0.542310
-0.248000	0.488430
-1.340000	-0.719980
-1.550000	-0.835430
-0.934000	-1.470900
-0.342000	-1.009000
0.280000	0.615860
0.706000	0.616710
1.280000	0.620990
0.976000	0.618420
0.992000	0.499550
0.718000	0.553430
0.254000	-0.104230
-0.781000	-0.501900
-1.300000	-1.128800
-1.330000	-0.880760
-0.931000	-1.265600
-0.410000	0.253250
0.313000	0.565400
1.230000	0.619280
1.180000	0.614150
1.020000	0.626970
1.140000	0.603880
0.870000	0.569670
0.087800	0.141220
-0.768000	-0.129890
-1.320000	-0.843130
-1.570000	-1.641900
-1.170000	-1.488000
-0.449000	-0.290670
0.895000	0.569670
0.892000	0.619280
1.280000	0.626120
0.853000	0.625260
1.170000	0.626970
0.775000	0.625260
0.143000	0.526060
-0.821000	0.073568
-1.320000	-0.481380
-1.560000	-1.034700
-1.200000	-2.291900
-0.316000	0.112990
0.422000	0.582500
0.985000	0.617570
1.130000	0.620990
1.070000	0.612440
0.926000	0.618420
0.624000	0.571390
-0.056500	0.254960
-1.030000	-0.340270
-1.500000	-0.957730
-1.570000	-0.949180
-1.220000	-2.454300
-0.557000	-0.099954
0.312000	0.559410
0.870000	0.624410
1.060000	0.626970
1.070000	0.626970
0.835000	0.626970
0.740000	0.623550
0.276000	0.503820
-0.665000	0.002825
-1.350000	-0.529270
-1.560000	-0.757610
-1.260000	-1.761600
0.142000	0.310550
0.693000	0.615000
0.705000	0.620990
0.811000	0.621840
0.936000	0.600460
1.100000	0.593620
0.644000	0.593620
-0.390000	0.175420
-1.170000	-0.271000
-1.530000	-1.154400
-1.700000	-1.043200
-1.280000	-2.223400
-0.446000	0.297720
0.339000	0.564540
1.140000	0.624410
1.050000	0.626970
0.922000	0.625260
0.822000	0.625260
0.872000	0.615860
0.349000	0.458500
-0.706000	-0.019650
-1.430000	-0.506180
-1.710000	-0.595120
-1.540000	-2.710900
-0.982000	-0.595970
0.149000	0.581650
0.784000	0.620130
0.917000	0.624410
1.380000	0.620130
0.992000	0.625260
0.658000	0.606450
0.182000	0.462770
-0.556000	0.039702
-1.470000	-0.410390
-1.770000	-1.222800
-1.370000	-1.872800
-0.078000	0.346470
0.616000	0.585070
1.110000	0.619280
1.090000	0.626970
0.778000	0.625260
0.800000	0.626970
0.783000	0.522640
0.431000	0.539740
-0.405000	-0.066686
-1.380000	-0.769580
-1.500000	-1.316900
-1.470000	-2.557000
-0.730000	-0.618210
0.044500	0.550860
0.776000	0.625260
