0.914000	0.863060
1.180000	1.679600
1.380000	1.592000
1.040000	1.212600
0.554000	0.444650
0.140000	-0.007470
-0.747000	-0.739720
-1.150000	-0.815600
-1.180000	-1.171200
-0.794000	-0.947370
0.455000	0.226160
1.240000	0.514270
0.837000	0.765690
1.210000	0.932880
1.060000	0.838950
0.454000	0.544490
-0.233000	-0.367830
-0.903000	-0.853800
-1.220000	-1.213200
-1.430000	-1.190200
-1.380000	-1.336200
-0.890000	-0.584320
-0.122000	-0.134740
0.613000	0.468380
1.050000	0.949850
1.190000	1.184200
0.958000	0.957520
0.492000	0.509240
-0.306000	-0.223960
-0.918000	-0.645020
-1.270000	-1.144600
-1.540000	-1.484400
-1.710000	-1.406900
-1.570000	-0.857470
-1.120000	-0.330320
0.215000	0.158900
0.986000	0.947670
1.240000	1.081900
1.390000	1.618000
1.040000	0.818740
0.378000	0.046929
-0.178000	-0.430580
-0.654000	-0.823800
-1.130000	-1.049000
-1.240000	-1.590100
-0.744000	-0.642950
-0.257000	-0.197470
0.601000	0.292910
0.982000	0.668120
1.120000	0.768720
1.030000	0.880650
0.816000	0.433210
-0.118000	-0.268770
-0.773000	-0.819000
-1.160000	-1.209300
-1.480000	-1.280500
-1.620000	-1.833000
-1.590000	-0.933290
-1.110000	-0.227680
0.467000	0.213110
1.300000	1.114300
1.480000	2.018000
1.360000	1.754800
1.050000	0.867340
0.466000	0.209380
-0.298000	-0.323860
-0.697000	-0.708260
-1.110000	-0.931990
-1.230000	-1.340400
-0.629000	-0.456710
0.222000	0.126770
0.763000	0.303680
1.190000	0.842700
1.280000	0.846380
1.080000	0.942240
0.695000	0.331450
-0.080100	-0.338540
-0.670000	-0.800620
-1.110000	-1.290200
-1.420000	-1.307100
-1.400000	-1.665700
-0.954000	-0.614420
-0.224000	-0.272020
0.534000	0.352880
0.898000	1.472400
1.550000	1.926600
1.180000	1.627300
0.652000	0.822260
0.129000	0.350670
-0.389000	-0.268970
-0.854000	-0.685710
-1.180000	-0.818300
-1.290000	-1.640200
-0.922000	-0.699310
0.256000	0.182760
1.210000	0.468100
1.290000	1.138200
1.480000	1.404200
1.290000	1.458400
0.722000	0.687270
0.142000	0.196060
-0.412000	-0.272080
-0.842000	-0.764140
-1.200000	-1.111500
-1.160000	-1.333300
-0.524000	-0.434740
0.044900	0.157450
0.873000	0.422470
1.070000	0.989280
1.290000	1.291500
1.220000	1.660400
1.040000	1.049700
0.521000	0.463210
-0.185000	-0.269950
-1.050000	-0.744400
-1.330000	-1.077700
-1.250000	-1.555500
-0.826000	-0.848560
-0.413000	-0.149230
0.883000	0.392570
