1.340000	0.769180
1.520000	1.570700
1.580000	1.375800
0.915000	1.033500
0.355000	0.433530
0.082200	0.165940
-0.841000	-0.643500
-1.420000	-0.857680
-1.320000	-1.365400
-0.663000	-1.104100
0.275000	0.392680
0.971000	0.559400
0.904000	0.708280
1.050000	0.845970
0.976000	0.722050
0.559000	0.521600
0.017100	-0.328370
-0.599000	-0.704240
-1.150000	-1.164500
-1.620000	-1.162600
-1.510000	-1.381400
-0.589000	-0.493360
-0.146000	0.010142
0.599000	0.546000
0.998000	0.874280
1.070000	1.080400
0.873000	0.830580
0.700000	0.469130
0.186000	-0.164430
-0.338000	-0.479510
-0.886000	-0.995180
-1.550000	-1.533800
-1.680000	-1.561200
-1.050000	-0.857290
-0.104000	-0.172540
0.677000	0.341360
1.340000	1.069000
1.200000	1.052800
1.510000	1.568200
1.020000	0.762720
0.406000	0.176430
-0.129000	-0.226660
-0.660000	-0.658370
-1.280000	-1.087700
-1.310000	-1.861000
-0.722000	-0.564830
-0.026900	-0.075331
0.544000	0.360170
0.935000	0.634360
1.190000	0.658600
1.110000	0.790290
0.694000	0.379420
-0.046900	-0.216260
-0.729000	-0.700930
-1.280000	-1.084700
-1.750000	-1.275500
-1.910000	-2.107800
-1.620000	-0.931770
-0.946000	-0.062874
0.371000	0.375370
1.230000	1.162600
1.270000	1.922200
1.120000	1.608600
0.791000	0.765310
0.221000	0.288690
-0.330000	-0.184260
-0.823000	-0.622250
-1.460000	-0.889770
-1.540000	-1.533100
-0.637000	-0.377290
0.223000	0.281470
0.954000	0.387360
1.130000	0.860880
1.090000	0.788290
1.070000	0.872170
0.765000	0.340770
0.164000	-0.222070
-0.403000	-0.602310
-0.970000	-1.182200
-1.460000	-1.239300
-1.520000	-1.951600
-0.588000	-0.510690
0.082800	-0.081058
0.691000	0.539520
0.627000	1.452000
1.470000	1.712700
1.080000	1.444200
0.629000	0.731200
0.192000	0.344700
-0.374000	-0.153980
-0.951000	-0.580230
-1.440000	-0.784410
-1.630000	-2.044400
-0.919000	-0.846070
-0.043600	0.366820
0.972000	0.608890
1.180000	1.111300
1.190000	1.309300
1.060000	1.378600
0.616000	0.626280
0.187000	0.240720
-0.288000	-0.146290
-0.893000	-0.591730
-1.490000	-1.156700
-1.610000	-1.609300
-0.544000	-0.373670
0.299000	0.334180
0.822000	0.501920
0.798000	1.015300
1.290000	1.153500
1.190000	1.495200
0.908000	0.880220
0.474000	0.414280
-0.088400	-0.183270
-0.760000	-0.723880
-1.300000	-1.175500
-1.520000	-1.973000
-0.970000	-0.979090
-0.127000	-0.002860
0.782000	0.526190
