0.872000	0.759070
1.650000	1.840100
1.590000	1.633500
1.060000	1.168500
0.279000	0.387310
-0.093600	0.026439
-0.748000	-0.476580
-1.020000	-0.730320
-1.220000	-1.117000
-1.280000	-1.017400
0.011500	0.162020
1.470000	0.415850
0.967000	0.642260
0.881000	0.856200
0.496000	0.755220
-0.130000	0.449650
-0.399000	-0.364770
-0.887000	-0.691150
-1.180000	-1.012800
-1.370000	-1.150600
-1.470000	-1.269200
-1.410000	-0.855690
-0.988000	-0.340960
0.187000	0.382240
0.521000	0.879610
1.390000	1.174900
0.752000	0.855990
0.186000	0.381890
-0.539000	-0.264820
-0.859000	-0.573590
-1.090000	-0.924530
-1.340000	-1.262800
-1.440000	-1.394800
-1.480000	-1.069200
-1.260000	-0.590020
0.370000	0.073787
1.200000	1.069400
1.260000	1.116900
1.440000	1.801300
1.020000	0.760030
0.348000	0.019746
-0.130000	-0.315410
-0.538000	-0.634650
-0.995000	-0.952070
-1.210000	-1.377900
-1.120000	-0.866230
-0.917000	-0.457420
0.227000	0.137410
0.909000	0.543870
1.190000	0.607860
0.831000	0.782560
0.609000	0.252310
-0.258000	-0.404720
-0.783000	-0.778000
-1.100000	-1.006000
-1.320000	-1.277300
-1.500000	-1.655400
-1.610000	-1.272600
-1.230000	-0.451900
0.649000	0.142790
1.670000	1.238200
1.640000	2.302800
1.610000	1.927900
1.040000	0.800500
0.384000	0.195790
-0.262000	-0.212380
-0.594000	-0.554100
-0.933000	-0.818190
-1.100000	-1.197000
-0.949000	-0.702680
0.031800	0.010555
0.632000	0.173190
1.290000	0.830330
1.470000	0.782650
1.110000	0.892350
0.621000	0.189560
-0.036300	-0.368210
-0.505000	-0.672580
-0.861000	-1.023100
-1.120000	-1.170200
-1.290000	-1.551100
-1.180000	-0.907730
-0.263000	-0.469970
0.632000	0.357830
1.260000	1.662600
1.550000	2.079100
1.290000	1.715700
0.623000	0.761270
0.111000	0.297340
-0.269000	-0.155740
-0.665000	-0.505350
-1.020000	-0.755650
-1.230000	-1.408600
-1.210000	-0.891610
0.515000	0.130890
1.210000	0.471280
1.700000	1.177900
1.400000	1.482100
1.350000	1.585600
0.810000	0.611170
0.336000	0.141120
-0.052900	-0.189070
-0.375000	-0.576950
-0.684000	-0.946030
-0.953000	-1.247400
-0.804000	-0.727430
-0.063900	0.080847
0.529000	0.321670
0.871000	1.029800
0.988000	1.271500
1.290000	1.745100
0.975000	1.004400
0.606000	0.351560
0.120000	-0.171320
-0.530000	-0.567850
-0.841000	-0.920200
-1.110000	-1.391200
-1.090000	-1.050400
-0.199000	-0.339410
1.070000	0.345860
