0.656000	0.680480
0.686000	0.857970
0.900000	0.947260
0.782000	0.884250
0.278000	0.695160
-0.087500	0.551350
-1.160000	-0.660970
-1.730000	-0.841680
-1.170000	-1.515300
-0.404000	-1.118100
0.487000	0.472620
0.987000	0.560160
1.120000	0.644560
1.260000	0.719630
1.090000	0.611110
0.806000	0.610940
0.291000	-0.085641
-0.347000	-0.528670
-1.130000	-1.177000
-1.550000	-0.993830
-1.190000	-1.396900
-0.301000	0.014174
0.521000	0.345430
0.998000	0.530380
0.990000	0.684500
1.150000	0.776650
1.100000	0.732540
0.829000	0.640780
0.258000	0.157190
-0.372000	-0.168180
-1.060000	-0.895500
-1.630000	-1.699400
-1.280000	-1.606700
-0.613000	-0.505510
0.371000	0.320770
0.904000	0.431520
1.280000	0.583280
1.200000	0.725130
0.838000	0.783030
0.925000	0.754310
0.430000	0.581600
-0.272000	0.087605
-0.952000	-0.493510
-1.590000	-1.074100
-1.410000	-2.315000
-0.363000	-0.086298
0.545000	0.363170
0.937000	0.511540
1.060000	0.636270
1.060000	0.689270
0.996000	0.714370
0.791000	0.612580
0.203000	0.221480
-0.568000	-0.408660
-1.320000	-1.047200
-1.810000	-1.088700
-1.620000	-2.549000
-0.803000	-0.365390
0.080600	0.296730
0.722000	0.495200
0.887000	0.688480
1.110000	0.886670
0.979000	0.940880
0.825000	0.829230
0.399000	0.607340
-0.332000	0.054008
-1.080000	-0.513470
-1.810000	-0.790240
-1.620000	-1.793700
-0.364000	0.134580
0.761000	0.451240
1.120000	0.520350
0.476000	0.631650
1.050000	0.685300
0.885000	0.677410
0.760000	0.627340
0.204000	0.160560
-0.451000	-0.318410
-1.140000	-1.200100
-1.720000	-1.142100
-1.300000	-2.304000
-0.326000	0.037009
0.412000	0.317520
1.020000	0.506360
0.556000	0.803760
1.150000	0.975940
0.808000	0.932890
0.595000	0.823560
0.124000	0.583060
-0.551000	0.048424
-1.270000	-0.479350
-1.860000	-0.628600
-1.760000	-2.694500
-0.839000	-0.750590
0.542000	0.410670
0.898000	0.550320
1.080000	0.694510
1.080000	0.794110
0.894000	0.835630
0.601000	0.771630
0.152000	0.542130
-0.503000	0.072068
-1.290000	-0.414410
-1.880000	-1.238700
-1.870000	-1.909200
-0.593000	0.142010
0.684000	0.399710
0.911000	0.521450
0.932000	0.646220
0.836000	0.779820
0.816000	0.861160
0.673000	0.754720
0.227000	0.666740
-0.393000	0.003715
-1.170000	-0.732560
-1.710000	-1.315000
-1.750000	-2.553200
-0.953000	-0.769980
0.399000	0.355630
0.897000	0.518640
