1.180000	0.745090
1.070000	1.106000
1.130000	1.307500
0.904000	1.168700
0.442000	0.850690
0.127000	0.597500
-0.801000	-0.538280
-1.450000	-0.793220
-1.420000	-1.472100
-0.714000	-1.187100
0.359000	0.251100
0.886000	0.447530
0.883000	0.632330
1.050000	0.805140
1.040000	0.717650
0.799000	0.645910
0.305000	-0.055255
-0.255000	-0.528480
-0.898000	-1.161600
-1.490000	-1.076600
-1.580000	-1.476600
-0.675000	-0.303340
0.113000	0.030893
0.541000	0.376910
1.020000	0.731530
1.450000	0.922490
1.110000	0.853520
0.925000	0.691740
0.428000	0.167740
-0.092100	-0.207550
-0.685000	-0.904490
-1.350000	-1.661000
-1.520000	-1.655700
-0.873000	-0.755910
0.227000	-0.030431
0.744000	0.153820
1.210000	0.487240
1.240000	0.808490
1.250000	0.936890
1.000000	0.874340
0.483000	0.615940
-0.088600	0.100290
-0.638000	-0.476320
-1.250000	-1.053800
-1.430000	-2.189600
-0.797000	-0.344360
0.214000	0.048271
0.709000	0.336670
0.787000	0.613620
0.969000	0.744540
1.030000	0.793260
0.719000	0.625830
0.150000	0.162220
-0.622000	-0.471670
-1.340000	-1.095000
-1.940000	-1.200100
-2.040000	-2.502600
-1.530000	-0.692230
-0.704000	-0.071083
0.306000	0.290730
0.925000	0.723510
1.190000	1.170800
1.100000	1.293100
0.889000	1.045700
0.441000	0.703460
-0.194000	0.118140
-0.805000	-0.457940
-1.520000	-0.780180
-1.710000	-1.715300
-0.580000	-0.107490
0.329000	0.203990
1.060000	0.352020
1.030000	0.602070
1.100000	0.751450
1.010000	0.742700
0.814000	0.629710
0.275000	0.130060
-0.298000	-0.359730
-0.908000	-1.179700
-1.430000	-1.196000
-1.630000	-2.255400
-0.562000	-0.310690
0.346000	-0.030967
0.813000	0.315920
0.919000	0.983660
1.350000	1.374500
0.988000	1.277300
0.726000	1.043100
0.275000	0.708690
-0.362000	0.135300
-0.944000	-0.411520
-1.560000	-0.630560
-1.910000	-2.491200
-1.030000	-0.904720
-0.073900	0.156610
0.885000	0.420780
1.050000	0.740510
0.952000	0.970960
0.982000	1.057900
0.686000	0.938340
0.222000	0.610660
-0.338000	0.110070
-0.951000	-0.391790
-1.530000	-1.176200
-1.810000	-1.828600
-0.944000	-0.138290
0.225000	0.127340
0.746000	0.356760
0.634000	0.628160
1.170000	0.931910
0.989000	1.113200
0.820000	1.011200
0.416000	0.789970
-0.181000	0.096684
-0.850000	-0.634160
-1.470000	-1.223900
-1.860000	-2.376200
-1.110000	-0.919030
-0.174000	0.073155
0.761000	0.342510
