1.040000	0.971960
0.931000	1.223800
1.210000	1.135800
0.929000	0.921210
0.351000	0.162890
-0.288000	-0.417490
-1.440000	-1.396000
-1.610000	-0.950260
-0.754000	-1.038500
-0.193000	-0.517720
0.390000	0.522530
0.824000	0.790800
1.230000	1.003500
1.180000	0.964800
1.080000	0.872770
0.776000	0.589710
0.176000	-0.515910
-0.814000	-1.244100
-1.440000	-1.516800
-1.290000	-1.114600
-0.653000	-1.175800
-0.242000	0.179360
0.413000	0.502690
1.180000	0.775840
1.180000	1.047700
1.030000	1.063600
1.120000	0.991510
0.803000	0.568230
0.051500	-0.321340
-0.783000	-0.895480
-1.480000	-1.566000
-1.630000	-1.707700
-0.958000	-1.103600
-0.310000	-0.155450
0.865000	0.403450
0.899000	0.571880
1.340000	0.915770
0.921000	0.948330
1.220000	1.264600
0.765000	0.704520
0.119000	-0.218380
-0.786000	-0.887320
-1.410000	-1.297200
-1.590000	-1.141100
-1.010000	-1.654000
-0.183000	-0.032752
0.370000	0.514910
0.963000	0.711460
1.050000	0.889140
0.922000	0.963960
0.955000	0.947330
0.618000	0.637780
-0.080400	-0.125750
-0.977000	-0.922400
-1.640000	-1.491300
-1.660000	-1.078900
-0.996000	-1.692000
-0.369000	0.033818
0.372000	0.510240
1.040000	0.481280
1.070000	0.902750
0.848000	1.378000
0.770000	1.113100
0.729000	0.613270
0.212000	-0.121660
-0.735000	-0.789010
-1.450000	-1.112200
-1.710000	-1.139000
-1.230000	-1.362600
0.159000	0.137840
0.713000	0.536300
0.701000	0.662690
0.702000	0.919440
0.860000	0.863920
1.150000	0.974060
0.593000	0.427250
-0.473000	-0.445320
-1.260000	-1.146500
-1.720000	-1.752100
-1.730000	-1.438300
-0.986000	-1.459800
-0.368000	0.213270
0.360000	0.358500
1.110000	0.498780
1.050000	1.001800
0.821000	1.308200
0.828000	1.120900
0.833000	0.537640
0.299000	0.123150
-0.713000	-0.746210
-1.470000	-1.167800
-1.740000	-0.942620
-1.340000	-1.684900
-0.858000	0.008751
0.300000	0.515130
0.818000	0.553060
0.900000	1.085200
1.190000	1.141100
0.986000	1.032300
0.641000	0.482170
0.108000	0.014178
-0.666000	-0.632190
-1.580000	-1.257700
-1.830000	-1.342700
-1.310000	-1.184000
-0.012900	0.312380
0.765000	0.561070
0.951000	0.762050
0.916000	0.992930
0.778000	1.222900
0.873000	1.341200
0.910000	0.802480
0.409000	0.357210
-0.542000	-0.704940
-1.470000	-1.159400
-1.670000	-1.283100
-1.370000	-1.465900
-0.679000	-0.176290
0.064900	0.399810
0.746000	0.630360
