0.416000	0.568160
1.160000	0.596640
1.100000	0.596640
1.210000	0.594200
0.810000	0.516070
0.225000	0.464800
-0.486000	-0.685150
-1.040000	-0.795020
-1.180000	-1.399700
-0.857000	-0.960230
0.032600	0.586060
0.599000	0.586880
0.825000	0.590950
1.140000	0.588500
1.360000	0.475380
0.713000	0.526650
-0.070800	-0.099187
-0.683000	-0.477620
-1.080000	-1.074200
-1.430000	-0.838150
-1.620000	-1.204400
-1.280000	0.241000
-0.489000	0.538050
0.735000	0.589320
1.030000	0.584430
1.040000	0.596640
1.040000	0.574670
0.655000	0.542120
0.068500	0.134380
-0.475000	-0.123600
-1.030000	-0.802340
-1.490000	-1.562500
-1.670000	-1.416000
-1.420000	-0.276600
-0.235000	0.542120
0.463000	0.589320
1.690000	0.595830
1.310000	0.595010
1.260000	0.596640
0.878000	0.595010
0.152000	0.500610
-0.367000	0.070009
-0.820000	-0.458090
-1.230000	-0.984640
-1.570000	-2.181000
-1.150000	0.107530
-0.589000	0.554320
0.556000	0.587690
1.550000	0.590950
1.110000	0.582810
1.150000	0.588500
0.857000	0.543740
0.194000	0.242620
-0.400000	-0.323810
-0.905000	-0.911400
-1.310000	-0.903260
-1.650000	-2.335600
-1.520000	-0.095118
-0.855000	0.532350
0.400000	0.594200
1.100000	0.596640
1.170000	0.596640
1.560000	0.596640
1.200000	0.593390
0.352000	0.479450
-0.313000	0.002688
-0.779000	-0.503660
-1.190000	-0.720960
-1.410000	-1.676400
-0.656000	0.295520
0.894000	0.585250
0.834000	0.590950
0.927000	0.591760
1.200000	0.571410
1.040000	0.564900
0.713000	0.564900
-0.028800	0.166940
-0.654000	-0.257890
-1.150000	-1.098600
-1.600000	-0.992780
-1.510000	-2.115900
-1.070000	0.283320
-0.661000	0.537230
0.100000	0.594200
0.744000	0.596640
1.410000	0.595010
1.200000	0.595010
0.715000	0.586060
0.271000	0.436320
-0.203000	-0.018699
-0.772000	-0.481690
-1.180000	-0.566330
-1.440000	-2.579800
-0.996000	-0.567140
0.088400	0.553510
0.930000	0.590130
1.350000	0.594200
1.270000	0.590130
1.120000	0.595010
0.601000	0.577110
0.120000	0.440390
-0.338000	0.037781
-0.758000	-0.390540
-1.260000	-1.163700
-1.540000	-1.782200
-0.660000	0.329700
0.050800	0.556760
0.509000	0.589320
1.300000	0.596640
1.180000	0.595010
1.260000	0.596640
0.964000	0.497350
0.528000	0.513630
-0.076900	-0.063460
-0.791000	-0.732350
-1.170000	-1.253200
-1.360000	-2.433300
-0.734000	-0.588300
-0.182000	0.524210
0.979000	0.595010
