0.939000	0.835290
1.290000	1.480300
1.300000	1.442000
0.948000	1.147500
0.607000	0.530710
0.325000	0.157370
-0.657000	-0.744340
-1.430000	-0.850310
-1.180000	-1.311000
-0.416000	-1.025200
0.291000	0.311250
0.923000	0.546940
0.809000	0.754840
1.030000	0.897430
1.070000	0.795980
0.690000	0.581470
0.171000	-0.295750
-0.401000	-0.785190
-1.030000	-1.242400
-1.490000	-1.167300
-1.480000	-1.394700
-0.649000	-0.415210
0.199000	0.012162
0.836000	0.505030
1.280000	0.900040
0.876000	1.096800
0.900000	0.918980
0.673000	0.564600
0.231000	-0.117130
-0.276000	-0.523060
-1.030000	-1.108100
-1.730000	-1.597300
-1.900000	-1.508900
-1.620000	-0.772040
-0.507000	-0.137270
0.487000	0.250970
1.260000	0.868680
1.170000	1.007000
1.110000	1.414300
0.926000	0.823230
0.377000	0.207180
-0.156000	-0.291180
-0.728000	-0.753350
-1.340000	-1.090200
-1.360000	-1.859500
-0.608000	-0.489740
-0.039000	-0.027913
0.453000	0.371990
0.890000	0.681050
0.958000	0.769580
1.030000	0.857940
0.754000	0.501780
0.102000	-0.128460
-0.569000	-0.721390
-1.350000	-1.199700
-1.840000	-1.260800
-2.040000	-2.105300
-1.690000	-0.783040
-0.623000	-0.069285
0.425000	0.308160
0.853000	1.019700
1.220000	1.734800
1.190000	1.558100
0.954000	0.879500
0.426000	0.332660
-0.277000	-0.223830
-0.871000	-0.674880
-1.570000	-0.919970
-1.730000	-1.519600
-0.995000	-0.287490
0.479000	0.233100
0.928000	0.382090
1.000000	0.806480
0.906000	0.824000
1.120000	0.891790
0.653000	0.431310
0.077000	-0.199510
-0.507000	-0.682470
-1.180000	-1.306500
-1.700000	-1.298800
-1.590000	-1.909100
-0.791000	-0.429670
-0.191000	-0.096270
0.658000	0.412810
0.704000	1.313200
1.160000	1.693900
1.000000	1.463400
0.768000	0.844630
0.373000	0.428950
-0.162000	-0.185690
-0.801000	-0.648730
-1.350000	-0.787700
-1.520000	-2.010800
-0.763000	-0.731010
-0.315000	0.261440
1.040000	0.509280
0.996000	1.039800
1.250000	1.261700
1.400000	1.312400
0.734000	0.731360
0.292000	0.304470
-0.205000	-0.179690
-0.863000	-0.686150
-1.410000	-1.186600
-1.590000	-1.548200
-0.363000	-0.267930
0.223000	0.240250
0.921000	0.469100
1.120000	0.917450
1.190000	1.176400
1.200000	1.468000
1.030000	0.990030
0.512000	0.537080
-0.098900	-0.199650
-0.805000	-0.767620
-1.200000	-1.185000
-1.400000	-1.905400
-0.678000	-0.846180
0.342000	0.003801
0.985000	0.445910
