1.310000	0.591310
1.300000	0.620950
1.180000	0.620950
0.874000	0.618410
0.370000	0.537100
0.069800	0.483740
-0.865000	-0.713070
-1.390000	-0.827410
-1.360000	-1.456700
-0.803000	-0.999350
0.280000	0.609940
0.959000	0.610790
0.952000	0.615020
1.060000	0.612480
1.070000	0.494750
0.757000	0.548110
0.316000	-0.103230
-0.272000	-0.497080
-0.860000	-1.117900
-1.380000	-0.872300
-1.490000	-1.253500
-0.687000	0.250820
0.051500	0.559970
0.523000	0.613330
0.999000	0.608250
1.310000	0.620950
1.050000	0.598090
0.897000	0.564210
0.393000	0.139860
-0.119000	-0.128640
-0.735000	-0.835040
-1.360000	-1.626100
-1.540000	-1.473700
-1.120000	-0.287870
-0.140000	0.564210
0.680000	0.613330
1.450000	0.620110
1.370000	0.619260
1.430000	0.620950
1.030000	0.619260
0.467000	0.521010
-0.104000	0.072862
-0.638000	-0.476760
-1.200000	-1.024800
-1.350000	-2.269800
-0.927000	0.111910
-0.016900	0.576910
0.479000	0.611640
0.942000	0.615020
0.960000	0.606550
1.050000	0.612480
0.726000	0.565900
0.111000	0.252510
-0.601000	-0.337000
-1.210000	-0.948530
-1.700000	-0.940060
-1.940000	-2.430800
-1.720000	-0.098994
-1.020000	0.554040
0.067200	0.618410
1.120000	0.620950
1.380000	0.620950
1.170000	0.620950
0.836000	0.617570
0.339000	0.498990
-0.290000	0.002798
-0.866000	-0.524190
-1.460000	-0.750340
-1.640000	-1.744700
-0.735000	0.307560
0.184000	0.609100
1.010000	0.615020
1.230000	0.615870
1.130000	0.594700
1.070000	0.587920
0.797000	0.587920
0.222000	0.173740
-0.376000	-0.268390
-0.965000	-1.143300
-1.390000	-1.033200
-1.590000	-2.202100
-0.841000	0.294860
-0.004670	0.559120
0.700000	0.618410
0.793000	0.620950
1.360000	0.619260
1.010000	0.619260
0.708000	0.609940
0.260000	0.454100
-0.343000	-0.019461
-0.946000	-0.501320
-1.460000	-0.589410
-1.740000	-2.684900
-1.090000	-0.590250
-0.136000	0.576060
0.910000	0.614180
1.120000	0.618410
0.999000	0.614180
0.957000	0.619260
0.623000	0.600630
0.212000	0.458330
-0.318000	0.039321
-0.939000	-0.406450
-1.480000	-1.211100
-1.640000	-1.854800
-0.885000	0.343140
0.156000	0.579450
0.770000	0.613330
0.680000	0.620950
1.150000	0.619260
1.280000	0.620950
0.868000	0.517620
0.424000	0.534560
-0.125000	-0.066046
-0.763000	-0.762190
-1.280000	-1.304300
-1.650000	-2.532400
-1.050000	-0.612270
-0.280000	0.545570
0.875000	0.619260
