0.991000	0.749800
1.350000	1.296100
1.490000	1.612800
1.130000	1.396400
0.533000	0.954450
0.144000	0.594460
-0.649000	-0.337850
-1.030000	-0.657120
-1.280000	-1.275700
-1.150000	-1.153800
0.215000	-0.040116
1.210000	0.268100
0.724000	0.555610
1.160000	0.829100
0.970000	0.775490
0.318000	0.624660
-0.289000	-0.013269
-0.892000	-0.476430
-1.190000	-1.029100
-1.430000	-1.070600
-1.500000	-1.427700
-1.160000	-0.655710
-0.532000	-0.350670
0.462000	0.155270
0.817000	0.716390
1.330000	1.007600
0.878000	0.915420
0.336000	0.685240
-0.405000	0.163990
-0.898000	-0.234580
-1.220000	-0.826610
-1.500000	-1.451900
-1.700000	-1.552300
-1.680000	-0.983140
-1.410000	-0.450100
0.578000	-0.195460
1.240000	0.323890
1.280000	0.829530
1.410000	1.030200
1.080000	0.933060
0.421000	0.596880
-0.133000	0.105710
-0.584000	-0.408920
-1.090000	-0.926040
-1.370000	-1.824000
-1.030000	-0.621170
-0.643000	-0.335430
0.405000	0.093214
0.759000	0.526190
1.110000	0.738060
0.995000	0.810430
0.884000	0.580420
0.058100	0.074992
-0.547000	-0.501250
-0.955000	-1.045300
-1.290000	-1.216400
-1.570000	-2.201300
-1.640000	-1.017700
-1.170000	-0.506770
0.561000	0.016154
1.340000	0.694730
1.600000	1.397900
1.490000	1.590200
1.100000	1.203600
0.555000	0.750170
-0.184000	0.183740
-0.534000	-0.346210
-0.913000	-0.691570
-1.140000	-1.452800
-0.801000	-0.388270
0.129000	-0.113570
0.701000	0.114930
1.010000	0.507440
1.320000	0.757370
1.040000	0.748440
0.686000	0.570820
-0.050700	0.080599
-0.606000	-0.374180
-1.020000	-1.039500
-1.330000	-1.143500
-1.370000	-1.975700
-1.150000	-0.698670
-0.191000	-0.447320
0.438000	0.055753
0.914000	1.103700
1.430000	1.719400
1.140000	1.566600
0.616000	1.205000
0.124000	0.790390
-0.301000	0.226580
-0.730000	-0.289540
-1.080000	-0.571090
-1.280000	-2.002300
-1.070000	-1.001500
0.243000	-0.164510
1.100000	0.223630
1.320000	0.723270
1.490000	1.088600
1.230000	1.221600
0.756000	1.047000
0.223000	0.633260
-0.246000	0.145000
-0.596000	-0.326150
-0.927000	-0.985660
-1.180000	-1.552400
-0.669000	-0.462050
0.087800	-0.212940
0.788000	0.123590
1.140000	0.544820
1.220000	1.023600
1.240000	1.307400
1.130000	1.220600
0.606000	0.860810
-0.016000	0.199090
-0.801000	-0.453560
-1.140000	-0.994250
-1.250000	-1.930200
-0.971000	-1.008300
-0.454000	-0.273970
0.871000	0.096962
