0.871000	0.622390
1.010000	0.653590
1.190000	0.653590
1.090000	0.650920
0.680000	0.565330
0.251000	0.509170
-0.758000	-0.750550
-1.520000	-0.870900
-1.370000	-1.533300
-0.473000	-1.051900
0.403000	0.642000
0.729000	0.642890
0.966000	0.647350
1.100000	0.644680
1.130000	0.520760
0.759000	0.576920
0.179000	-0.108650
-0.483000	-0.523210
-1.100000	-1.176700
-1.570000	-0.918150
-1.560000	-1.319300
-0.914000	0.264000
-0.099200	0.589400
0.969000	0.645570
1.180000	0.640220
1.020000	0.653590
1.070000	0.629520
0.784000	0.593860
0.168000	0.147210
-0.383000	-0.135400
-1.140000	-0.878920
-1.730000	-1.711600
-1.580000	-1.551100
-0.888000	-0.303010
0.188000	0.593860
0.792000	0.645570
1.100000	0.652700
1.080000	0.651810
1.140000	0.653590
0.722000	0.651810
0.262000	0.548390
-0.396000	0.076691
-0.994000	-0.501810
-1.580000	-1.078600
-1.380000	-2.389200
-0.404000	0.117790
0.252000	0.607230
0.927000	0.643780
1.070000	0.647350
0.961000	0.638440
1.030000	0.644680
0.684000	0.595640
0.194000	0.265780
-0.538000	-0.354710
-1.130000	-0.998390
-1.680000	-0.989470
-1.490000	-2.558500
-0.695000	-0.104200
0.035200	0.583160
0.853000	0.650920
0.845000	0.653590
0.739000	0.653590
0.870000	0.653590
0.961000	0.650020
0.479000	0.525210
-0.287000	0.002945
-0.977000	-0.551740
-1.650000	-0.789770
-1.890000	-1.836400
-0.367000	0.323730
0.518000	0.641110
0.800000	0.647350
0.832000	0.648240
0.713000	0.625950
0.954000	0.618820
0.579000	0.618820
-0.111000	0.182870
-0.759000	-0.282500
-1.430000	-1.203400
-1.880000	-1.087500
-1.290000	-2.317800
-0.505000	0.310360
0.255000	0.588510
0.838000	0.650920
1.250000	0.653590
1.310000	0.651810
1.100000	0.651810
0.957000	0.642000
0.455000	0.477960
-0.261000	-0.020484
-0.950000	-0.527670
-1.650000	-0.620380
-1.900000	-2.826000
-1.100000	-0.621280
0.276000	0.606340
0.835000	0.646460
1.110000	0.650920
1.030000	0.646460
0.960000	0.651810
0.605000	0.632190
0.206000	0.482420
-0.421000	0.041387
-1.080000	-0.427820
-1.730000	-1.274800
-1.870000	-1.952300
-0.313000	0.361170
0.515000	0.609910
0.784000	0.645570
1.070000	0.653590
1.020000	0.651810
1.240000	0.653590
0.957000	0.544830
0.452000	0.562660
-0.153000	-0.069517
-0.895000	-0.802250
-1.270000	-1.372800
-1.670000	-2.665500
-0.764000	-0.644460
-0.049600	0.574250
0.721000	0.651810
