0.641000	0.761160
1.050000	1.499000
1.090000	1.358600
1.030000	1.045500
0.623000	0.486790
0.227000	0.222630
-0.621000	-0.625100
-1.380000	-0.843490
-1.300000	-1.370900
-0.826000	-1.108200
-0.116000	0.370840
0.408000	0.540670
0.599000	0.693580
1.050000	0.835260
1.160000	0.717040
0.676000	0.534940
0.040500	-0.289720
-0.653000	-0.676250
-1.430000	-1.156600
-1.950000	-1.143800
-2.000000	-1.385500
-1.490000	-0.465410
-0.598000	0.012266
0.788000	0.519640
1.180000	0.849710
1.040000	1.052600
0.980000	0.828560
0.734000	0.495970
0.184000	-0.118980
-0.319000	-0.440180
-1.070000	-0.976720
-1.690000	-1.540900
-1.780000	-1.563900
-1.470000	-0.838730
-0.092300	-0.153100
0.539000	0.313600
1.480000	0.984260
1.070000	1.013600
1.090000	1.474100
0.753000	0.772980
0.241000	0.234100
-0.294000	-0.181500
-0.853000	-0.629810
-1.340000	-1.076200
-1.330000	-1.892800
-0.653000	-0.532240
-0.161000	-0.058919
0.794000	0.354410
1.040000	0.627490
1.020000	0.665980
1.140000	0.785780
0.717000	0.409950
0.245000	-0.164420
-0.362000	-0.665930
-0.896000	-1.079200
-1.440000	-1.257500
-1.550000	-2.147000
-1.070000	-0.894420
-0.236000	-0.064252
0.731000	0.361280
0.996000	1.096600
0.932000	1.810000
1.180000	1.556800
1.080000	0.798280
0.508000	0.342450
-0.264000	-0.142560
-1.030000	-0.596220
-1.670000	-0.869420
-1.920000	-1.547500
-0.621000	-0.339280
0.485000	0.268860
0.846000	0.379850
0.896000	0.820740
0.861000	0.778450
1.020000	0.849420
0.562000	0.377210
-0.070200	-0.173660
-0.603000	-0.566120
-1.210000	-1.174300
-1.630000	-1.225700
-1.390000	-1.979600
-0.829000	-0.481350
-0.006570	-0.074494
0.610000	0.505840
0.941000	1.380400
1.300000	1.657300
1.220000	1.413300
0.973000	0.768600
0.541000	0.391370
-0.033200	-0.114180
-0.648000	-0.553860
-1.260000	-0.758840
-1.550000	-2.090700
-0.983000	-0.848790
0.338000	0.335910
1.160000	0.579630
1.140000	1.054800
1.100000	1.256100
1.030000	1.327300
0.655000	0.664290
0.294000	0.288740
-0.196000	-0.111030
-0.815000	-0.561190
-1.450000	-1.151800
-1.640000	-1.628200
-0.358000	-0.340350
0.509000	0.303900
0.883000	0.479010
1.300000	0.957020
1.110000	1.116800
1.350000	1.435000
1.020000	0.892570
0.506000	0.462060
0.087000	-0.144520
-0.746000	-0.707080
-0.976000	-1.174300
-1.370000	-2.013900
-0.592000	-0.965080
0.039300	0.006790
1.010000	0.497960
