-0.518000	0.622760
0.763000	0.726750
0.846000	0.772060
0.733000	0.738890
0.146000	0.604780
-0.310000	0.506760
-1.410000	-0.669980
-1.850000	-0.815340
-0.986000	-1.452500
-0.215000	-1.036300
0.652000	0.526010
0.999000	0.570840
1.090000	0.615660
1.150000	0.652560
1.110000	0.542260
0.835000	0.567200
0.252000	-0.091893
-0.463000	-0.501510
-1.280000	-1.121800
-1.540000	-0.913620
-0.849000	-1.297000
0.074900	0.124860
0.739000	0.438020
1.020000	0.556910
1.050000	0.632750
1.150000	0.685480
1.050000	0.652360
0.743000	0.589900
0.073800	0.145390
-0.635000	-0.145700
-1.290000	-0.846230
-1.580000	-1.625300
-0.961000	-1.506800
-0.371000	-0.391610
0.539000	0.427490
1.000000	0.506740
1.500000	0.586940
1.240000	0.658530
1.050000	0.688710
0.964000	0.673340
0.354000	0.539600
-0.476000	0.078643
-1.190000	-0.474130
-1.640000	-1.025900
-1.070000	-2.239800
-0.103000	0.008704
0.853000	0.454970
1.070000	0.546560
0.722000	0.611450
1.130000	0.634370
1.030000	0.649890
0.763000	0.576380
0.163000	0.230870
-0.703000	-0.365500
-1.440000	-0.976450
-1.810000	-0.993550
-1.360000	-2.434000
-0.372000	-0.231880
0.331000	0.410520
0.804000	0.541440
0.846000	0.640730
1.070000	0.741310
0.920000	0.768820
0.794000	0.710570
0.261000	0.542330
-0.547000	0.028722
-1.310000	-0.506510
-1.930000	-0.753070
-1.360000	-1.728900
-0.214000	0.212590
0.926000	0.514760
1.160000	0.552620
-0.176000	0.609500
1.020000	0.626800
0.838000	0.619610
0.712000	0.594200
0.095500	0.162990
-0.642000	-0.287510
-1.340000	-1.145500
-1.710000	-1.064400
-1.020000	-2.202400
-0.049500	0.157110
0.598000	0.423450
1.010000	0.547110
0.522000	0.699230
1.040000	0.785820
0.843000	0.763970
0.613000	0.704120
0.063500	0.508940
-0.731000	0.015445
-1.460000	-0.478470
-1.820000	-0.595540
-1.470000	-2.627100
-0.666000	-0.657840
0.441000	0.478680
0.844000	0.567430
1.170000	0.642590
1.020000	0.691160
0.959000	0.714610
0.627000	0.673390
0.111000	0.490160
-0.631000	0.055022
-1.410000	-0.401000
-1.980000	-1.196800
-1.610000	-1.839100
-0.330000	0.233050
0.611000	0.474700
1.060000	0.552380
0.858000	0.619280
0.931000	0.686290
0.851000	0.728360
0.668000	0.625870
0.127000	0.589170
-0.593000	-0.029100
-1.320000	-0.729360
-1.810000	-1.279300
-1.570000	-2.483900
-0.800000	-0.678020
0.361000	0.436440
0.964000	0.553740
