1.100000	0.688060
0.907000	0.884600
0.917000	0.985510
0.801000	0.914650
0.365000	0.712070
-0.024800	0.556860
-1.090000	-0.649330
-1.730000	-0.837900
-1.190000	-1.513000
-0.443000	-1.126700
0.586000	0.450580
1.080000	0.549410
0.893000	0.644220
1.130000	0.729410
1.080000	0.622890
0.809000	0.615380
0.291000	-0.082648
-0.355000	-0.529390
-1.070000	-1.177100
-1.520000	-1.003700
-1.120000	-1.407000
-0.296000	-0.018343
0.414000	0.313690
0.829000	0.515400
1.010000	0.690290
0.986000	0.792690
1.010000	0.745970
0.807000	0.646910
0.249000	0.158490
-0.357000	-0.172450
-1.030000	-0.897680
-1.630000	-1.697800
-1.240000	-1.614000
-0.554000	-0.531880
0.405000	0.285230
0.838000	0.403670
1.410000	0.574260
1.250000	0.734700
0.989000	0.799900
0.893000	0.767670
0.410000	0.585940
-0.284000	0.089028
-0.963000	-0.492450
-1.570000	-1.073500
-1.360000	-2.305400
-0.345000	-0.112860
0.461000	0.331410
0.902000	0.494340
0.973000	0.634840
1.060000	0.695900
1.020000	0.723460
0.739000	0.614800
0.096800	0.215720
-0.637000	-0.415690
-1.390000	-1.053600
-1.820000	-1.101600
-1.570000	-2.547900
-0.897000	-0.399400
0.143000	0.259460
0.570000	0.474940
0.958000	0.693040
1.040000	0.917030
0.965000	0.978310
0.832000	0.852580
0.379000	0.618040
-0.370000	0.060656
-1.100000	-0.508500
-1.790000	-0.790320
-1.610000	-1.788200
-0.404000	0.109960
0.704000	0.426540
1.160000	0.503830
0.842000	0.629510
1.070000	0.693050
0.833000	0.685060
0.725000	0.628470
0.164000	0.157660
-0.503000	-0.323090
-1.220000	-1.199700
-1.720000	-1.149200
-1.390000	-2.302300
-0.384000	0.001430
0.431000	0.282260
0.974000	0.487560
0.730000	0.823330
1.160000	1.018200
0.794000	0.969500
0.710000	0.847220
0.211000	0.596750
-0.502000	0.057394
-1.270000	-0.473080
-1.830000	-0.629690
-1.780000	-2.677500
-0.759000	-0.767440
0.387000	0.385220
0.921000	0.537820
0.976000	0.700200
1.090000	0.813350
0.894000	0.859580
0.670000	0.789800
0.156000	0.549910
-0.498000	0.076063
-1.270000	-0.412670
-1.870000	-1.234000
-1.910000	-1.903600
-0.631000	0.113490
0.575000	0.372360
0.854000	0.505310
0.999000	0.645280
0.901000	0.796510
0.801000	0.888200
0.627000	0.782070
0.253000	0.680310
-0.415000	0.013248
-1.200000	-0.723510
-1.810000	-1.307600
-1.710000	-2.538700
-0.878000	-0.786340
0.253000	0.327180
0.859000	0.501330
