0.281000	0.774740
1.090000	1.784900
1.330000	1.791400
1.210000	1.363700
0.714000	0.622690
0.100000	0.209180
-0.662000	-0.357830
-0.988000	-0.665400
-1.160000	-1.110000
-1.270000	-1.069700
-0.177000	-0.022368
0.854000	0.301700
0.801000	0.596070
1.260000	0.876360
1.200000	0.802730
0.416000	0.507100
-0.216000	-0.241580
-0.704000	-0.615070
-1.010000	-0.984560
-1.300000	-1.147500
-1.450000	-1.327700
-1.500000	-0.958340
-1.100000	-0.512320
0.287000	0.223970
0.652000	0.839860
1.360000	1.182500
0.839000	0.920070
0.107000	0.485520
-0.577000	-0.133730
-0.903000	-0.488100
-1.170000	-0.880430
-1.380000	-1.263600
-1.550000	-1.432800
-1.650000	-1.160700
-1.320000	-0.734580
0.268000	-0.158670
1.170000	0.783310
1.240000	1.057500
1.220000	1.631200
0.931000	0.857350
0.331000	0.198540
-0.254000	-0.184050
-0.690000	-0.547310
-1.050000	-0.910780
-1.280000	-1.398200
-1.160000	-0.922720
-0.879000	-0.589700
-0.073300	0.023604
0.571000	0.513290
0.966000	0.660530
0.883000	0.815990
0.741000	0.344690
-0.055800	-0.295430
-0.640000	-0.718180
-0.990000	-1.019800
-1.250000	-1.292600
-1.470000	-1.741200
-1.590000	-1.355300
-1.130000	-0.663080
0.201000	-0.010627
1.340000	1.077800
1.650000	2.156800
1.720000	1.986300
1.310000	1.014800
0.740000	0.398800
0.004700	-0.061490
-0.343000	-0.452080
-0.712000	-0.757960
-0.980000	-1.195300
-0.740000	-0.734860
0.063800	-0.163070
0.689000	0.058314
0.998000	0.704440
1.250000	0.794180
1.120000	0.867910
0.791000	0.292050
0.164000	-0.252190
-0.425000	-0.597080
-0.855000	-0.991800
-1.170000	-1.165200
-1.370000	-1.604500
-1.280000	-1.023600
-0.903000	-0.648360
0.126000	0.158550
1.020000	1.569300
1.510000	2.153900
1.390000	1.827100
0.986000	0.989490
0.452000	0.497520
-0.046400	0.002758
-0.467000	-0.395380
-0.819000	-0.687600
-1.080000	-1.425300
-1.070000	-0.987460
-0.112000	-0.096893
1.010000	0.318610
1.260000	1.049700
1.620000	1.437100
1.540000	1.571800
1.050000	0.811100
0.395000	0.312680
-0.098400	-0.070620
-0.504000	-0.480980
-0.922000	-0.899360
-1.140000	-1.256900
-0.812000	-0.794090
-0.210000	-0.155590
0.570000	0.166550
1.320000	0.860720
1.570000	1.258000
1.460000	1.723900
1.250000	1.184500
0.906000	0.553590
0.218000	-0.012322
-0.600000	-0.467350
-0.973000	-0.867600
-1.210000	-1.408000
-1.120000	-1.097500
-0.767000	-0.471950
0.847000	0.169650
