0.968000	0.582640
0.890000	0.611850
1.090000	0.611850
0.761000	0.609340
0.334000	0.529220
-0.283000	0.476640
-1.390000	-0.702610
-1.700000	-0.815280
-0.846000	-1.435400
-0.062100	-0.984690
0.529000	0.601000
0.968000	0.601830
1.350000	0.606000
1.220000	0.603500
0.937000	0.487490
0.649000	0.540070
0.043000	-0.101710
-0.818000	-0.489790
-1.430000	-1.101500
-1.390000	-0.859510
-0.609000	-1.235100
-0.107000	0.247140
0.513000	0.551760
1.100000	0.604330
1.140000	0.599330
1.130000	0.611850
1.080000	0.589310
0.759000	0.555930
-0.026900	0.137810
-0.762000	-0.126750
-1.470000	-0.822790
-1.630000	-1.602300
-0.909000	-1.452100
-0.112000	-0.283650
0.803000	0.555930
0.983000	0.604330
1.150000	0.611010
0.976000	0.610180
1.090000	0.611850
0.628000	0.610180
0.077400	0.513370
-0.762000	0.071793
-1.400000	-0.469760
-1.670000	-1.009700
-1.060000	-2.236600
-0.080200	0.110270
0.403000	0.568450
0.994000	0.602660
1.130000	0.606000
0.897000	0.597660
0.878000	0.603500
0.556000	0.557600
-0.029700	0.248810
-0.924000	-0.332060
-1.630000	-0.934620
-1.760000	-0.926270
-0.955000	-2.395100
-0.146000	-0.097542
0.552000	0.545910
1.190000	0.609340
1.050000	0.611850
0.766000	0.611850
0.860000	0.611850
0.693000	0.608510
0.163000	0.491670
-0.753000	0.002757
-1.420000	-0.516500
-1.820000	-0.739330
-1.300000	-1.719100
0.196000	0.303050
0.802000	0.600160
0.795000	0.606000
0.738000	0.606840
0.814000	0.585970
0.882000	0.579300
0.502000	0.579300
-0.421000	0.171190
-1.190000	-0.264460
-1.760000	-1.126600
-1.830000	-1.018100
-0.976000	-2.169800
-0.289000	0.290530
0.423000	0.550920
1.130000	0.609340
1.120000	0.611850
0.854000	0.610180
0.945000	0.610180
0.721000	0.601000
0.234000	0.447430
-0.728000	-0.019176
-1.490000	-0.493960
-1.760000	-0.580760
-1.330000	-2.645500
-0.628000	-0.581590
0.634000	0.567610
0.817000	0.605170
1.000000	0.609340
1.120000	0.605170
0.910000	0.610180
0.550000	0.591820
0.075900	0.451610
-0.716000	0.038744
-1.540000	-0.400490
-1.870000	-1.193300
-1.350000	-1.827600
-0.011700	0.338110
0.746000	0.570950
0.878000	0.604330
0.865000	0.611850
0.711000	0.610180
0.926000	0.611850
0.903000	0.510030
0.349000	0.526720
-0.567000	-0.065077
-1.420000	-0.751010
-1.730000	-1.285100
-1.420000	-2.495300
-0.563000	-0.603290
0.236000	0.537570
0.686000	0.610180
