0.724000	0.854760
1.090000	1.515600
0.998000	1.501200
1.050000	1.251100
0.753000	0.622620
0.180000	0.075267
-0.582000	-0.814770
-1.150000	-0.720330
-1.180000	-1.121100
-0.721000	-1.027300
0.225000	0.352810
0.697000	0.593700
0.926000	1.003300
1.070000	1.094700
1.360000	1.010100
0.749000	0.803760
0.024500	-0.148890
-0.643000	-0.591240
-1.140000	-0.927690
-1.530000	-1.025400
-1.580000	-1.383900
-1.100000	-0.510840
-0.275000	0.169230
0.901000	0.527020
1.110000	0.977240
1.020000	1.180400
1.060000	1.130900
0.632000	0.757000
0.014100	0.072632
-0.476000	-0.407810
-1.060000	-1.019500
-1.520000	-1.418100
-1.680000	-1.344900
-1.460000	-0.934920
-0.293000	-0.218970
0.507000	0.246540
1.620000	0.852180
1.230000	0.834570
1.130000	1.512500
0.845000	0.858680
0.116000	-0.067149
-0.410000	-0.455370
-0.891000	-0.834110
-1.340000	-1.067200
-1.510000	-1.747800
-0.819000	-0.671270
-0.247000	0.027222
0.801000	0.518660
1.570000	0.749880
1.000000	0.906960
1.090000	0.902200
0.793000	0.521520
0.131000	-0.132270
-0.384000	-0.668160
-0.922000	-1.167700
-1.310000	-1.236800
-1.630000	-2.090400
-1.300000	-1.027400
-0.541000	-0.232720
0.642000	0.366630
1.200000	1.151800
1.150000	1.721000
1.460000	1.535000
1.120000	0.862010
0.359000	0.162050
-0.348000	-0.390120
-0.861000	-0.667810
-1.260000	-1.059000
-1.540000	-1.618200
-0.730000	-0.475260
0.898000	0.330990
0.909000	0.482750
0.879000	0.816530
1.180000	0.759380
1.030000	0.976390
0.618000	0.524500
-0.090300	-0.315870
-0.615000	-0.683870
-1.130000	-1.241400
-1.610000	-1.346000
-1.430000	-1.666500
-0.954000	-0.407300
-0.535000	-0.158790
0.196000	0.551140
0.933000	1.331600
1.290000	1.601000
1.080000	1.480800
0.740000	0.559880
0.270000	0.199750
-0.157000	-0.344030
-0.808000	-0.759330
-1.290000	-0.953420
-1.480000	-1.873600
-1.050000	-0.923240
-0.101000	0.147220
0.844000	0.521830
1.230000	1.124700
1.280000	1.356300
1.110000	1.383300
0.548000	0.470350
0.061800	0.156550
-0.441000	-0.235530
-0.900000	-0.846170
-1.340000	-1.265200
-1.630000	-1.561400
-0.723000	-0.667050
-0.021700	-0.069097
0.534000	0.490340
1.480000	0.954550
1.150000	1.222400
1.300000	1.491300
0.996000	0.858580
0.473000	0.358920
-0.138000	-0.306340
-0.885000	-0.763520
-1.260000	-1.194300
-1.540000	-1.703700
-0.835000	-1.079600
-0.084000	-0.310120
1.040000	0.525970
