1.310000	0.816680
1.300000	1.464200
1.180000	1.454800
0.874000	1.238900
0.370000	0.693610
0.069800	0.178880
-0.865000	-0.750950
-1.390000	-0.689470
-1.360000	-1.159100
-0.803000	-1.111900
0.280000	0.391380
0.959000	0.594240
0.952000	1.020600
1.060000	1.103700
1.070000	1.015900
0.757000	0.856410
0.316000	-0.066235
-0.272000	-0.453810
-0.860000	-0.817050
-1.380000	-0.976040
-1.490000	-1.412200
-0.687000	-0.524300
0.051500	0.224790
0.523000	0.526180
0.999000	0.948690
1.310000	1.153500
1.050000	1.135000
0.897000	0.804980
0.393000	0.174930
-0.119000	-0.282490
-0.735000	-0.912710
-1.360000	-1.389900
-1.540000	-1.382700
-1.120000	-1.000500
-0.140000	-0.209020
0.680000	0.269350
1.450000	0.836780
1.370000	0.766090
1.430000	1.475900
1.030000	0.862440
0.467000	-0.031647
-0.104000	-0.366850
-0.638000	-0.751130
-1.200000	-1.065200
-1.350000	-1.840300
-0.927000	-0.698310
-0.016900	0.056268
0.479000	0.551520
0.942000	0.739160
0.960000	0.896820
1.050000	0.876000
0.726000	0.518270
0.111000	-0.086924
-0.601000	-0.585750
-1.210000	-1.099800
-1.700000	-1.230900
-1.940000	-2.224000
-1.720000	-1.113200
-1.020000	-0.254010
0.067200	0.414540
1.120000	1.168700
1.380000	1.645400
1.170000	1.480400
0.836000	0.860240
0.339000	0.205480
-0.290000	-0.326670
-0.866000	-0.597500
-1.460000	-1.054000
-1.640000	-1.722300
-0.735000	-0.498250
0.184000	0.378750
1.010000	0.512580
1.230000	0.795530
1.130000	0.717750
1.070000	0.956340
0.797000	0.570800
0.222000	-0.263520
-0.376000	-0.571920
-0.965000	-1.160400
-1.390000	-1.319800
-1.590000	-1.745400
-0.841000	-0.390850
-0.004670	-0.135710
0.700000	0.619990
0.793000	1.308200
1.360000	1.502600
1.010000	1.429700
0.708000	0.503350
0.260000	0.188830
-0.343000	-0.287990
-0.946000	-0.705440
-1.460000	-0.958210
-1.740000	-2.018700
-1.090000	-1.062700
-0.136000	0.146810
0.910000	0.551210
1.120000	1.101700
0.999000	1.325700
0.957000	1.362700
0.623000	0.425940
0.212000	0.180980
-0.318000	-0.160840
-0.939000	-0.776860
-1.480000	-1.286800
-1.640000	-1.687200
-0.885000	-0.758030
0.156000	-0.121770
0.770000	0.490530
0.680000	0.934470
1.150000	1.165600
1.280000	1.417700
0.868000	0.791630
0.424000	0.339310
-0.125000	-0.251150
-0.763000	-0.723110
-1.280000	-1.222200
-1.650000	-1.841500
-1.050000	-1.210000
-0.280000	-0.355600
0.875000	0.561070
