0.938000	0.863140
1.360000	1.552600
1.330000	1.551200
0.956000	1.275800
0.555000	0.619100
0.295000	0.084531
-0.628000	-0.784770
-1.240000	-0.737630
-1.220000	-1.140000
-0.676000	-1.023600
0.186000	0.300880
1.030000	0.563040
0.775000	0.947400
1.120000	1.066000
1.200000	0.982330
0.703000	0.756930
0.082800	-0.182040
-0.559000	-0.643070
-1.090000	-0.994670
-1.430000	-1.068600
-1.460000	-1.389800
-0.808000	-0.543870
-0.136000	0.077457
0.866000	0.494700
1.310000	0.970210
1.090000	1.188100
0.937000	1.105600
0.583000	0.719120
-0.034200	0.024303
-0.610000	-0.451030
-1.170000	-1.046900
-1.630000	-1.442500
-1.780000	-1.373800
-1.620000	-0.935020
-0.657000	-0.264480
0.360000	0.196280
1.280000	0.838690
1.250000	0.887340
1.220000	1.520000
0.956000	0.867980
0.350000	-0.014217
-0.208000	-0.431670
-0.711000	-0.822790
-1.270000	-1.063800
-1.390000	-1.727500
-0.729000	-0.675380
-0.183000	-0.041564
0.593000	0.454290
1.110000	0.730900
0.997000	0.887220
1.040000	0.906560
0.778000	0.517390
-0.024200	-0.147870
-0.667000	-0.697040
-1.250000	-1.185200
-1.650000	-1.256100
-1.860000	-2.058500
-1.690000	-1.022600
-1.070000	-0.261120
0.448000	0.313020
1.120000	1.126800
1.240000	1.776500
1.320000	1.600900
1.050000	0.898170
0.420000	0.203890
-0.345000	-0.354300
-0.806000	-0.665800
-1.290000	-1.027000
-1.470000	-1.565400
-0.869000	-0.476930
0.448000	0.262650
0.888000	0.428860
1.050000	0.809280
1.030000	0.784990
1.070000	0.970010
0.564000	0.498230
-0.072400	-0.304990
-0.598000	-0.702180
-1.150000	-1.254800
-1.560000	-1.343700
-1.440000	-1.686500
-0.869000	-0.472240
-0.332000	-0.209110
0.623000	0.481720
1.000000	1.357500
1.250000	1.693400
0.979000	1.537000
0.721000	0.655600
0.226000	0.264520
-0.287000	-0.305070
-0.820000	-0.730300
-1.260000	-0.917760
-1.450000	-1.837400
-0.921000	-0.891650
-0.111000	0.125350
0.914000	0.491800
1.020000	1.115400
1.470000	1.367400
1.270000	1.405400
0.704000	0.551350
0.183000	0.191800
-0.289000	-0.227230
-0.816000	-0.817090
-1.250000	-1.231100
-1.410000	-1.522000
-0.281000	-0.625620
0.042600	-0.049470
0.996000	0.456190
1.090000	0.943770
1.380000	1.242000
1.160000	1.533900
1.090000	0.931880
0.527000	0.413870
-0.110000	-0.276240
-0.888000	-0.749240
-1.190000	-1.168000
-1.340000	-1.686100
-0.712000	-1.040100
-0.003320	-0.292030
0.861000	0.474280
