1.030000	0.862310
1.160000	1.281200
1.110000	1.305100
0.883000	1.164800
0.407000	0.658860
0.057600	0.115950
-0.930000	-0.969360
-1.600000	-0.757280
-1.360000	-1.186900
-0.628000	-1.021100
0.303000	0.501840
0.884000	0.693980
0.945000	1.102200
1.090000	1.120800
1.070000	1.031600
0.847000	0.895960
0.321000	-0.090010
-0.312000	-0.572810
-0.987000	-0.952740
-1.480000	-0.970680
-1.370000	-1.411800
-0.492000	-0.241710
0.218000	0.457990
0.665000	0.632600
0.999000	0.979400
1.390000	1.110200
1.130000	1.156200
0.927000	0.858920
0.371000	0.181760
-0.216000	-0.332490
-0.877000	-1.059400
-1.490000	-1.532200
-1.410000	-1.351600
-0.748000	-0.768130
0.209000	0.072552
0.765000	0.414900
1.340000	0.794390
1.290000	0.718320
1.240000	1.311800
1.010000	0.852070
0.457000	-0.045038
-0.186000	-0.465330
-0.812000	-0.890550
-1.390000	-1.126500
-1.430000	-1.983400
-0.652000	-0.466320
0.220000	0.325090
0.721000	0.706160
0.795000	0.825140
1.110000	0.979310
1.050000	0.911110
0.748000	0.624020
0.168000	0.009053
-0.579000	-0.600570
-1.280000	-1.215400
-1.810000	-1.187200
-1.770000	-2.310900
-1.160000	-0.773250
-0.161000	0.015097
0.519000	0.521330
0.755000	1.075600
1.070000	1.375000
1.100000	1.250800
0.898000	0.819520
0.398000	0.162850
-0.307000	-0.436360
-0.990000	-0.723750
-1.650000	-1.129000
-1.690000	-1.812500
-0.493000	-0.260050
0.539000	0.530900
1.120000	0.648470
0.885000	0.814510
1.130000	0.735940
0.999000	0.966470
0.819000	0.648720
0.211000	-0.248360
-0.406000	-0.656500
-1.060000	-1.341000
-1.560000	-1.385700
-1.500000	-1.799100
-0.428000	-0.086169
0.392000	0.104450
0.905000	0.673080
0.839000	1.125500
1.270000	1.275300
0.924000	1.256200
0.697000	0.460580
0.254000	0.169200
-0.427000	-0.405230
-1.090000	-0.852910
-1.690000	-0.996870
-1.870000	-2.188900
-0.929000	-0.862360
-0.087000	0.264520
0.720000	0.587220
0.884000	1.063400
1.040000	1.217800
1.000000	1.205000
0.688000	0.410180
0.200000	0.178660
-0.432000	-0.242460
-1.120000	-0.917150
-1.690000	-1.403400
-1.850000	-1.735100
-0.826000	-0.470240
0.336000	0.022271
0.702000	0.609940
0.819000	0.916860
1.120000	1.131300
0.985000	1.284400
0.801000	0.732690
0.361000	0.359560
-0.309000	-0.359560
-1.030000	-0.871800
-1.650000	-1.340400
-1.810000	-1.960600
-1.030000	-1.008300
-0.045700	-0.138370
0.789000	0.645930
