1.010000	0.625070
1.080000	0.656410
1.280000	0.656410
0.829000	0.653730
0.513000	0.567770
0.046800	0.511360
-0.946000	-0.753790
-1.670000	-0.874660
-1.430000	-1.539900
-0.474000	-1.056400
0.779000	0.644770
1.220000	0.645670
0.525000	0.650150
0.772000	0.647460
0.847000	0.523000
0.665000	0.579410
0.093200	-0.109120
-0.496000	-0.525470
-1.100000	-1.181800
-1.380000	-0.922110
-0.504000	-1.325000
0.242000	0.265140
0.849000	0.591950
1.320000	0.648350
1.090000	0.642980
1.010000	0.656410
1.080000	0.632240
0.783000	0.596420
0.263000	0.147850
-0.215000	-0.135980
-0.925000	-0.882720
-1.530000	-1.719000
-1.400000	-1.557800
-0.582000	-0.304310
0.236000	0.596420
0.837000	0.648350
1.100000	0.655520
1.040000	0.654620
0.673000	0.656410
0.830000	0.654620
0.240000	0.550760
-0.363000	0.077022
-1.130000	-0.503980
-1.640000	-1.083300
-1.490000	-2.399500
-0.154000	0.118300
0.481000	0.609850
1.030000	0.646560
1.310000	0.650150
0.810000	0.641190
0.930000	0.647460
0.651000	0.598210
0.101000	0.266930
-0.445000	-0.356240
-1.190000	-1.002700
-1.700000	-0.993740
-1.470000	-2.569600
-0.699000	-0.104650
0.355000	0.585680
1.050000	0.653730
0.877000	0.656410
0.975000	0.656410
0.777000	0.656410
0.708000	0.652830
0.168000	0.527480
-0.555000	0.002958
-1.280000	-0.554120
-1.860000	-0.793180
-1.870000	-1.844300
-0.478000	0.325130
0.847000	0.643880
1.310000	0.650150
1.020000	0.651040
0.738000	0.628660
0.932000	0.621490
0.666000	0.621490
-0.055200	0.183660
-0.695000	-0.283720
-1.440000	-1.208600
-1.970000	-1.092200
-1.670000	-2.327800
-0.415000	0.311700
0.269000	0.591050
1.130000	0.653730
1.220000	0.656410
1.350000	0.654620
0.923000	0.654620
0.654000	0.644770
0.215000	0.480030
-0.434000	-0.020572
-1.210000	-0.529950
-1.770000	-0.623060
-1.760000	-2.838200
-0.510000	-0.623960
0.083900	0.608960
0.464000	0.649250
0.735000	0.653730
0.697000	0.649250
0.942000	0.654620
0.676000	0.634920
0.241000	0.484500
-0.323000	0.041566
-1.070000	-0.429660
-1.790000	-1.280300
-1.920000	-1.960700
-0.305000	0.362730
0.442000	0.612540
1.010000	0.648350
0.539000	0.656410
0.913000	0.654620
0.926000	0.656410
0.540000	0.547180
0.197000	0.565090
-0.430000	-0.069817
-1.170000	-0.805720
-1.790000	-1.378800
-1.830000	-2.677000
-0.713000	-0.647240
0.404000	0.576730
0.667000	0.654620
