1.220000	0.752230
1.400000	1.609500
1.430000	1.344600
0.901000	0.975580
0.255000	0.342500
0.014000	0.081667
-0.805000	-0.648880
-1.310000	-0.848380
-1.280000	-1.311600
-0.856000	-1.058800
0.346000	0.413430
1.140000	0.567950
1.070000	0.704140
1.080000	0.829630
0.886000	0.701770
0.277000	0.484580
-0.170000	-0.370520
-0.799000	-0.718180
-1.250000	-1.135200
-1.630000	-1.146300
-1.650000	-1.326500
-1.050000	-0.508170
-0.216000	0.013202
0.728000	0.566280
1.230000	0.876720
1.270000	1.078000
1.010000	0.802170
0.837000	0.415130
0.221000	-0.221170
-0.351000	-0.515960
-0.798000	-0.985830
-1.420000	-1.471800
-1.640000	-1.502400
-1.260000	-0.847990
-0.505000	-0.186130
0.772000	0.373120
1.350000	1.149900
1.390000	1.068400
1.480000	1.639600
0.994000	0.719870
0.336000	0.090708
-0.127000	-0.280890
-0.551000	-0.675030
-1.140000	-1.066200
-1.360000	-1.755600
-0.783000	-0.584700
-0.054400	-0.088863
0.771000	0.359110
1.040000	0.622270
1.150000	0.624610
1.030000	0.767520
0.602000	0.324240
-0.207000	-0.278550
-0.823000	-0.723310
-1.240000	-1.053700
-1.630000	-1.253800
-1.850000	-1.982100
-1.690000	-0.944100
-1.040000	-0.051422
0.358000	0.385770
1.620000	1.212100
1.360000	2.003400
1.110000	1.616700
0.721000	0.689340
0.129000	0.203190
-0.335000	-0.236260
-0.729000	-0.637470
-1.300000	-0.887040
-1.570000	-1.461900
-0.733000	-0.411400
0.233000	0.293960
0.987000	0.387610
1.200000	0.886620
1.290000	0.773150
1.030000	0.871820
0.782000	0.279060
0.138000	-0.280040
-0.343000	-0.630170
-0.828000	-1.152600
-1.310000	-1.213900
-1.520000	-1.846700
-0.714000	-0.526200
0.122000	-0.080237
0.634000	0.570770
0.180000	1.496000
1.370000	1.721200
1.030000	1.429600
0.497000	0.650280
0.012600	0.266370
-0.444000	-0.204870
-0.911000	-0.597620
-1.360000	-0.792210
-1.480000	-1.914400
-0.926000	-0.809980
0.436000	0.401530
1.270000	0.630480
1.590000	1.149400
0.931000	1.333400
0.877000	1.396600
0.496000	0.549240
0.105000	0.165290
-0.315000	-0.190260
-0.692000	-0.613510
-1.180000	-1.124600
-1.390000	-1.529400
-0.770000	-0.400720
0.369000	0.369530
0.848000	0.519220
1.030000	1.060200
0.942000	1.160800
1.120000	1.520700
0.785000	0.827710
0.336000	0.332060
-0.163000	-0.231840
-0.664000	-0.723800
-1.150000	-1.138400
-1.450000	-1.852300
-1.050000	-0.961380
-0.116000	-0.010297
0.743000	0.550160
