1.160000	0.728360
1.530000	1.141800
1.420000	1.376500
0.877000	1.215400
0.238000	0.864170
0.027300	0.581830
-0.773000	-0.458700
-1.270000	-0.728680
-1.310000	-1.370900
-0.958000	-1.146900
0.312000	0.148500
1.180000	0.377130
1.090000	0.591400
1.170000	0.793310
0.855000	0.719190
0.297000	0.623020
-0.159000	-0.039995
-0.753000	-0.498270
-1.210000	-1.089200
-1.620000	-1.048200
-1.690000	-1.424100
-1.120000	-0.412580
-0.239000	-0.096220
0.551000	0.294260
1.180000	0.708560
1.210000	0.928020
1.010000	0.853060
0.849000	0.672610
0.253000	0.162380
-0.297000	-0.211400
-0.711000	-0.856500
-1.350000	-1.551000
-1.690000	-1.580800
-1.300000	-0.812610
-0.395000	-0.168660
0.757000	0.034381
1.300000	0.421190
1.310000	0.795610
1.450000	0.944780
0.972000	0.872320
0.313000	0.594510
-0.108000	0.099622
-0.512000	-0.442310
-1.150000	-0.985610
-1.450000	-2.014800
-0.880000	-0.427570
-0.170000	-0.079976
0.650000	0.247790
0.991000	0.569600
1.120000	0.724120
1.000000	0.779480
0.558000	0.595430
-0.207000	0.129350
-0.739000	-0.469890
-1.130000	-1.051700
-1.530000	-1.176000
-1.880000	-2.341400
-1.820000	-0.783020
-1.170000	-0.213610
0.390000	0.192670
1.770000	0.696220
1.460000	1.217200
1.200000	1.359800
0.750000	1.072300
0.162000	0.701660
-0.269000	0.136960
-0.621000	-0.409700
-1.230000	-0.731680
-1.570000	-1.586300
-0.750000	-0.197830
0.206000	0.093823
0.789000	0.264870
1.060000	0.555960
1.230000	0.734960
0.992000	0.726370
0.744000	0.594750
0.088400	0.110490
-0.326000	-0.355690
-0.796000	-1.104300
-1.310000	-1.149200
-1.590000	-2.107400
-0.739000	-0.431540
0.195000	-0.168080
0.922000	0.222010
-0.063500	0.999280
1.260000	1.455000
1.020000	1.341800
0.442000	1.071100
0.017600	0.718350
-0.367000	0.162200
-0.837000	-0.361030
-1.320000	-0.595390
-1.510000	-2.268200
-0.969000	-0.914560
0.552000	0.046429
1.110000	0.345170
1.650000	0.716630
0.924000	0.986070
0.949000	1.086100
0.555000	0.951280
0.120000	0.603150
-0.278000	0.118930
-0.626000	-0.360440
-1.080000	-1.084200
-1.400000	-1.692300
-0.839000	-0.242100
0.517000	0.011534
0.829000	0.270790
0.949000	0.585140
0.883000	0.939390
1.300000	1.150200
0.818000	1.055700
0.368000	0.794040
-0.140000	0.128220
-0.608000	-0.558790
-1.100000	-1.117800
-1.480000	-2.170200
-1.090000	-0.926040
-0.173000	-0.043589
0.834000	0.252790
