0.861000	0.609360
1.060000	0.639910
1.130000	0.639910
0.918000	0.637290
0.431000	0.553500
-0.077500	0.498510
-1.120000	-0.734840
-1.710000	-0.852680
-1.230000	-1.501200
-0.243000	-1.029900
0.475000	0.628570
0.781000	0.629440
1.250000	0.633800
1.060000	0.631180
0.964000	0.509860
0.724000	0.564850
0.122000	-0.106380
-0.601000	-0.512260
-1.200000	-1.152100
-1.550000	-0.898940
-0.919000	-1.291700
-0.180000	0.258470
0.623000	0.577070
1.070000	0.632060
1.130000	0.626820
1.050000	0.639910
1.070000	0.616350
0.740000	0.581430
0.041300	0.144130
-0.599000	-0.132570
-1.310000	-0.860530
-1.720000	-1.675800
-1.200000	-1.518700
-0.385000	-0.296660
0.444000	0.581430
0.863000	0.632060
1.110000	0.639040
1.010000	0.638170
1.030000	0.639910
0.658000	0.638170
0.157000	0.536920
-0.614000	0.075086
-1.220000	-0.491310
-1.740000	-1.056100
-1.260000	-2.339200
-0.297000	0.115330
0.346000	0.594520
1.100000	0.630310
1.100000	0.633800
0.836000	0.625070
0.941000	0.631180
0.606000	0.583180
0.060800	0.260220
-0.787000	-0.347290
-1.420000	-0.977490
-1.820000	-0.968770
-1.160000	-2.505000
-0.409000	-0.102020
0.290000	0.570960
1.050000	0.637290
0.842000	0.639910
0.708000	0.639910
0.795000	0.639910
0.823000	0.636420
0.315000	0.514220
-0.556000	0.002884
-1.220000	-0.540190
-1.810000	-0.773250
-1.610000	-1.798000
0.048100	0.316960
0.763000	0.627690
0.849000	0.633800
0.850000	0.634680
0.763000	0.612850
0.920000	0.605870
0.547000	0.605870
-0.245000	0.179040
-0.946000	-0.276590
-1.570000	-1.178300
-1.910000	-1.064800
-1.060000	-2.269300
-0.414000	0.303860
0.460000	0.576190
1.040000	0.637290
1.200000	0.639910
1.240000	0.638170
1.090000	0.638170
0.780000	0.628570
0.313000	0.467960
-0.559000	-0.020055
-1.290000	-0.516620
-1.840000	-0.607400
-1.680000	-2.766900
-0.865000	-0.608270
0.478000	0.593650
0.750000	0.632930
1.140000	0.637290
1.220000	0.632930
0.947000	0.638170
0.587000	0.618960
0.160000	0.472320
-0.546000	0.040521
-1.280000	-0.418860
-1.860000	-1.248100
-1.620000	-1.911500
-0.101000	0.353620
0.594000	0.597140
0.849000	0.632060
0.996000	0.639910
0.782000	0.638170
1.050000	0.639910
0.762000	0.533420
0.306000	0.550880
-0.452000	-0.068062
-1.200000	-0.785470
-1.560000	-1.344100
-1.550000	-2.609700
-0.586000	-0.630970
0.216000	0.562230
0.804000	0.638170
