0.416000	0.750340
1.160000	1.236700
1.100000	1.516100
1.210000	1.324800
0.810000	0.922720
0.225000	0.597140
-0.486000	-0.405270
-1.040000	-0.704090
-1.180000	-1.344400
-0.857000	-1.168100
0.032600	0.056342
0.599000	0.328350
0.825000	0.582610
1.140000	0.823470
1.360000	0.758480
0.713000	0.633460
-0.070800	-0.027229
-0.683000	-0.495020
-1.080000	-1.075900
-1.430000	-1.075600
-1.620000	-1.447900
-1.280000	-0.540700
-0.489000	-0.225120
0.735000	0.229200
1.030000	0.723420
1.040000	0.982170
1.040000	0.897460
0.655000	0.689320
0.068500	0.165690
-0.475000	-0.226270
-1.030000	-0.854750
-1.490000	-1.525300
-1.670000	-1.590900
-1.420000	-0.910550
-0.235000	-0.312190
0.463000	-0.080182
1.690000	0.378970
1.310000	0.824880
1.260000	1.002100
0.878000	0.916200
0.152000	0.604870
-0.367000	0.104210
-0.820000	-0.432420
-1.230000	-0.971000
-1.570000	-1.950400
-1.150000	-0.531120
-0.589000	-0.209130
0.556000	0.174210
1.550000	0.556660
1.110000	0.742280
1.150000	0.807010
0.857000	0.597110
0.194000	0.104130
-0.400000	-0.492850
-0.905000	-1.064700
-1.310000	-1.214400
-1.650000	-2.307400
-1.520000	-0.912620
-0.855000	-0.363710
0.400000	0.107250
1.100000	0.706220
1.170000	1.326500
1.560000	1.496200
1.200000	1.154600
0.352000	0.736780
-0.313000	0.162500
-0.779000	-0.384230
-1.190000	-0.722890
-1.410000	-1.543900
-0.656000	-0.296250
0.894000	-0.008580
0.834000	0.193880
0.927000	0.540240
1.200000	0.757530
1.040000	0.748640
0.713000	0.591950
-0.028800	0.097226
-0.654000	-0.370440
-1.150000	-1.088900
-1.600000	-1.164100
-1.510000	-2.074000
-1.070000	-0.571970
-0.661000	-0.310500
0.100000	0.142180
0.744000	1.067000
1.410000	1.609800
1.200000	1.475100
0.715000	1.154700
0.271000	0.765510
-0.203000	0.196940
-0.772000	-0.330810
-1.180000	-0.592420
-1.440000	-2.170000
-0.996000	-0.972210
0.088400	-0.058479
0.930000	0.289640
1.350000	0.731020
1.270000	1.052600
1.120000	1.170700
0.601000	1.013900
0.120000	0.627540
-0.338000	0.133820
-0.758000	-0.348830
-1.260000	-1.051600
-1.540000	-1.648400
-0.660000	-0.355980
0.050800	-0.100690
0.509000	0.201260
1.300000	0.573980
1.180000	0.996040
1.260000	1.246600
0.964000	1.154600
0.528000	0.839730
-0.076900	0.165690
-0.791000	-0.514720
-1.170000	-1.073200
-1.360000	-2.083500
-0.734000	-0.981530
-0.182000	-0.159620
0.979000	0.178660
