1.360000	0.812280
1.510000	1.513100
1.410000	1.455100
0.845000	1.209900
0.329000	0.636450
0.051400	0.143570
-0.836000	-0.743720
-1.360000	-0.706830
-1.300000	-1.165500
-0.815000	-1.103900
0.307000	0.398660
0.951000	0.596400
0.980000	0.994950
1.070000	1.081700
1.050000	0.988100
0.672000	0.813860
0.225000	-0.111270
-0.359000	-0.487720
-0.927000	-0.844420
-1.430000	-0.998300
-1.500000	-1.399100
-0.766000	-0.542680
-0.283000	0.197170
0.682000	0.537650
1.020000	0.951300
1.140000	1.158900
0.954000	1.103800
0.842000	0.754350
0.330000	0.116960
-0.200000	-0.321200
-0.782000	-0.923170
-1.440000	-1.386700
-1.620000	-1.388800
-1.180000	-0.999150
-0.277000	-0.223970
0.619000	0.286020
1.420000	0.902990
1.320000	0.811410
1.420000	1.535900
1.030000	0.843510
0.462000	-0.048107
-0.113000	-0.378330
-0.627000	-0.753530
-1.200000	-1.066400
-1.330000	-1.808000
-0.860000	-0.708270
-0.066900	0.027575
0.457000	0.531160
0.890000	0.728200
1.010000	0.865470
1.110000	0.866100
0.724000	0.482990
0.060500	-0.131110
-0.651000	-0.613670
-1.210000	-1.093600
-1.670000	-1.239800
-1.900000	-2.174600
-1.650000	-1.121700
-0.939000	-0.242650
0.215000	0.413680
1.350000	1.202900
1.370000	1.734100
1.130000	1.520600
0.779000	0.829250
0.273000	0.180190
-0.297000	-0.335470
-0.830000	-0.609300
-1.430000	-1.044400
-1.510000	-1.684500
-0.675000	-0.513790
0.180000	0.371120
0.871000	0.499570
1.250000	0.820100
1.120000	0.725670
1.060000	0.957450
0.823000	0.524090
0.241000	-0.288290
-0.341000	-0.592060
-0.934000	-1.156900
-1.390000	-1.312400
-1.570000	-1.734100
-0.825000	-0.424490
0.070600	-0.141040
0.742000	0.627200
0.903000	1.360500
1.340000	1.552300
1.040000	1.446700
0.654000	0.499720
0.159000	0.174110
-0.419000	-0.296270
-0.992000	-0.703430
-1.480000	-0.952290
-1.710000	-1.975800
-1.110000	-1.040400
-0.127000	0.179540
1.010000	0.568860
1.260000	1.131200
1.030000	1.351700
0.926000	1.391300
0.593000	0.419160
0.186000	0.156430
-0.312000	-0.178430
-0.886000	-0.772290
-1.440000	-1.268200
-1.600000	-1.657100
-0.839000	-0.747540
0.214000	-0.068020
0.849000	0.499080
0.844000	0.971220
1.110000	1.181600
1.170000	1.456500
0.827000	0.790060
0.415000	0.315360
-0.128000	-0.264800
-0.722000	-0.725710
-1.260000	-1.208700
-1.590000	-1.813100
-1.090000	-1.195600
-0.278000	-0.334830
0.801000	0.568890
