0.920000	0.560940
1.270000	0.589060
1.450000	0.589060
1.050000	0.586650
0.559000	0.509510
0.200000	0.458890
-0.717000	-0.676440
-1.150000	-0.784910
-1.160000	-1.381900
-0.769000	-0.948020
0.308000	0.578610
1.100000	0.579420
0.801000	0.583430
1.200000	0.581020
1.110000	0.469340
0.570000	0.519960
-0.158000	-0.097927
-0.901000	-0.471550
-1.230000	-1.060500
-1.410000	-0.827500
-1.370000	-1.189100
-0.855000	0.237930
-0.155000	0.531210
0.614000	0.581830
1.050000	0.577010
1.150000	0.589060
1.080000	0.567360
0.519000	0.535220
-0.318000	0.132680
-0.936000	-0.122030
-1.270000	-0.792140
-1.530000	-1.542600
-1.690000	-1.398000
-1.600000	-0.273090
-0.987000	0.535220
0.091000	0.581830
0.926000	0.588250
1.200000	0.587450
1.410000	0.589060
1.040000	0.587450
0.388000	0.494250
-0.194000	0.069119
-0.684000	-0.452270
-1.150000	-0.972120
-1.240000	-2.153300
-0.773000	0.106160
-0.239000	0.547280
0.574000	0.580220
0.938000	0.583430
1.050000	0.575400
0.999000	0.581020
0.854000	0.536830
-0.092100	0.239540
-0.799000	-0.319690
-1.230000	-0.899810
-1.510000	-0.891780
-1.690000	-2.305900
-1.660000	-0.093909
-1.260000	0.525580
0.341000	0.586650
1.140000	0.589060
1.410000	0.589060
1.330000	0.589060
1.070000	0.585840
0.475000	0.473360
-0.296000	0.002654
-0.721000	-0.497260
-1.120000	-0.711790
-1.210000	-1.655100
-0.622000	0.291770
0.364000	0.577810
0.908000	0.583430
1.180000	0.584240
1.250000	0.564150
1.130000	0.557720
0.707000	0.557720
-0.029300	0.164810
-0.647000	-0.254610
-1.120000	-1.084600
-1.420000	-0.980160
-1.330000	-2.089000
-0.856000	0.279710
-0.346000	0.530400
0.582000	0.586650
1.080000	0.589060
1.550000	0.587450
1.160000	0.587450
0.695000	0.578610
0.157000	0.430770
-0.428000	-0.018461
-0.897000	-0.475570
-1.200000	-0.559130
-1.320000	-2.547000
-0.972000	-0.559930
0.141000	0.546470
1.100000	0.582630
1.110000	0.586650
1.500000	0.582630
1.300000	0.587450
0.734000	0.569770
0.173000	0.434790
-0.377000	0.037301
-0.847000	-0.385580
-1.230000	-1.148900
-1.180000	-1.759500
-0.487000	0.325510
0.000899	0.549690
1.020000	0.581830
1.190000	0.589060
1.320000	0.587450
1.130000	0.589060
1.040000	0.491030
0.527000	0.507100
-0.143000	-0.062653
-0.953000	-0.723040
-1.260000	-1.237300
-1.220000	-2.402300
-0.825000	-0.580820
-0.287000	0.517550
0.829000	0.587450
