1.010000	0.623500
0.984000	0.654760
1.020000	0.654760
0.817000	0.652080
0.343000	0.566340
-0.054900	0.510080
-1.040000	-0.751890
-1.680000	-0.872460
-1.240000	-1.536000
-0.454000	-1.053800
0.523000	0.643150
1.020000	0.644040
0.817000	0.648510
1.110000	0.645830
1.090000	0.521690
0.827000	0.577950
0.293000	-0.108850
-0.369000	-0.524140
-1.050000	-1.178800
-1.490000	-0.919790
-1.180000	-1.321700
-0.310000	0.264470
0.341000	0.590460
0.782000	0.646720
1.020000	0.641360
1.070000	0.654760
1.110000	0.630650
0.873000	0.594920
0.277000	0.147470
-0.333000	-0.135640
-0.973000	-0.880500
-1.560000	-1.714700
-1.290000	-1.553900
-0.576000	-0.303550
0.373000	0.594920
0.924000	0.646720
1.450000	0.653870
1.330000	0.652970
1.140000	0.654760
0.939000	0.652970
0.406000	0.549370
-0.277000	0.076828
-0.935000	-0.502710
-1.500000	-1.080600
-1.380000	-2.393400
-0.434000	0.118000
0.407000	0.608320
0.872000	0.644930
0.859000	0.648510
1.120000	0.639580
1.000000	0.645830
0.710000	0.596710
0.083500	0.266260
-0.658000	-0.355350
-1.360000	-1.000200
-1.870000	-0.991240
-1.680000	-2.563100
-0.974000	-0.104380
0.116000	0.584200
0.653000	0.652080
0.882000	0.654760
1.020000	0.654760
0.982000	0.654760
0.856000	0.651190
0.315000	0.526150
-0.426000	0.002950
-1.120000	-0.552720
-1.750000	-0.791180
-1.640000	-1.839700
-0.414000	0.324310
0.717000	0.642260
1.120000	0.648510
0.787000	0.649400
1.050000	0.627070
0.936000	0.619930
0.745000	0.619930
0.119000	0.183200
-0.516000	-0.283010
-1.200000	-1.205600
-1.690000	-1.089500
-1.440000	-2.322000
-0.295000	0.310910
0.532000	0.589560
1.070000	0.652080
0.806000	0.654760
1.140000	0.652970
0.867000	0.652970
0.711000	0.643150
0.206000	0.478820
-0.509000	-0.020521
-1.220000	-0.528610
-1.770000	-0.621490
-1.820000	-2.831000
-0.754000	-0.622390
0.302000	0.607420
0.784000	0.647610
0.797000	0.652080
1.080000	0.647610
0.957000	0.652970
0.664000	0.633320
0.152000	0.483280
-0.510000	0.041461
-1.220000	-0.428580
-1.810000	-1.277000
-1.900000	-1.955800
-0.607000	0.361820
0.491000	0.611000
0.742000	0.646720
0.841000	0.654760
0.971000	0.652970
0.903000	0.654760
0.755000	0.545800
0.280000	0.563660
-0.419000	-0.069642
-1.150000	-0.803690
-1.750000	-1.375300
-1.740000	-2.670300
-0.885000	-0.645610
0.064700	0.575270
0.883000	0.652970
