1.230000	0.501280
1.480000	0.526410
1.840000	0.526410
1.310000	0.524260
0.700000	0.455330
0.360000	0.410090
-0.523000	-0.604500
-0.852000	-0.701440
-1.140000	-1.234900
-1.200000	-0.847200
0.563000	0.517080
1.150000	0.517800
0.725000	0.521390
0.923000	0.519230
0.551000	0.419420
0.097300	0.464660
-0.013300	-0.087512
-0.496000	-0.421400
-0.856000	-0.947730
-1.180000	-0.739490
-1.370000	-1.062600
-1.450000	0.212630
-0.978000	0.474710
-0.210000	0.519950
0.287000	0.515640
0.641000	0.526410
0.128000	0.507030
-0.199000	0.478300
-0.578000	0.118570
-0.882000	-0.109050
-1.100000	-0.707900
-1.340000	-1.378600
-1.490000	-1.249300
-1.520000	-0.244050
-1.200000	0.478300
0.312000	0.519950
0.990000	0.525690
1.300000	0.524980
1.410000	0.526410
0.984000	0.524980
0.348000	0.441680
-0.150000	0.061768
-0.622000	-0.404170
-1.090000	-0.868740
-1.240000	-1.924300
-0.767000	0.094870
-0.471000	0.489070
0.520000	0.518510
0.563000	0.521390
0.790000	0.514210
1.130000	0.519230
1.050000	0.479740
0.285000	0.214060
-0.296000	-0.285690
-0.751000	-0.804120
-1.130000	-0.796940
-1.400000	-2.060700
-1.510000	-0.083922
-0.614000	0.469690
1.130000	0.524260
1.970000	0.526410
1.760000	0.526410
1.860000	0.526410
1.470000	0.523540
0.884000	0.423010
0.084800	0.002372
-0.357000	-0.444380
-0.812000	-0.636100
-1.130000	-1.479100
-1.170000	0.260740
-0.319000	0.516360
0.274000	0.521390
1.050000	0.522100
1.220000	0.504150
0.674000	0.498410
0.244000	0.498410
-0.346000	0.147290
-0.668000	-0.227530
-0.938000	-0.969270
-1.200000	-0.875920
-1.270000	-1.866800
-1.200000	0.249970
-0.585000	0.474000
0.373000	0.524260
1.580000	0.526410
1.320000	0.524980
1.180000	0.524980
0.705000	0.517080
0.150000	0.384960
-0.345000	-0.016498
-0.781000	-0.424990
-1.090000	-0.499670
-1.290000	-2.276100
-1.380000	-0.500390
-0.059800	0.488360
1.170000	0.520670
1.650000	0.524260
1.310000	0.520670
1.290000	0.524980
1.070000	0.509180
0.397000	0.388550
-0.058200	0.033334
-0.498000	-0.344570
-0.811000	-1.026700
-1.200000	-1.572400
-1.190000	0.290900
-0.501000	0.491230
0.567000	0.519950
1.020000	0.526410
1.400000	0.524980
1.400000	0.526410
1.010000	0.438810
0.681000	0.453170
0.094800	-0.055990
-0.569000	-0.646150
-0.992000	-1.105700
-1.250000	-2.146900
-1.340000	-0.519060
-0.948000	0.462510
0.267000	0.524980
