0.914000	0.872410
1.180000	1.647600
1.380000	1.604500
1.040000	1.275700
0.554000	0.537910
0.140000	-0.007283
-0.747000	-0.781150
-1.150000	-0.742800
-1.180000	-1.089200
-0.794000	-0.967730
0.455000	0.257910
1.240000	0.543610
0.837000	0.911880
1.210000	1.046600
1.060000	0.963320
0.454000	0.692640
-0.233000	-0.254670
-0.903000	-0.721020
-1.220000	-1.034400
-1.430000	-1.100800
-1.380000	-1.348700
-0.890000	-0.604120
-0.122000	-0.015134
0.613000	0.480150
1.050000	0.983800
1.190000	1.215500
0.958000	1.083300
0.492000	0.647930
-0.306000	-0.075604
-0.918000	-0.544350
-1.270000	-1.086000
-1.540000	-1.408000
-1.710000	-1.334300
-1.570000	-0.936890
-1.120000	-0.339950
0.215000	0.161650
0.986000	0.895330
1.240000	0.956360
1.390000	1.613500
1.040000	0.849710
0.378000	-0.067661
-0.178000	-0.491210
-0.654000	-0.855030
-1.130000	-1.043800
-1.240000	-1.590100
-0.744000	-0.715590
-0.257000	-0.129470
0.601000	0.394050
0.982000	0.713230
1.120000	0.859410
1.030000	0.907140
0.816000	0.472070
-0.118000	-0.227910
-0.773000	-0.761930
-1.160000	-1.194400
-1.480000	-1.262700
-1.620000	-1.895500
-1.590000	-1.042900
-1.110000	-0.299940
0.467000	0.259680
1.300000	1.156800
1.480000	1.927700
1.360000	1.696500
1.050000	0.877260
0.466000	0.150100
-0.298000	-0.392950
-0.697000	-0.693090
-1.110000	-1.011000
-1.230000	-1.442900
-0.629000	-0.527120
0.222000	0.199230
0.763000	0.376340
1.190000	0.831450
1.280000	0.805160
1.080000	0.981070
0.695000	0.420950
-0.080100	-0.367790
-0.670000	-0.772930
-1.110000	-1.259600
-1.420000	-1.336700
-1.400000	-1.581300
-0.954000	-0.560440
-0.224000	-0.278250
0.534000	0.433950
0.898000	1.435600
1.550000	1.820300
1.180000	1.606900
0.652000	0.675260
0.129000	0.247160
-0.389000	-0.336510
-0.854000	-0.740350
-1.180000	-0.907240
-1.290000	-1.647700
-0.922000	-0.823240
0.256000	0.116200
1.210000	0.473190
1.290000	1.156300
1.480000	1.423400
1.290000	1.463600
0.722000	0.557650
0.142000	0.145850
-0.412000	-0.278370
-0.842000	-0.840480
-1.200000	-1.176100
-1.160000	-1.391800
-0.524000	-0.633570
0.044900	-0.025017
0.873000	0.436660
1.070000	0.981600
1.290000	1.292700
1.220000	1.627400
1.040000	0.972220
0.521000	0.391010
-0.185000	-0.309000
-1.050000	-0.744310
-1.330000	-1.107300
-1.250000	-1.517900
-0.826000	-0.985670
-0.413000	-0.307890
0.883000	0.440410
