1.180000	0.860980
0.866000	0.993120
1.200000	0.896720
0.866000	0.814180
0.456000	0.340220
0.027500	-0.120640
-0.951000	-1.284100
-1.640000	-0.897440
-1.050000	-1.195700
0.084200	-0.758220
0.800000	0.721840
1.100000	0.847910
1.090000	1.082300
0.863000	0.984450
0.842000	0.875360
0.582000	0.754150
0.064400	-0.283430
-0.479000	-0.863240
-1.140000	-1.234500
-1.720000	-0.963380
-0.961000	-1.264700
0.142000	0.267050
0.730000	0.793430
1.380000	0.840230
0.803000	0.967530
1.220000	0.952360
1.040000	0.988180
0.698000	0.717240
0.088500	-0.016011
-0.388000	-0.522890
-1.060000	-1.284800
-1.880000	-1.687300
-1.450000	-1.228500
-0.317000	-0.257870
0.787000	0.575340
0.881000	0.743860
0.678000	0.900090
0.861000	0.728810
0.937000	1.104200
0.540000	0.696110
0.125000	-0.112820
-0.425000	-0.640400
-1.070000	-1.085000
-1.870000	-1.169800
-1.720000	-2.027600
-0.527000	-0.010737
0.580000	0.732660
1.140000	0.888610
1.110000	0.888060
0.710000	0.944170
0.625000	0.866880
0.541000	0.651930
0.082600	0.043602
-0.616000	-0.670300
-1.330000	-1.313500
-1.850000	-1.045300
-1.150000	-2.162400
-0.340000	-0.089505
0.316000	0.591360
0.853000	0.703680
0.891000	0.942200
0.635000	1.052900
0.741000	0.839800
0.620000	0.559590
0.274000	-0.013032
-0.426000	-0.632720
-1.100000	-0.946480
-1.850000	-1.152600
-1.810000	-1.740100
0.066300	0.172680
0.778000	0.775650
0.493000	0.826470
0.850000	0.879460
0.698000	0.737980
0.953000	0.911050
0.683000	0.587730
-0.041200	-0.276000
-0.768000	-0.821070
-1.400000	-1.566300
-2.080000	-1.377200
-1.730000	-1.758900
-0.014300	0.401680
0.607000	0.562410
1.280000	0.771760
0.871000	0.871360
0.599000	0.893020
0.876000	0.867990
0.548000	0.320040
0.144000	0.065250
-0.542000	-0.619290
-1.260000	-1.056700
-2.000000	-0.973740
-1.690000	-2.246900
-0.596000	-0.348660
0.806000	0.607270
0.654000	0.690720
0.839000	1.011700
0.929000	1.001200
0.850000	0.903450
0.604000	0.317810
0.202000	0.078493
-0.378000	-0.431010
-1.090000	-1.086300
-1.910000	-1.464300
-1.930000	-1.622500
0.138000	0.163000
0.940000	0.506540
1.370000	0.834290
0.980000	0.947370
0.680000	1.022800
0.715000	1.050800
0.554000	0.540130
0.181000	0.281610
-0.328000	-0.581720
-1.160000	-1.101500
-1.590000	-1.432500
-1.610000	-1.989100
-0.378000	-0.507930
0.898000	0.379620
0.793000	0.804220
