0.831000	0.728180
1.710000	1.333300
1.880000	1.687500
1.290000	1.446000
0.574000	0.967050
0.191000	0.574550
-0.596000	-0.245030
-0.852000	-0.580660
-1.060000	-1.155100
-0.915000	-1.103900
0.335000	-0.158310
1.440000	0.186080
0.896000	0.506690
0.780000	0.812890
0.457000	0.774870
-0.141000	0.596330
-0.403000	0.004370
-0.753000	-0.440120
-1.010000	-0.942460
-1.180000	-1.034500
-1.220000	-1.362800
-1.140000	-0.779660
-0.904000	-0.496180
0.008600	0.059477
0.345000	0.687690
1.110000	1.010800
0.381000	0.912070
-0.206000	0.661070
-0.644000	0.157300
-0.929000	-0.238300
-1.190000	-0.768710
-1.430000	-1.320500
-1.490000	-1.461100
-1.500000	-1.045500
-1.280000	-0.608110
-0.331000	-0.332600
0.901000	0.246710
1.130000	0.812120
1.730000	1.036100
1.100000	0.927850
0.203000	0.570320
-0.324000	0.104620
-0.719000	-0.368440
-1.060000	-0.844580
-1.160000	-1.616800
-1.020000	-0.715210
-0.812000	-0.482290
0.365000	-0.009576
0.637000	0.473810
0.811000	0.712230
0.788000	0.792020
0.683000	0.543570
-0.223000	0.036860
-0.658000	-0.497650
-0.938000	-0.992030
-1.220000	-1.184900
-1.330000	-2.008600
-1.410000	-1.119200
-0.484000	-0.669570
1.120000	-0.096980
2.150000	0.661110
1.920000	1.447200
1.820000	1.662200
1.240000	1.230600
0.568000	0.745770
-0.201000	0.204870
-0.634000	-0.289510
-1.010000	-0.633510
-1.160000	-1.299500
-0.981000	-0.491260
-0.363000	-0.240260
0.319000	0.014070
1.090000	0.452680
1.080000	0.736020
0.610000	0.727300
0.529000	0.528740
0.008650	0.057780
-0.402000	-0.368360
-0.809000	-0.949380
-1.170000	-1.086100
-1.270000	-1.799000
-1.050000	-0.835880
-0.829000	-0.604060
0.195000	-0.052714
2.060000	1.118300
1.730000	1.806900
1.180000	1.636100
0.571000	1.233600
-0.019700	0.799080
-0.468000	0.256910
-0.909000	-0.230420
-1.250000	-0.528770
-1.320000	-1.738900
-1.160000	-1.009800
0.288000	-0.291060
0.981000	0.135740
1.360000	0.693490
1.250000	1.102600
1.210000	1.250400
0.773000	1.058600
0.207000	0.622640
-0.183000	0.154780
-0.595000	-0.288990
-0.849000	-0.876550
-1.150000	-1.390400
-0.849000	-0.580350
-0.085500	-0.345830
0.504000	0.024064
1.190000	0.493530
1.340000	1.029000
1.410000	1.346000
1.140000	1.268200
0.936000	0.862840
0.357000	0.234840
-0.303000	-0.365240
-0.855000	-0.868830
-1.010000	-1.686600
-0.890000	-1.013300
-0.430000	-0.407750
1.070000	-0.006805
