1.230000	0.721690
1.480000	1.771000
1.840000	1.673300
1.310000	1.261100
0.700000	0.574410
0.360000	0.193360
-0.523000	-0.347220
-0.852000	-0.631910
-1.140000	-1.093000
-1.200000	-1.110500
0.563000	0.100130
1.150000	0.353450
0.725000	0.661460
0.923000	0.894810
0.551000	0.808780
0.097300	0.550880
-0.013300	-0.201680
-0.496000	-0.479970
-0.856000	-0.819030
-1.180000	-1.065900
-1.370000	-1.301200
-1.450000	-0.952700
-0.978000	-0.368100
-0.210000	0.293000
0.287000	0.834380
0.641000	1.158900
0.128000	0.913500
-0.199000	0.495020
-0.578000	-0.078395
-0.882000	-0.391820
-1.100000	-0.767140
-1.340000	-1.173000
-1.490000	-1.399300
-1.520000	-1.208700
-1.200000	-0.688120
0.312000	-0.035295
0.990000	0.907180
1.300000	0.988920
1.410000	1.700000
0.984000	0.806180
0.348000	0.086756
-0.150000	-0.191640
-0.622000	-0.512370
-1.090000	-0.906230
-1.240000	-1.410700
-0.767000	-0.962500
-0.471000	-0.509280
0.520000	0.118420
0.563000	0.515230
0.790000	0.631010
1.130000	0.769020
1.050000	0.281460
0.285000	-0.319980
-0.296000	-0.657170
-0.751000	-0.921710
-1.130000	-1.262100
-1.400000	-1.774000
-1.510000	-1.449000
-0.614000	-0.623470
1.130000	0.107280
1.970000	1.193100
1.760000	2.164500
1.860000	1.903500
1.470000	0.890790
0.884000	0.300480
0.084800	-0.101280
-0.357000	-0.422480
-0.812000	-0.790280
-1.130000	-1.275500
-1.170000	-0.788100
-0.319000	-0.030810
0.274000	0.144450
1.050000	0.740620
1.220000	0.727920
0.674000	0.865100
0.244000	0.282930
-0.346000	-0.285960
-0.668000	-0.522610
-0.938000	-0.892750
-1.200000	-1.130000
-1.270000	-1.572100
-1.200000	-0.966070
-0.585000	-0.566530
0.373000	0.335740
1.580000	1.598700
1.320000	2.010200
1.180000	1.723300
0.705000	0.764270
0.150000	0.339830
-0.345000	-0.045863
-0.781000	-0.403410
-1.090000	-0.742170
-1.290000	-1.476400
-1.380000	-1.100300
-0.059800	-0.013149
1.170000	0.415400
1.650000	1.100400
1.310000	1.442800
1.290000	1.569500
1.070000	0.614420
0.397000	0.215030
-0.058200	-0.067424
-0.498000	-0.477180
-0.811000	-0.929930
-1.200000	-1.338400
-1.190000	-0.930330
-0.501000	-0.149140
0.567000	0.234060
1.020000	0.926550
1.400000	1.210900
1.400000	1.666800
1.010000	1.001600
0.681000	0.391440
0.094800	-0.053417
-0.569000	-0.460250
-0.992000	-0.894300
-1.250000	-1.447300
-1.340000	-1.233500
-0.948000	-0.517060
0.267000	0.292100
