0.965000	0.901850
1.090000	1.249700
1.080000	1.172300
0.947000	0.963550
0.527000	0.351700
0.072300	-0.075839
-0.987000	-1.133900
-1.670000	-0.955780
-1.390000	-1.283400
-0.326000	-0.813420
0.534000	0.524720
0.816000	0.732700
1.080000	0.903910
0.940000	0.922070
0.968000	0.813090
0.676000	0.608970
0.106000	-0.396740
-0.564000	-1.015100
-1.170000	-1.436900
-1.560000	-1.145900
-1.220000	-1.329700
-0.500000	0.028394
0.396000	0.407620
1.080000	0.716280
1.110000	0.970650
1.110000	1.039500
1.070000	0.935540
0.737000	0.591860
0.092800	-0.184970
-0.472000	-0.668600
-1.220000	-1.357900
-1.780000	-1.760100
-1.410000	-1.379500
-0.544000	-0.380980
0.362000	0.307250
0.837000	0.536590
0.920000	0.917120
0.907000	0.956840
1.040000	1.260600
0.650000	0.757450
0.182000	0.052427
-0.517000	-0.550050
-1.110000	-1.029200
-1.730000	-1.173200
-1.430000	-1.957800
-0.427000	-0.141180
0.347000	0.401590
0.970000	0.636320
1.020000	0.819590
0.896000	0.877010
0.926000	0.899300
0.622000	0.609710
0.130000	-0.059221
-0.668000	-0.789740
-1.300000	-1.368100
-1.820000	-1.170300
-1.410000	-2.085400
-0.537000	-0.244050
0.215000	0.388170
1.050000	0.501320
0.920000	0.946690
0.698000	1.418700
0.768000	1.206200
0.858000	0.716550
0.416000	0.135260
-0.394000	-0.495110
-1.080000	-0.920030
-1.750000	-1.058400
-1.780000	-1.582500
-0.046400	0.053369
0.689000	0.506080
0.846000	0.614940
0.819000	0.883840
0.768000	0.843100
0.903000	0.923660
0.567000	0.481760
-0.145000	-0.266580
-0.823000	-0.880290
-1.470000	-1.585800
-1.920000	-1.392500
-1.210000	-1.854000
-0.357000	0.052638
0.476000	0.298700
0.939000	0.547640
1.150000	1.084700
1.320000	1.348800
1.170000	1.175100
0.913000	0.663140
0.408000	0.283420
-0.364000	-0.466470
-1.100000	-0.936360
-1.800000	-0.878760
-1.870000	-2.115400
-0.936000	-0.350090
0.387000	0.501490
0.808000	0.601150
1.040000	1.044700
1.150000	1.135200
0.953000	1.092800
0.579000	0.598980
0.138000	0.190910
-0.493000	-0.388240
-1.190000	-0.972400
-1.830000	-1.351100
-1.750000	-1.522200
-0.041000	0.161690
0.647000	0.520310
0.901000	0.697470
1.030000	0.962240
0.932000	1.149200
1.200000	1.303900
0.770000	0.830690
0.376000	0.457490
-0.295000	-0.459890
-1.050000	-1.027300
-1.390000	-1.341000
-1.590000	-1.933700
-0.541000	-0.492290
0.214000	0.344560
0.739000	0.624770
