0.248000	0.811690
1.010000	1.748600
1.240000	1.736200
1.160000	1.327200
0.780000	0.574900
0.220000	0.140170
-0.585000	-0.492790
-1.030000	-0.717740
-1.240000	-1.132900
-1.130000	-1.029300
-0.004980	0.054688
0.940000	0.372640
0.812000	0.657860
1.280000	0.902080
1.420000	0.822990
0.538000	0.526490
-0.319000	-0.280930
-0.853000	-0.701490
-1.130000	-1.070300
-1.340000	-1.166600
-1.480000	-1.338000
-1.440000	-0.831150
-0.769000	-0.387890
0.624000	0.303050
0.803000	0.880990
1.360000	1.188200
1.030000	0.942350
0.286000	0.503160
-0.488000	-0.159200
-0.832000	-0.543540
-1.140000	-0.979150
-1.410000	-1.348000
-1.650000	-1.427900
-1.730000	-1.058300
-1.000000	-0.599260
0.215000	-0.059994
1.190000	0.825210
1.220000	1.065800
1.220000	1.619900
1.000000	0.852800
0.386000	0.153750
-0.244000	-0.269040
-0.666000	-0.646890
-1.080000	-0.961050
-1.360000	-1.471000
-1.170000	-0.826900
-0.746000	-0.457150
0.171000	0.114450
0.790000	0.570170
1.130000	0.707200
0.995000	0.845490
0.748000	0.385240
-0.183000	-0.279630
-0.738000	-0.754750
-1.050000	-1.095000
-1.270000	-1.292800
-1.530000	-1.782400
-1.650000	-1.209100
-1.410000	-0.520690
0.025000	0.059474
1.270000	1.082800
1.570000	2.102900
1.600000	1.912300
1.210000	0.979070
0.526000	0.342890
-0.215000	-0.149870
-0.527000	-0.541940
-0.862000	-0.820690
-1.130000	-1.249700
-0.807000	-0.637470
0.257000	-0.070293
0.637000	0.140160
0.849000	0.748630
1.110000	0.817150
1.020000	0.896940
0.696000	0.314250
-0.051000	-0.278270
-0.594000	-0.671100
-0.990000	-1.103800
-1.260000	-1.221300
-1.430000	-1.631700
-1.350000	-0.884670
-0.656000	-0.525810
0.230000	0.214860
0.852000	1.531800
1.550000	2.083800
1.340000	1.768300
0.882000	0.947200
0.318000	0.458430
-0.130000	-0.088081
-0.541000	-0.497380
-0.881000	-0.733520
-1.150000	-1.504800
-1.020000	-0.888680
0.122000	-0.011729
0.933000	0.362560
1.110000	1.076900
1.710000	1.427100
1.410000	1.534400
0.867000	0.782030
0.292000	0.281660
-0.145000	-0.138600
-0.516000	-0.582340
-0.927000	-0.976390
-1.120000	-1.285900
-0.495000	-0.669040
0.293000	-0.058773
0.730000	0.249910
1.390000	0.898740
1.380000	1.274600
1.430000	1.705800
1.280000	1.152400
0.878000	0.536130
0.179000	-0.097626
-0.637000	-0.564270
-1.010000	-0.942760
-1.190000	-1.462400
-0.915000	-1.010400
-0.452000	-0.365020
0.911000	0.238750
