1.110000	0.847390
1.270000	1.327900
1.410000	1.283100
0.991000	1.104200
0.683000	0.576540
0.345000	0.093964
-0.754000	-0.944070
-1.590000	-0.795800
-1.320000	-1.228600
-0.652000	-1.019500
0.189000	0.514930
0.810000	0.692420
0.822000	1.035000
0.892000	1.062700
0.904000	0.962560
0.658000	0.814040
0.125000	-0.160190
-0.458000	-0.627590
-1.040000	-1.020200
-1.320000	-1.012100
-1.360000	-1.398000
-0.437000	-0.246760
0.587000	0.412910
1.100000	0.647490
1.490000	0.966870
1.170000	1.098400
0.957000	1.082500
0.731000	0.769850
0.255000	0.091360
-0.230000	-0.382860
-0.930000	-1.071900
-1.510000	-1.551100
-1.490000	-1.386900
-1.020000	-0.745720
0.186000	0.073643
0.946000	0.446120
1.400000	0.883260
1.240000	0.791890
0.991000	1.367900
0.881000	0.820020
0.308000	-0.022975
-0.260000	-0.445430
-0.896000	-0.871640
-1.350000	-1.131400
-1.320000	-1.971700
-0.517000	-0.450910
0.202000	0.290030
0.738000	0.666160
0.990000	0.799860
0.702000	0.915850
1.100000	0.886610
0.696000	0.574300
0.175000	-0.041049
-0.407000	-0.632800
-1.220000	-1.202200
-1.660000	-1.199000
-1.860000	-2.266300
-1.230000	-0.752820
-0.206000	0.058771
0.593000	0.522170
0.850000	1.102400
1.020000	1.476900
0.996000	1.291900
0.837000	0.776620
0.396000	0.158020
-0.309000	-0.416960
-0.966000	-0.732300
-1.570000	-1.095800
-1.730000	-1.763600
-0.867000	-0.250870
0.683000	0.518070
0.933000	0.624220
0.889000	0.843000
0.738000	0.748830
0.856000	0.951590
0.579000	0.579990
-0.071500	-0.256480
-0.678000	-0.667330
-1.300000	-1.335800
-1.770000	-1.364600
-1.670000	-1.830300
-0.649000	-0.123810
-0.055600	0.116950
0.788000	0.675250
1.000000	1.184200
1.240000	1.332300
0.921000	1.261800
0.820000	0.485120
0.395000	0.179080
-0.237000	-0.387750
-0.970000	-0.828710
-1.560000	-0.965580
-1.770000	-2.175400
-0.932000	-0.819740
0.058800	0.329190
0.953000	0.614920
0.908000	1.085500
0.511000	1.230300
1.420000	1.224600
0.603000	0.429860
0.105000	0.169660
-0.426000	-0.248570
-1.120000	-0.879510
-1.720000	-1.371700
-1.810000	-1.711500
-0.422000	-0.404280
0.476000	0.136410
0.894000	0.621510
0.803000	0.957190
1.120000	1.134900
1.280000	1.316800
0.803000	0.735550
0.318000	0.348920
-0.364000	-0.356820
-1.020000	-0.872640
-1.480000	-1.326800
-1.690000	-1.973900
-0.940000	-0.969090
0.264000	-0.065504
1.030000	0.652710
