0.248000	0.815730
1.010000	1.734800
1.240000	1.741600
1.160000	1.354500
0.780000	0.615210
0.220000	0.140250
-0.585000	-0.510700
-1.030000	-0.686270
-1.240000	-1.097500
-1.130000	-1.038100
-0.004980	0.068411
0.940000	0.385330
0.812000	0.721060
1.280000	0.951250
1.420000	0.876750
0.538000	0.590540
-0.319000	-0.232010
-0.853000	-0.644090
-1.130000	-0.993030
-1.340000	-1.128000
-1.480000	-1.343400
-1.440000	-0.839700
-0.769000	-0.336180
0.624000	0.308140
0.803000	0.895670
1.360000	1.201800
1.030000	0.996710
0.286000	0.563110
-0.488000	-0.095067
-0.832000	-0.500020
-1.140000	-0.953800
-1.410000	-1.315000
-1.650000	-1.396600
-1.730000	-1.092600
-1.000000	-0.603420
0.215000	-0.058806
1.190000	0.802580
1.220000	1.011500
1.220000	1.618000
1.000000	0.866190
0.386000	0.104220
-0.244000	-0.295250
-0.666000	-0.660390
-1.080000	-0.958780
-1.360000	-1.471000
-1.170000	-0.858300
-0.746000	-0.427750
0.171000	0.158170
0.790000	0.589660
1.130000	0.746410
0.995000	0.856940
0.748000	0.402040
-0.183000	-0.261970
-0.738000	-0.730070
-1.050000	-1.088600
-1.270000	-1.285200
-1.530000	-1.809500
-1.650000	-1.256500
-1.410000	-0.551920
0.025000	0.079605
1.270000	1.101100
1.570000	2.063900
1.600000	1.887100
1.210000	0.983360
0.526000	0.317260
-0.215000	-0.179740
-0.527000	-0.535390
-0.862000	-0.854860
-1.130000	-1.294000
-0.807000	-0.667900
0.257000	-0.038970
0.637000	0.171570
0.849000	0.743760
1.110000	0.799330
1.020000	0.913730
0.696000	0.352940
-0.051000	-0.290920
-0.594000	-0.659130
-0.990000	-1.090600
-1.260000	-1.234100
-1.430000	-1.595300
-1.350000	-0.861330
-0.656000	-0.528500
0.230000	0.249910
0.852000	1.515900
1.550000	2.037800
1.340000	1.759500
0.882000	0.883650
0.318000	0.413680
-0.130000	-0.117280
-0.541000	-0.521000
-0.881000	-0.771970
-1.150000	-1.508000
-1.020000	-0.942250
0.122000	-0.040502
0.933000	0.364760
1.110000	1.084700
1.710000	1.435400
1.410000	1.536700
0.867000	0.725990
0.292000	0.259960
-0.145000	-0.141320
-0.516000	-0.615340
-0.927000	-1.004300
-1.120000	-1.311200
-0.495000	-0.754990
0.293000	-0.137650
0.730000	0.256040
1.390000	0.895420
1.380000	1.275200
1.430000	1.691600
1.280000	1.118900
0.878000	0.504920
0.179000	-0.114510
-0.637000	-0.564230
-1.010000	-0.955580
-1.190000	-1.446200
-0.915000	-1.069600
-0.452000	-0.433610
0.911000	0.259430
