1.230000	0.736540
1.480000	1.352900
1.840000	1.713800
1.310000	1.467800
0.700000	0.980450
0.360000	0.580980
-0.523000	-0.243070
-0.852000	-0.584020
-1.140000	-1.163500
-1.200000	-1.115600
0.563000	-0.166980
1.150000	0.183950
0.725000	0.510620
0.923000	0.822660
0.551000	0.785010
0.097300	0.602580
-0.013300	0.005411
-0.496000	-0.443880
-0.856000	-0.950000
-1.180000	-1.046100
-1.370000	-1.377100
-1.450000	-0.796820
-0.978000	-0.510810
-0.210000	0.054914
0.287000	0.695120
0.641000	1.024300
0.128000	0.923860
-0.199000	0.668400
-0.578000	0.159000
-0.882000	-0.241640
-1.100000	-0.775580
-1.340000	-1.330500
-1.490000	-1.475200
-1.520000	-1.062700
-1.200000	-0.624910
0.312000	-0.344610
0.990000	0.245650
1.300000	0.821820
1.410000	1.050000
0.984000	0.939740
0.348000	0.576330
-0.150000	0.105940
-0.622000	-0.371020
-1.090000	-0.851120
-1.240000	-1.626500
-0.767000	-0.729850
-0.471000	-0.496820
0.520000	-0.015436
0.563000	0.477110
0.790000	0.720140
1.130000	0.801400
1.050000	0.548650
0.285000	0.035217
-0.296000	-0.503980
-0.751000	-1.002100
-1.130000	-1.198700
-1.400000	-2.024300
-1.510000	-1.139600
-0.614000	-0.687440
1.130000	-0.104570
1.970000	0.667920
1.760000	1.468900
1.860000	1.688000
1.470000	1.248300
0.884000	0.755320
0.084800	0.208740
-0.357000	-0.290150
-0.812000	-0.638590
-1.130000	-1.308000
-1.170000	-0.503450
-0.319000	-0.250490
0.274000	0.008628
1.050000	0.455580
1.220000	0.744500
0.674000	0.735680
0.244000	0.533330
-0.346000	0.057266
-0.668000	-0.372880
-0.938000	-0.956820
-1.200000	-1.097200
-1.270000	-1.812800
-1.200000	-0.854510
-0.585000	-0.620740
0.373000	-0.059457
1.580000	1.133800
1.320000	1.835500
1.180000	1.661500
0.705000	1.251300
0.150000	0.810060
-0.345000	0.261970
-0.781000	-0.230150
-1.090000	-0.533350
-1.290000	-1.747000
-1.380000	-1.023500
-0.059800	-0.301940
1.170000	0.132620
1.650000	0.700940
1.310000	1.117900
1.290000	1.268400
1.070000	1.073200
0.397000	0.630230
-0.058200	0.157360
-0.498000	-0.290710
-0.811000	-0.881980
-1.200000	-1.399600
-1.190000	-0.594570
-0.501000	-0.357780
0.567000	0.018828
1.020000	0.497150
1.400000	1.042800
1.400000	1.365800
1.010000	1.287500
0.681000	0.874280
0.094800	0.239920
-0.569000	-0.365110
-0.992000	-0.873240
-1.250000	-1.695200
-1.340000	-1.026800
-0.948000	-0.420570
0.267000	-0.012683
