0.954000	0.812690
1.270000	1.730300
1.450000	1.620400
1.100000	1.216100
0.561000	0.474480
0.181000	0.077910
-0.651000	-0.589780
-1.050000	-0.778290
-1.240000	-1.189300
-1.060000	-1.023600
0.282000	0.187970
1.260000	0.458460
0.865000	0.698670
1.210000	0.896950
0.939000	0.800210
0.208000	0.517150
-0.347000	-0.334990
-0.893000	-0.748080
-1.200000	-1.122400
-1.420000	-1.177200
-1.480000	-1.339000
-1.110000	-0.712270
-0.517000	-0.237360
0.572000	0.413180
0.868000	0.905340
1.180000	1.173400
0.845000	0.914080
0.489000	0.475090
-0.261000	-0.203530
-0.848000	-0.571800
-1.190000	-1.023800
-1.490000	-1.410100
-1.660000	-1.448000
-1.590000	-0.975260
-1.310000	-0.449120
0.480000	0.103190
1.160000	0.964060
1.250000	1.087100
1.420000	1.662400
1.080000	0.812230
0.434000	0.098137
-0.112000	-0.320030
-0.585000	-0.701240
-1.110000	-1.013300
-1.310000	-1.563300
-0.977000	-0.742670
-0.590000	-0.318740
0.444000	0.214840
0.970000	0.607570
1.190000	0.698770
1.050000	0.837530
0.813000	0.370680
-0.074700	-0.295460
-0.704000	-0.774120
-1.080000	-1.113500
-1.380000	-1.291800
-1.590000	-1.838300
-1.640000	-1.104000
-1.270000	-0.344210
0.403000	0.178380
1.350000	1.148500
1.520000	2.106400
1.420000	1.830500
1.080000	0.876010
0.520000	0.264440
-0.212000	-0.220790
-0.576000	-0.610190
-0.973000	-0.869880
-1.180000	-1.322600
-0.770000	-0.558990
0.183000	0.065898
0.680000	0.238990
1.070000	0.818990
1.290000	0.818350
1.100000	0.910750
0.753000	0.297970
-0.024000	-0.307760
-0.608000	-0.700980
-1.030000	-1.160500
-1.340000	-1.246000
-1.390000	-1.691200
-1.100000	-0.752750
-0.103000	-0.365800
0.524000	0.345380
1.010000	1.540900
1.470000	1.986800
1.190000	1.671300
0.674000	0.838080
0.209000	0.374470
-0.232000	-0.167260
-0.693000	-0.571110
-1.070000	-0.776860
-1.280000	-1.627700
-1.000000	-0.833930
0.402000	0.142780
1.130000	0.463280
1.410000	1.130800
1.410000	1.422100
1.240000	1.507500
0.773000	0.694420
0.214000	0.220290
-0.300000	-0.190430
-0.690000	-0.638810
-1.020000	-1.046800
-1.200000	-1.356900
-0.744000	-0.567730
0.089800	0.103490
0.775000	0.361660
1.040000	0.981020
1.230000	1.266300
1.240000	1.676400
1.010000	1.049700
0.531000	0.455950
-0.095400	-0.179280
-0.884000	-0.648700
-1.210000	-1.024000
-1.280000	-1.573500
-0.965000	-0.974700
-0.531000	-0.236150
0.759000	0.359300
