0.872000	0.510980
1.650000	0.536600
1.590000	0.536600
1.060000	0.534400
0.279000	0.464140
-0.093600	0.418030
-0.748000	-0.616200
-1.020000	-0.715010
-1.220000	-1.258800
-1.280000	-0.863590
0.011500	0.527080
1.470000	0.527820
0.967000	0.531480
0.881000	0.529280
0.496000	0.427540
-0.130000	0.473650
-0.399000	-0.089206
-0.887000	-0.429560
-1.180000	-0.966070
-1.370000	-0.753800
-1.470000	-1.083200
-1.410000	0.216740
-0.988000	0.483900
0.187000	0.530010
0.521000	0.525620
1.390000	0.536600
0.752000	0.516840
0.186000	0.487560
-0.539000	0.120860
-0.859000	-0.111160
-1.090000	-0.721600
-1.340000	-1.405200
-1.440000	-1.273500
-1.480000	-0.248770
-1.260000	0.487560
0.370000	0.530010
1.200000	0.535870
1.260000	0.535140
1.440000	0.536600
1.020000	0.535140
0.348000	0.450230
-0.130000	0.062964
-0.538000	-0.411990
-0.995000	-0.885550
-1.210000	-1.961500
-1.120000	0.096706
-0.917000	0.498540
0.227000	0.528550
0.909000	0.531480
1.190000	0.524160
0.831000	0.529280
0.609000	0.489020
-0.258000	0.218210
-0.783000	-0.291220
-1.100000	-0.819680
-1.320000	-0.812360
-1.500000	-2.100600
-1.610000	-0.085546
-1.230000	0.478780
0.649000	0.534400
1.670000	0.536600
1.640000	0.536600
1.610000	0.536600
1.040000	0.533670
0.384000	0.431200
-0.262000	0.002418
-0.594000	-0.452980
-0.933000	-0.648400
-1.100000	-1.507700
-0.949000	0.265780
0.031800	0.526350
0.632000	0.531480
1.290000	0.532210
1.470000	0.513910
1.110000	0.508050
0.621000	0.508050
-0.036300	0.150140
-0.505000	-0.231930
-0.861000	-0.988020
-1.120000	-0.892870
-1.290000	-1.902900
-1.180000	0.254800
-0.263000	0.483170
0.632000	0.534400
1.260000	0.536600
1.550000	0.535140
1.290000	0.535140
0.623000	0.527080
0.111000	0.392410
-0.269000	-0.016817
-0.665000	-0.433220
-1.020000	-0.509340
-1.230000	-2.320100
-1.210000	-0.510070
0.515000	0.497810
1.210000	0.530740
1.700000	0.534400
1.400000	0.530740
1.350000	0.535140
0.810000	0.519030
0.336000	0.396070
-0.052900	0.033979
-0.375000	-0.351240
-0.684000	-1.046600
-0.953000	-1.602800
-0.804000	0.296520
-0.063900	0.500730
0.529000	0.530010
0.871000	0.536600
0.988000	0.535140
1.290000	0.536600
0.975000	0.447300
0.606000	0.461940
0.120000	-0.057074
-0.530000	-0.658650
-0.841000	-1.127100
-1.110000	-2.188400
-1.090000	-0.529100
-0.199000	0.471460
1.070000	0.535140
