1.180000	0.798130
1.070000	1.400900
1.130000	1.333400
0.904000	1.068000
0.442000	0.534030
0.127000	0.235200
-0.801000	-0.720350
-1.450000	-0.869840
-1.420000	-1.393400
-0.714000	-1.081200
0.359000	0.385380
0.886000	0.570330
0.883000	0.735110
1.050000	0.860090
1.040000	0.747480
0.799000	0.578330
0.305000	-0.272690
-0.255000	-0.727290
-0.898000	-1.231400
-1.490000	-1.149800
-1.580000	-1.412700
-0.675000	-0.344670
0.113000	0.094617
0.541000	0.540820
1.020000	0.865460
1.450000	1.042700
1.110000	0.867370
0.925000	0.558620
0.428000	-0.081549
-0.092100	-0.450020
-0.685000	-1.054700
-1.350000	-1.630600
-1.520000	-1.568400
-0.873000	-0.745500
0.227000	-0.041358
0.744000	0.333700
1.210000	0.895360
1.240000	0.980620
1.250000	1.356400
1.000000	0.800490
0.483000	0.271390
-0.088600	-0.206220
-0.638000	-0.691130
-1.250000	-1.108200
-1.430000	-1.989600
-0.797000	-0.428290
0.214000	0.051497
0.709000	0.412850
0.787000	0.673020
0.969000	0.732780
1.030000	0.822030
0.719000	0.495620
0.150000	-0.086299
-0.622000	-0.665470
-1.340000	-1.156500
-1.940000	-1.249200
-2.040000	-2.233300
-1.530000	-0.741860
-0.704000	0.023617
0.306000	0.381910
0.925000	1.015600
1.190000	1.643400
1.100000	1.463000
0.889000	0.839710
0.441000	0.372540
-0.194000	-0.167340
-0.805000	-0.644750
-1.520000	-0.904320
-1.710000	-1.609300
-0.580000	-0.223970
0.329000	0.308450
1.060000	0.427520
1.030000	0.806140
1.100000	0.798550
1.010000	0.857950
0.814000	0.450100
0.275000	-0.139340
-0.298000	-0.599800
-0.908000	-1.275600
-1.430000	-1.272600
-1.630000	-2.035900
-0.562000	-0.351290
0.346000	0.006642
0.813000	0.487330
0.919000	1.270500
1.350000	1.570000
0.988000	1.363100
0.726000	0.809790
0.275000	0.434000
-0.362000	-0.140520
-0.944000	-0.612670
-1.560000	-0.771120
-1.910000	-2.201500
-1.030000	-0.772930
-0.073900	0.341350
0.885000	0.563910
1.050000	1.011800
0.952000	1.199500
0.982000	1.252100
0.686000	0.711770
0.222000	0.332630
-0.338000	-0.127560
-0.951000	-0.620890
-1.530000	-1.213900
-1.810000	-1.669100
-0.944000	-0.208710
0.225000	0.319470
0.746000	0.507650
0.634000	0.912860
1.170000	1.106900
0.989000	1.372500
0.820000	0.915870
0.416000	0.528330
-0.181000	-0.165490
-0.850000	-0.768580
-1.470000	-1.234900
-1.860000	-2.095700
-1.110000	-0.877550
-0.174000	0.086315
0.761000	0.502560
