1.210000	0.724210
1.220000	1.310300
1.370000	1.029300
0.902000	0.777830
0.571000	0.325140
0.138000	0.167390
-0.805000	-0.787270
-1.570000	-0.933360
-1.380000	-1.471400
-0.431000	-1.077400
0.669000	0.630210
1.020000	0.688680
0.551000	0.738470
0.878000	0.779460
0.834000	0.632340
0.619000	0.515390
0.078400	-0.344010
-0.481000	-0.710850
-1.030000	-1.221900
-1.370000	-1.105500
-1.010000	-1.354400
-0.112000	-0.148920
0.622000	0.351380
1.290000	0.712770
1.230000	0.839510
1.150000	0.944860
0.972000	0.732020
0.712000	0.454170
0.263000	-0.146730
-0.239000	-0.425490
-0.893000	-1.011100
-1.470000	-1.642700
-1.420000	-1.573500
-0.771000	-0.607260
0.401000	0.214460
1.100000	0.632740
1.360000	1.149100
1.070000	0.974570
0.852000	1.391600
0.864000	0.672100
0.273000	0.191810
-0.254000	-0.214000
-0.926000	-0.681010
-1.510000	-1.144400
-1.590000	-2.096200
-0.551000	-0.283730
0.203000	0.274070
0.845000	0.558710
1.160000	0.678960
0.651000	0.631340
1.070000	0.733530
0.624000	0.404400
0.100000	-0.120350
-0.370000	-0.633740
-1.100000	-1.072500
-1.620000	-1.192700
-1.640000	-2.273600
-0.908000	-0.587560
0.248000	0.330110
0.823000	0.599900
0.897000	1.119800
0.958000	1.605200
0.803000	1.252900
0.761000	0.588670
0.273000	0.238910
-0.394000	-0.228080
-1.060000	-0.686760
-1.710000	-0.920500
-1.900000	-1.690800
-0.794000	-0.101620
0.928000	0.549510
1.140000	0.578570
0.973000	0.895940
0.725000	0.741010
0.981000	0.819050
0.674000	0.380570
-0.036600	-0.160100
-0.646000	-0.553600
-1.300000	-1.245700
-1.850000	-1.220400
-1.730000	-2.104700
-0.532000	-0.133310
0.204000	0.296590
1.030000	0.740150
1.130000	1.260300
1.260000	1.308400
0.836000	1.106800
0.729000	0.553360
0.306000	0.259790
-0.305000	-0.222590
-1.070000	-0.656030
-1.690000	-0.793820
-1.890000	-2.382400
-0.804000	-0.716110
0.057800	0.631280
0.596000	0.750120
0.852000	1.062100
0.665000	1.129600
1.160000	1.154300
0.650000	0.501620
0.169000	0.214250
-0.352000	-0.165460
-1.050000	-0.615980
-1.740000	-1.266800
-2.000000	-1.775800
-0.457000	-0.060327
0.458000	0.617550
0.982000	0.681730
0.390000	1.029900
1.000000	1.007200
1.080000	1.236400
0.669000	0.648900
0.271000	0.335640
-0.338000	-0.260460
-1.040000	-0.845960
-1.660000	-1.320200
-1.840000	-2.275600
-0.898000	-0.846820
0.070000	0.309190
0.924000	0.715130
