0.286000	0.771760
1.020000	1.688800
1.110000	1.574200
1.240000	1.183600
0.792000	0.506270
0.173000	0.169130
-0.483000	-0.511110
-0.991000	-0.767760
-1.110000	-1.238100
-0.756000	-1.083000
-0.022000	0.200600
0.577000	0.440670
0.775000	0.657060
1.130000	0.860910
1.390000	0.759600
0.780000	0.509090
-0.068400	-0.297550
-0.648000	-0.667930
-1.020000	-1.077600
-1.390000	-1.157300
-1.530000	-1.350300
-1.220000	-0.721160
-0.386000	-0.238910
0.808000	0.399010
0.999000	0.862440
1.220000	1.133700
1.060000	0.871090
0.648000	0.467460
-0.002130	-0.162820
-0.585000	-0.493760
-1.030000	-0.942950
-1.370000	-1.398300
-1.630000	-1.494400
-1.570000	-1.004300
-0.358000	-0.444970
0.415000	0.110800
1.650000	0.954960
1.300000	1.063400
1.270000	1.621100
0.900000	0.802240
0.166000	0.169260
-0.379000	-0.219100
-0.799000	-0.611970
-1.210000	-1.003600
-1.560000	-1.625700
-1.230000	-0.742860
-0.611000	-0.324510
0.608000	0.200730
1.390000	0.576830
1.190000	0.655240
1.120000	0.801340
0.887000	0.352640
0.106000	-0.268610
-0.521000	-0.717300
-1.010000	-1.052000
-1.370000	-1.284900
-1.710000	-1.915200
-1.740000	-1.141300
-1.060000	-0.347610
0.237000	0.194850
1.340000	1.138200
1.280000	2.060900
1.520000	1.798400
1.190000	0.871710
0.350000	0.324160
-0.275000	-0.137700
-0.667000	-0.547110
-1.010000	-0.830330
-1.280000	-1.363400
-0.852000	-0.557380
0.683000	0.072985
0.767000	0.231930
0.832000	0.795690
1.140000	0.791510
1.020000	0.874130
0.649000	0.305710
-0.142000	-0.250070
-0.667000	-0.608660
-1.120000	-1.090300
-1.430000	-1.204200
-1.570000	-1.772100
-1.420000	-0.761630
-0.748000	-0.352460
0.244000	0.366690
0.584000	1.524400
1.490000	1.933400
1.380000	1.630800
0.782000	0.840570
0.237000	0.402400
-0.228000	-0.090793
-0.711000	-0.498340
-1.100000	-0.743490
-1.280000	-1.729900
-1.020000	-0.909800
-0.089000	0.154380
0.912000	0.477650
1.230000	1.095300
1.460000	1.381700
1.150000	1.481300
0.634000	0.700870
0.107000	0.259910
-0.318000	-0.120330
-0.703000	-0.546270
-1.120000	-1.032100
-1.390000	-1.431100
-0.554000	-0.582260
0.274000	0.109270
0.629000	0.347690
1.410000	0.955870
1.240000	1.210400
1.240000	1.617000
1.050000	1.018400
0.584000	0.465000
-0.059300	-0.112930
-0.725000	-0.604610
-1.070000	-1.025800
-1.270000	-1.686000
-0.900000	-1.036400
-0.393000	-0.228730
0.822000	0.363400
