1.110000	0.949190
0.984000	1.268400
1.220000	1.170900
0.922000	0.945320
0.384000	0.224720
-0.248000	-0.301720
-1.340000	-1.293200
-1.550000	-0.953870
-0.934000	-1.128500
-0.342000	-0.633640
0.280000	0.520150
0.706000	0.768540
1.280000	0.968040
0.976000	0.954570
0.992000	0.855060
0.718000	0.593420
0.254000	-0.480930
-0.781000	-1.163200
-1.300000	-1.485800
-1.330000	-1.135600
-0.931000	-1.236300
-0.410000	0.096313
0.313000	0.450010
1.230000	0.753810
1.180000	1.027100
1.020000	1.069100
1.140000	0.974720
0.870000	0.569730
0.087800	-0.283190
-0.768000	-0.821590
-1.320000	-1.490000
-1.570000	-1.721600
-1.170000	-1.210700
-0.449000	-0.260720
0.895000	0.342800
0.892000	0.554350
1.280000	0.940040
0.853000	0.967780
1.170000	1.301000
0.775000	0.726110
0.143000	-0.131270
-0.821000	-0.770190
-1.320000	-1.200500
-1.560000	-1.155200
-1.200000	-1.753200
-0.316000	-0.097886
0.422000	0.450170
0.985000	0.675360
1.130000	0.862310
1.070000	0.928910
0.926000	0.932610
0.624000	0.616110
-0.056500	-0.120380
-1.030000	-0.884660
-1.500000	-1.445600
-1.570000	-1.124300
-1.220000	-1.827000
-0.557000	-0.102020
0.312000	0.445840
0.870000	0.483980
1.060000	0.943090
1.070000	1.443800
0.835000	1.181800
0.740000	0.651090
0.276000	-0.035892
-0.665000	-0.685310
-1.350000	-1.042600
-1.560000	-1.112800
-1.260000	-1.437700
0.142000	0.080650
0.693000	0.516940
0.705000	0.638200
0.811000	0.916960
0.936000	0.861150
1.100000	0.964080
0.644000	0.435390
-0.390000	-0.393440
-1.170000	-1.056000
-1.530000	-1.687100
-1.700000	-1.425900
-1.280000	-1.599100
-0.446000	0.124570
0.339000	0.316620
1.140000	0.520070
1.050000	1.065700
0.922000	1.359700
0.822000	1.166900
0.872000	0.582790
0.349000	0.174850
-0.706000	-0.646370
-1.430000	-1.082400
-1.710000	-0.925530
-1.540000	-1.824700
-0.982000	-0.136770
0.149000	0.508250
0.784000	0.575240
0.917000	1.089700
1.380000	1.163800
0.992000	1.082400
0.658000	0.521400
0.182000	0.069345
-0.556000	-0.547060
-1.470000	-1.154800
-1.770000	-1.343100
-1.370000	-1.303700
-0.078000	0.229120
0.616000	0.542540
1.110000	0.736380
1.090000	0.999050
0.778000	1.212300
0.800000	1.357300
0.783000	0.819850
0.431000	0.384810
-0.405000	-0.617990
-1.380000	-1.107900
-1.500000	-1.300200
-1.470000	-1.623500
-0.730000	-0.310470
0.044500	0.361590
0.776000	0.629100
