1.030000	0.620120
1.160000	0.651210
1.110000	0.651210
0.883000	0.648550
0.407000	0.563270
0.057600	0.507310
-0.930000	-0.747820
-1.600000	-0.867730
-1.360000	-1.527700
-0.628000	-1.048100
0.303000	0.639670
0.884000	0.640550
0.945000	0.645000
1.090000	0.642330
1.070000	0.518860
0.847000	0.574820
0.321000	-0.108260
-0.312000	-0.521310
-0.987000	-1.172400
-1.480000	-0.914810
-1.370000	-1.314500
-0.492000	0.263040
0.218000	0.587260
0.665000	0.643220
0.999000	0.637890
1.390000	0.651210
1.130000	0.627230
0.927000	0.591700
0.371000	0.146670
-0.216000	-0.134910
-0.877000	-0.875730
-1.490000	-1.705400
-1.410000	-1.545500
-0.748000	-0.301900
0.209000	0.591700
0.765000	0.643220
1.340000	0.650320
1.290000	0.649440
1.240000	0.651210
1.010000	0.649440
0.457000	0.546400
-0.186000	0.076412
-0.812000	-0.499990
-1.390000	-1.074700
-1.430000	-2.380500
-0.652000	0.117360
0.220000	0.605020
0.721000	0.641440
0.795000	0.645000
1.110000	0.636110
1.050000	0.642330
0.748000	0.593480
0.168000	0.264810
-0.579000	-0.353420
-1.280000	-0.994760
-1.810000	-0.985870
-1.770000	-2.549200
-1.160000	-0.103820
-0.161000	0.581040
0.519000	0.648550
0.755000	0.651210
1.070000	0.651210
1.100000	0.651210
0.898000	0.647660
0.398000	0.523300
-0.307000	0.002934
-0.990000	-0.549730
-1.650000	-0.786900
-1.690000	-1.829700
-0.493000	0.322550
0.539000	0.638780
1.120000	0.645000
0.885000	0.645880
1.130000	0.623680
0.999000	0.616570
0.819000	0.616570
0.211000	0.182210
-0.406000	-0.281470
-1.060000	-1.199100
-1.560000	-1.083600
-1.500000	-2.309400
-0.428000	0.309230
0.392000	0.586370
0.905000	0.648550
0.839000	0.651210
1.270000	0.649440
0.924000	0.649440
0.697000	0.639670
0.254000	0.476220
-0.427000	-0.020409
-1.090000	-0.525750
-1.690000	-0.618130
-1.870000	-2.815700
-0.929000	-0.619020
-0.087000	0.604130
0.720000	0.644110
0.884000	0.648550
1.040000	0.644110
1.000000	0.649440
0.688000	0.629890
0.200000	0.480660
-0.432000	0.041237
-1.120000	-0.426260
-1.690000	-1.270100
-1.850000	-1.945200
-0.826000	0.359860
0.336000	0.607690
0.702000	0.643220
0.819000	0.651210
1.120000	0.649440
0.985000	0.651210
0.801000	0.542840
0.361000	0.560610
-0.309000	-0.069264
-1.030000	-0.799340
-1.650000	-1.367800
-1.810000	-2.655800
-1.030000	-0.642110
-0.045700	0.572160
0.789000	0.649440
