0.416000	0.832380
1.160000	1.608900
1.100000	1.561900
1.210000	1.212500
0.810000	0.522240
0.225000	0.116980
-0.486000	-0.664290
-1.040000	-0.803750
-1.180000	-1.230100
-0.857000	-1.013300
0.032600	0.218710
0.599000	0.488180
0.825000	0.726790
1.140000	0.905300
1.360000	0.811300
0.713000	0.555120
-0.070800	-0.308310
-0.683000	-0.772390
-1.080000	-1.182300
-1.430000	-1.172800
-1.620000	-1.365500
-1.280000	-0.580490
-0.489000	-0.140360
0.735000	0.438090
1.030000	0.904810
1.040000	1.143500
1.040000	0.931810
0.655000	0.530990
0.068500	-0.154770
-0.475000	-0.554410
-1.030000	-1.073800
-1.490000	-1.496500
-1.670000	-1.465500
-1.420000	-0.880640
-0.235000	-0.319810
0.463000	0.140800
1.690000	0.880760
1.310000	1.043400
1.260000	1.527200
0.878000	0.829580
0.152000	0.155430
-0.367000	-0.312480
-0.820000	-0.733530
-1.230000	-1.043100
-1.570000	-1.685500
-1.150000	-0.627760
-0.589000	-0.195860
0.556000	0.277050
1.550000	0.643600
1.110000	0.747060
1.150000	0.857260
0.857000	0.447650
0.194000	-0.207770
-0.400000	-0.752370
-0.905000	-1.166900
-1.310000	-1.276200
-1.650000	-1.950800
-1.520000	-0.950200
-0.855000	-0.239540
0.400000	0.215320
1.100000	1.065300
1.170000	1.915400
1.560000	1.710600
1.200000	0.903360
0.352000	0.307720
-0.313000	-0.221860
-0.779000	-0.640570
-1.190000	-0.892220
-1.410000	-1.401100
-0.656000	-0.433230
0.894000	0.120550
0.834000	0.292640
0.927000	0.799510
1.200000	0.826100
1.040000	0.904220
0.713000	0.371380
-0.028800	-0.254330
-0.654000	-0.702150
-1.150000	-1.238300
-1.600000	-1.276000
-1.510000	-1.775900
-1.070000	-0.610240
-0.661000	-0.263380
0.100000	0.345160
0.744000	1.419700
1.410000	1.863800
1.200000	1.591300
0.715000	0.867190
0.271000	0.418130
-0.203000	-0.173220
-0.772000	-0.609030
-1.180000	-0.778470
-1.440000	-1.780800
-0.996000	-0.776570
0.088400	0.166130
0.930000	0.460210
1.350000	1.075700
1.270000	1.345200
1.120000	1.414500
0.601000	0.733790
0.120000	0.272020
-0.338000	-0.186170
-0.758000	-0.668730
-1.260000	-1.106700
-1.540000	-1.426100
-0.660000	-0.429150
0.050800	0.135800
0.509000	0.394470
1.300000	0.931690
1.180000	1.231000
1.260000	1.583500
0.964000	1.048600
0.528000	0.516690
-0.076900	-0.183620
-0.791000	-0.700230
-1.170000	-1.089300
-1.360000	-1.700100
-0.734000	-0.901820
-0.182000	-0.140810
0.979000	0.375210
