0.871000	0.747800
1.010000	1.383300
1.190000	1.182700
1.090000	0.912340
0.680000	0.423210
0.251000	0.217560
-0.758000	-0.719530
-1.520000	-0.901430
-1.370000	-1.450700
-0.473000	-1.108400
0.403000	0.515820
0.729000	0.625620
0.966000	0.723360
1.100000	0.811070
1.130000	0.676920
0.759000	0.537030
0.179000	-0.309140
-0.483000	-0.694410
-1.100000	-1.207600
-1.570000	-1.130800
-1.560000	-1.389500
-0.914000	-0.279420
-0.099200	0.207550
0.969000	0.626990
1.180000	0.846140
1.020000	0.994840
1.070000	0.784510
0.784000	0.490300
0.168000	-0.117910
-0.383000	-0.422000
-1.140000	-1.003100
-1.730000	-1.624600
-1.580000	-1.593300
-0.888000	-0.710740
0.188000	0.063195
0.792000	0.489550
1.100000	1.058100
1.080000	0.989890
1.140000	1.409600
0.722000	0.730690
0.262000	0.237010
-0.396000	-0.184180
-0.994000	-0.656560
-1.580000	-1.126200
-1.380000	-2.050000
-0.404000	-0.384250
0.252000	0.137700
0.927000	0.474220
1.070000	0.663290
0.961000	0.658880
1.030000	0.765450
0.684000	0.425310
0.194000	-0.120250
-0.538000	-0.642810
-1.130000	-1.088900
-1.680000	-1.231300
-1.490000	-2.266900
-0.695000	-0.716330
0.035200	0.160130
0.853000	0.497430
0.845000	1.098700
0.739000	1.672900
0.870000	1.384100
0.961000	0.703430
0.479000	0.310250
-0.287000	-0.176460
-0.977000	-0.646060
-1.650000	-0.902980
-1.890000	-1.658000
-0.367000	-0.192460
0.518000	0.428340
0.800000	0.496120
0.832000	0.859270
0.713000	0.764310
0.954000	0.835040
0.579000	0.399620
-0.111000	-0.148510
-0.759000	-0.552320
-1.430000	-1.229000
-1.880000	-1.234900
-1.290000	-2.091600
-0.505000	-0.276950
0.255000	0.139670
0.838000	0.633560
1.250000	1.302300
1.310000	1.458800
1.100000	1.245600
0.957000	0.671910
0.455000	0.340910
-0.261000	-0.161570
-0.950000	-0.609600
-1.650000	-0.779420
-1.900000	-2.307300
-1.100000	-0.786290
0.276000	0.497270
0.835000	0.673690
1.110000	1.051100
1.030000	1.180000
0.960000	1.226500
0.605000	0.596440
0.206000	0.270040
-0.421000	-0.129320
-1.080000	-0.588190
-1.730000	-1.232500
-1.870000	-1.744200
-0.313000	-0.171210
0.515000	0.475530
0.784000	0.592680
1.070000	0.988760
1.020000	1.055200
1.240000	1.317500
0.957000	0.771090
0.452000	0.416040
-0.153000	-0.197090
-0.895000	-0.790030
-1.270000	-1.274500
-1.670000	-2.210000
-0.764000	-0.905650
-0.049600	0.184070
0.721000	0.618000
