1.140000	0.758280
1.650000	1.714200
1.460000	1.428400
0.866000	1.015800
0.285000	0.318060
0.028300	0.029617
-0.737000	-0.616010
-1.170000	-0.826350
-1.210000	-1.256200
-1.000000	-1.043900
0.258000	0.362870
1.230000	0.540600
1.120000	0.697070
1.040000	0.842430
0.777000	0.717850
0.016100	0.466050
-0.497000	-0.394270
-0.974000	-0.728890
-1.250000	-1.107500
-1.530000	-1.158400
-1.610000	-1.307300
-1.240000	-0.615290
-0.524000	-0.079137
0.348000	0.535820
1.100000	0.892610
1.230000	1.119900
0.999000	0.816210
0.754000	0.388140
0.051400	-0.262350
-0.587000	-0.556240
-0.951000	-0.981030
-1.400000	-1.411400
-1.660000	-1.470900
-1.430000	-0.915970
-0.864000	-0.302490
0.749000	0.314250
1.210000	1.184100
1.180000	1.105500
1.410000	1.741500
1.040000	0.722340
0.380000	0.033959
-0.159000	-0.319440
-0.583000	-0.682760
-1.170000	-1.043100
-1.370000	-1.635100
-0.877000	-0.677860
-0.227000	-0.194270
0.579000	0.305550
0.962000	0.605850
1.110000	0.614530
1.000000	0.773320
0.551000	0.285000
-0.251000	-0.345080
-0.824000	-0.759650
-1.200000	-1.043600
-1.500000	-1.270100
-1.800000	-1.869400
-1.780000	-1.052000
-1.320000	-0.153230
0.571000	0.332250
1.610000	1.261100
1.530000	2.152200
1.290000	1.728800
0.818000	0.694960
0.162000	0.165210
-0.313000	-0.257580
-0.663000	-0.632530
-1.200000	-0.881690
-1.350000	-1.382300
-0.713000	-0.510920
0.335000	0.229210
0.657000	0.337040
1.070000	0.897680
1.240000	0.781070
1.110000	0.891030
0.737000	0.231430
0.027000	-0.334530
-0.464000	-0.664280
-0.897000	-1.123000
-1.280000	-1.210100
-1.470000	-1.749600
-0.751000	-0.642950
0.115000	-0.184530
0.592000	0.537750
1.010000	1.584300
1.160000	1.847600
1.100000	1.521600
0.480000	0.652950
-0.011100	0.242870
-0.391000	-0.218480
-0.836000	-0.590680
-1.250000	-0.798760
-1.350000	-1.751100
-0.870000	-0.828000
0.708000	0.352090
1.150000	0.608240
1.660000	1.192800
1.050000	1.405200
1.090000	1.477300
0.621000	0.539060
0.082100	0.126870
-0.309000	-0.213180
-0.626000	-0.623610
-0.972000	-1.080500
-1.210000	-1.442300
-0.732000	-0.506220
0.481000	0.315090
0.839000	0.483050
1.000000	1.089800
1.020000	1.212000
1.270000	1.616200
0.892000	0.863690
0.371000	0.304780
-0.129000	-0.241790
-0.629000	-0.693960
-1.060000	-1.081600
-1.310000	-1.704100
-0.998000	-0.992220
0.014900	-0.101190
1.080000	0.515760
