1.180000	0.623740
0.866000	0.655010
1.200000	0.655010
0.866000	0.652330
0.456000	0.566560
0.027500	0.510270
-0.951000	-0.752180
-1.640000	-0.872790
-1.050000	-1.536600
0.084200	-1.054200
0.800000	0.643400
1.100000	0.644290
1.090000	0.648760
0.863000	0.646080
0.842000	0.521890
0.582000	0.578170
0.064400	-0.108890
-0.479000	-0.524350
-1.140000	-1.179200
-1.720000	-0.920140
-0.961000	-1.322200
0.142000	0.264570
0.730000	0.590680
1.380000	0.646970
0.803000	0.641610
1.220000	0.655010
1.040000	0.630890
0.698000	0.595150
0.088500	0.147530
-0.388000	-0.135690
-1.060000	-0.880830
-1.880000	-1.715300
-1.450000	-1.554500
-0.317000	-0.303660
0.787000	0.595150
0.881000	0.646970
0.678000	0.654120
0.861000	0.653220
0.937000	0.655010
0.540000	0.653220
0.125000	0.549580
-0.425000	0.076858
-1.070000	-0.502900
-1.870000	-1.081000
-1.720000	-2.394300
-0.527000	0.118050
0.580000	0.608550
1.140000	0.645180
1.110000	0.648760
0.710000	0.639820
0.625000	0.646080
0.541000	0.596940
0.082600	0.266360
-0.616000	-0.355480
-1.330000	-1.000600
-1.850000	-0.991620
-1.150000	-2.564100
-0.340000	-0.104420
0.316000	0.584430
0.853000	0.652330
0.891000	0.655010
0.635000	0.655010
0.741000	0.655010
0.620000	0.651440
0.274000	0.526350
-0.426000	0.002952
-1.100000	-0.552940
-1.850000	-0.791490
-1.810000	-1.840400
0.066300	0.324430
0.778000	0.642500
0.493000	0.648760
0.850000	0.649650
0.698000	0.627310
0.953000	0.620170
0.683000	0.620170
-0.041200	0.183270
-0.768000	-0.283110
-1.400000	-1.206000
-2.080000	-1.089900
-1.730000	-2.322900
-0.014300	0.311030
0.607000	0.589790
1.280000	0.652330
0.871000	0.655010
0.599000	0.653220
0.876000	0.653220
0.548000	0.643400
0.144000	0.479000
-0.542000	-0.020528
-1.260000	-0.528810
-2.000000	-0.621730
-1.690000	-2.832100
-0.596000	-0.622630
0.806000	0.607660
0.654000	0.647860
0.839000	0.652330
0.929000	0.647860
0.850000	0.653220
0.604000	0.633570
0.202000	0.483470
-0.378000	0.041477
-1.090000	-0.428750
-1.910000	-1.277500
-1.930000	-1.956500
0.138000	0.361960
0.940000	0.611230
1.370000	0.646970
0.980000	0.655010
0.680000	0.653220
0.715000	0.655010
0.554000	0.546010
0.181000	0.563880
-0.328000	-0.069668
-1.160000	-0.804000
-1.590000	-1.375800
-1.610000	-2.671300
-0.378000	-0.645860
0.898000	0.575490
0.793000	0.653220
