1.180000	0.850030
0.866000	1.030600
1.200000	0.882120
0.866000	0.740260
0.456000	0.231070
0.027500	-0.120860
-0.951000	-1.235600
-1.640000	-0.982640
-1.050000	-1.291600
0.084200	-0.734390
0.800000	0.684680
1.100000	0.813560
1.090000	0.911220
0.863000	0.851330
0.842000	0.729800
0.582000	0.580750
0.064400	-0.415870
-0.479000	-1.018600
-1.140000	-1.443800
-1.720000	-1.068000
-0.961000	-1.250100
0.142000	0.290210
0.730000	0.653440
1.380000	0.826460
0.803000	0.927800
1.220000	0.915770
1.040000	0.841010
0.698000	0.554920
0.088500	-0.189650
-0.388000	-0.640720
-1.060000	-1.353400
-1.880000	-1.776700
-1.450000	-1.313500
-0.317000	-0.164920
0.787000	0.586610
0.881000	0.740640
0.678000	0.961350
0.861000	0.875730
0.937000	1.109500
0.540000	0.659870
0.125000	0.021293
-0.425000	-0.569450
-1.070000	-1.048500
-1.870000	-1.175900
-1.720000	-2.027500
-0.527000	0.074277
0.580000	0.653080
1.140000	0.770240
1.110000	0.835270
0.710000	0.838020
0.625000	0.835870
0.541000	0.606450
0.082600	-0.004215
-0.616000	-0.737100
-1.330000	-1.331000
-1.850000	-1.066100
-1.150000	-2.089200
-0.340000	0.038801
0.316000	0.675930
0.853000	0.649180
0.891000	0.892470
0.635000	1.158600
0.741000	0.908030
0.620000	0.547980
0.274000	0.056345
-0.426000	-0.551850
-1.100000	-0.964230
-1.850000	-1.060100
-1.810000	-1.620100
0.066300	0.255090
0.778000	0.690850
0.493000	0.741430
0.850000	0.892630
0.698000	0.786220
0.953000	0.865610
0.683000	0.482970
-0.041200	-0.241760
-0.768000	-0.853480
-1.400000	-1.602100
-2.080000	-1.342500
-1.730000	-1.857700
-0.014300	0.338510
0.607000	0.569700
1.280000	0.676870
0.871000	0.914430
0.599000	1.017400
0.876000	0.891860
0.548000	0.492090
0.144000	0.186400
-0.542000	-0.540230
-1.260000	-0.992750
-2.000000	-0.869650
-1.690000	-2.238100
-0.596000	-0.203620
0.806000	0.685170
0.654000	0.684770
0.839000	0.990480
0.929000	0.978730
0.850000	0.897370
0.604000	0.469520
0.202000	0.137250
-0.378000	-0.423650
-1.090000	-0.996930
-1.910000	-1.388700
-1.930000	-1.554100
0.138000	0.395710
0.940000	0.720100
1.370000	0.817680
0.980000	0.956360
0.680000	1.021300
0.715000	1.089400
0.554000	0.630810
0.181000	0.366120
-0.328000	-0.536010
-1.160000	-1.101600
-1.590000	-1.397800
-1.610000	-2.033100
-0.378000	-0.347450
0.898000	0.565310
0.793000	0.748220
