0.914000	0.745700
1.180000	1.237400
1.380000	1.520300
1.040000	1.326700
0.554000	0.921510
0.140000	0.593140
-0.747000	-0.393470
-1.150000	-0.693300
-1.180000	-1.326700
-0.794000	-1.159000
0.455000	0.042639
1.240000	0.318010
0.837000	0.575330
1.210000	0.819250
1.060000	0.756230
0.454000	0.628390
-0.233000	-0.025130
-0.903000	-0.489440
-1.220000	-1.062900
-1.430000	-1.068300
-1.380000	-1.436300
-0.890000	-0.553340
-0.122000	-0.241140
0.613000	0.217570
1.050000	0.718050
1.190000	0.979720
0.958000	0.894490
0.492000	0.684570
-0.306000	0.164450
-0.918000	-0.226050
-1.270000	-0.845660
-1.540000	-1.505800
-1.710000	-1.575900
-1.570000	-0.915070
-1.120000	-0.329400
0.215000	-0.095662
0.986000	0.369030
1.240000	0.820510
1.390000	0.999930
1.040000	0.912970
0.378000	0.600090
-0.178000	0.103790
-0.654000	-0.426540
-1.130000	-0.958870
-1.240000	-1.921000
-0.744000	-0.540360
-0.257000	-0.225350
0.601000	0.161930
0.982000	0.549050
1.120000	0.737180
1.030000	0.802580
0.816000	0.591170
-0.118000	0.099459
-0.773000	-0.491010
-1.160000	-1.055500
-1.480000	-1.207300
-1.620000	-2.278700
-1.590000	-0.921620
-1.110000	-0.381310
0.467000	0.093983
1.300000	0.700340
1.480000	1.328300
1.360000	1.500100
1.050000	1.154400
0.466000	0.734160
-0.298000	0.164450
-0.697000	-0.376630
-1.110000	-0.714160
-1.230000	-1.521900
-0.629000	-0.307190
0.222000	-0.023070
0.763000	0.181760
1.190000	0.532410
1.280000	0.752900
1.080000	0.744060
0.695000	0.585420
-0.080100	0.094332
-0.670000	-0.368710
-1.110000	-1.075500
-1.420000	-1.154200
-1.400000	-2.047800
-0.954000	-0.586040
-0.224000	-0.327570
0.534000	0.129350
0.898000	1.065600
1.550000	1.615200
1.180000	1.478800
0.652000	1.154600
0.129000	0.764300
-0.389000	0.199850
-0.854000	-0.323080
-1.180000	-0.585860
-1.290000	-2.133600
-0.922000	-0.970360
0.256000	-0.072810
1.210000	0.278730
1.290000	0.725500
1.480000	1.051200
1.290000	1.170600
0.722000	1.012300
0.142000	0.624520
-0.412000	0.134560
-0.842000	-0.343570
-1.200000	-1.036100
-1.160000	-1.625100
-0.524000	-0.368510
0.044900	-0.115630
0.873000	0.189280
1.070000	0.566450
1.290000	0.993800
1.220000	1.247500
1.040000	1.156700
0.521000	0.837540
-0.185000	0.169310
-1.050000	-0.503120
-1.330000	-1.055700
-1.250000	-2.049600
-0.826000	-0.979270
-0.413000	-0.174490
0.883000	0.166260
