0.939000	0.597410
1.290000	0.627360
1.300000	0.627360
0.948000	0.624800
0.607000	0.542640
0.325000	0.488730
-0.657000	-0.720430
-1.430000	-0.835950
-1.180000	-1.471800
-0.416000	-1.009700
0.291000	0.616240
0.923000	0.617090
0.809000	0.621370
1.030000	0.618810
1.070000	0.499860
0.690000	0.553770
0.171000	-0.104290
-0.401000	-0.502210
-1.030000	-1.129500
-1.490000	-0.881310
-1.480000	-1.266400
-0.649000	0.253400
0.199000	0.565750
0.836000	0.619660
1.280000	0.614530
0.876000	0.627360
0.900000	0.604260
0.673000	0.570030
0.231000	0.141300
-0.276000	-0.129970
-1.030000	-0.843650
-1.730000	-1.642900
-1.900000	-1.488900
-1.620000	-0.290850
-0.507000	0.570030
0.487000	0.619660
1.260000	0.626510
1.170000	0.625650
1.110000	0.627360
0.926000	0.625650
0.377000	0.526390
-0.156000	0.073614
-0.728000	-0.481680
-1.340000	-1.035300
-1.360000	-2.293300
-0.608000	0.113060
-0.039000	0.582860
0.453000	0.617950
0.890000	0.621370
0.958000	0.612820
1.030000	0.618810
0.754000	0.571740
0.102000	0.255120
-0.569000	-0.340480
-1.350000	-0.958320
-1.840000	-0.949770
-2.040000	-2.455900
-1.690000	-0.100020
-0.623000	0.559760
0.425000	0.624800
0.853000	0.627360
1.220000	0.627360
1.190000	0.627360
0.954000	0.623940
0.426000	0.504140
-0.277000	0.002827
-0.871000	-0.529600
-1.570000	-0.758080
-1.730000	-1.762700
-0.995000	0.310740
0.479000	0.615380
0.928000	0.621370
1.000000	0.622230
0.906000	0.600830
1.120000	0.593990
0.653000	0.593990
0.077000	0.175530
-0.507000	-0.271160
-1.180000	-1.155100
-1.700000	-1.043900
-1.590000	-2.224800
-0.791000	0.297900
-0.191000	0.564890
0.658000	0.624800
0.704000	0.627360
1.160000	0.625650
1.000000	0.625650
0.768000	0.616240
0.373000	0.458780
-0.162000	-0.019662
-0.801000	-0.506490
-1.350000	-0.595490
-1.520000	-2.712600
-0.763000	-0.596340
-0.315000	0.582010
1.040000	0.620520
0.996000	0.624800
1.250000	0.620520
1.400000	0.625650
0.734000	0.606830
0.292000	0.463060
-0.205000	0.039726
-0.863000	-0.410650
-1.410000	-1.223600
-1.590000	-1.874000
-0.363000	0.346680
0.223000	0.585430
0.921000	0.619660
1.120000	0.627360
1.190000	0.625650
1.200000	0.627360
1.030000	0.522960
0.512000	0.540080
-0.098900	-0.066728
-0.805000	-0.770060
-1.200000	-1.317700
-1.400000	-2.558600
-0.678000	-0.618590
0.342000	0.551200
0.985000	0.625650
