0.914000	0.561260
1.180000	0.589400
1.380000	0.589400
1.040000	0.586980
0.554000	0.509810
0.140000	0.459160
-0.747000	-0.676830
-1.150000	-0.785360
-1.180000	-1.382700
-0.794000	-0.948560
0.455000	0.578950
1.240000	0.579750
0.837000	0.583770
1.210000	0.581360
1.060000	0.469610
0.454000	0.520260
-0.233000	-0.097983
-0.903000	-0.471820
-1.220000	-1.061100
-1.430000	-0.827970
-1.380000	-1.189800
-0.890000	0.238070
-0.122000	0.531510
0.613000	0.582160
1.050000	0.577340
1.190000	0.589400
0.958000	0.567690
0.492000	0.535530
-0.306000	0.132750
-0.918000	-0.122100
-1.270000	-0.792600
-1.540000	-1.543500
-1.710000	-1.398800
-1.570000	-0.273240
-1.120000	0.535530
0.215000	0.582160
0.986000	0.588590
1.240000	0.587790
1.390000	0.589400
1.040000	0.587790
0.378000	0.494530
-0.178000	0.069159
-0.654000	-0.452530
-1.130000	-0.972680
-1.240000	-2.154500
-0.744000	0.106220
-0.257000	0.547590
0.601000	0.580550
0.982000	0.583770
1.120000	0.575730
1.030000	0.581360
0.816000	0.537140
-0.118000	0.239680
-0.773000	-0.319870
-1.160000	-0.900330
-1.480000	-0.892290
-1.620000	-2.307200
-1.590000	-0.093963
-1.110000	0.525880
0.467000	0.586980
1.300000	0.589400
1.480000	0.589400
1.360000	0.589400
1.050000	0.586180
0.466000	0.473630
-0.298000	0.002656
-0.697000	-0.497550
-1.110000	-0.712200
-1.230000	-1.656000
-0.629000	0.291930
0.222000	0.578140
0.763000	0.583770
1.190000	0.584570
1.280000	0.564470
1.080000	0.558040
0.695000	0.558040
-0.080100	0.164910
-0.670000	-0.254750
-1.110000	-1.085200
-1.420000	-0.980720
-1.400000	-2.090200
-0.954000	0.279870
-0.224000	0.530710
0.534000	0.586980
0.898000	0.589400
1.550000	0.587790
1.180000	0.587790
0.652000	0.578950
0.129000	0.431020
-0.389000	-0.018472
-0.854000	-0.475840
-1.180000	-0.559450
-1.290000	-2.548400
-0.922000	-0.560260
0.256000	0.546790
1.210000	0.582960
1.290000	0.586980
1.480000	0.582960
1.290000	0.587790
0.722000	0.570100
0.142000	0.435040
-0.412000	0.037322
-0.842000	-0.385800
-1.200000	-1.149600
-1.160000	-1.760600
-0.524000	0.325700
0.044900	0.550000
0.873000	0.582160
1.070000	0.589400
1.290000	0.587790
1.220000	0.589400
1.040000	0.491310
0.521000	0.507390
-0.185000	-0.062689
-1.050000	-0.723460
-1.330000	-1.238000
-1.250000	-2.403700
-0.826000	-0.581160
-0.413000	0.517840
0.883000	0.587790
