0.861000	0.923850
1.060000	1.239500
1.130000	1.129900
0.918000	0.916690
0.431000	0.249630
-0.077500	-0.225060
-1.120000	-1.247900
-1.710000	-0.962430
-1.230000	-1.194400
-0.243000	-0.695720
0.475000	0.551620
0.781000	0.770530
1.250000	0.946240
1.060000	0.932850
0.964000	0.826350
0.724000	0.593880
0.122000	-0.456100
-0.601000	-1.108400
-1.200000	-1.469700
-1.550000	-1.132000
-0.919000	-1.263300
-0.180000	0.105020
0.623000	0.471510
1.070000	0.761000
1.130000	1.002300
1.050000	1.043200
1.070000	0.945040
0.740000	0.569250
0.041300	-0.251160
-0.599000	-0.761330
-1.310000	-1.439400
-1.720000	-1.741100
-1.200000	-1.271200
-0.385000	-0.279810
0.444000	0.369410
0.863000	0.584570
1.110000	0.952830
1.010000	0.958140
1.030000	1.277600
0.658000	0.722820
0.157000	-0.069852
-0.614000	-0.690490
-1.220000	-1.138800
-1.740000	-1.166400
-1.260000	-1.845800
-0.297000	-0.087318
0.346000	0.467610
1.100000	0.682140
1.100000	0.849270
0.836000	0.901120
0.941000	0.910650
0.606000	0.608580
0.060800	-0.095142
-0.787000	-0.843910
-1.420000	-1.410300
-1.820000	-1.131300
-1.160000	-1.930400
-0.409000	-0.122520
0.290000	0.468220
1.050000	0.517490
0.842000	0.948180
0.708000	1.412700
0.795000	1.154800
0.823000	0.646830
0.315000	0.013534
-0.556000	-0.623250
-1.220000	-1.004400
-1.810000	-1.095200
-1.610000	-1.503000
0.048100	0.094990
0.763000	0.544390
0.849000	0.650590
0.850000	0.912430
0.763000	0.847350
0.920000	0.943110
0.547000	0.449230
-0.245000	-0.345500
-0.946000	-0.986250
-1.570000	-1.651000
-1.910000	-1.408100
-1.060000	-1.702600
-0.414000	0.135220
0.460000	0.351340
1.040000	0.558190
1.200000	1.059900
1.240000	1.313600
1.090000	1.132100
0.780000	0.583490
0.313000	0.196910
-0.559000	-0.590900
-1.290000	-1.036500
-1.840000	-0.910090
-1.680000	-1.959000
-0.865000	-0.201730
0.478000	0.540280
0.750000	0.604790
1.140000	1.073300
1.220000	1.137500
0.947000	1.065600
0.587000	0.527360
0.160000	0.103300
-0.546000	-0.493390
-1.280000	-1.089600
-1.860000	-1.354800
-1.620000	-1.397700
-0.101000	0.232890
0.594000	0.570640
0.849000	0.743980
0.996000	0.993800
0.782000	1.173500
1.050000	1.312900
0.762000	0.791650
0.306000	0.392960
-0.452000	-0.571720
-1.200000	-1.090400
-1.560000	-1.327900
-1.550000	-1.762900
-0.586000	-0.365640
0.216000	0.388270
0.804000	0.652310
