0.871000	0.877140
1.010000	1.332300
1.190000	1.298900
1.090000	1.064800
0.680000	0.470580
0.251000	0.070243
-0.758000	-0.956340
-1.520000	-0.915270
-1.370000	-1.326900
-0.473000	-0.933190
0.403000	0.427240
0.729000	0.648750
0.966000	0.838310
1.100000	0.915960
1.130000	0.810890
0.759000	0.612560
0.179000	-0.332560
-0.483000	-0.902650
-1.100000	-1.362800
-1.570000	-1.162400
-1.560000	-1.385000
-0.914000	-0.158740
-0.099200	0.236260
0.969000	0.617040
1.180000	0.936410
1.020000	1.063100
1.070000	0.936870
0.784000	0.602330
0.168000	-0.128270
-0.383000	-0.582950
-1.140000	-1.247000
-1.730000	-1.718000
-1.580000	-1.468900
-0.888000	-0.558790
0.188000	0.121740
0.792000	0.402890
1.100000	0.865420
1.080000	0.972090
1.140000	1.297000
0.722000	0.803910
0.262000	0.162910
-0.396000	-0.404970
-0.994000	-0.894640
-1.580000	-1.148000
-1.380000	-1.971100
-0.404000	-0.284540
0.252000	0.221550
0.927000	0.522390
1.070000	0.762870
0.961000	0.841000
1.030000	0.888420
0.684000	0.584450
0.194000	-0.061062
-0.538000	-0.746200
-1.130000	-1.303700
-1.680000	-1.220600
-1.490000	-2.160200
-0.695000	-0.477920
0.035200	0.186340
0.853000	0.417190
0.845000	0.960030
0.739000	1.521300
0.870000	1.354600
0.961000	0.818880
0.479000	0.262880
-0.287000	-0.347690
-0.977000	-0.802410
-1.650000	-0.997540
-1.890000	-1.593600
-0.367000	-0.080178
0.518000	0.385370
0.800000	0.514960
0.832000	0.839680
0.713000	0.839870
0.954000	0.907970
0.579000	0.486930
-0.111000	-0.207770
-0.759000	-0.774210
-1.430000	-1.472300
-1.880000	-1.360700
-1.290000	-1.935500
-0.505000	-0.150900
0.255000	0.130050
0.838000	0.481200
1.250000	1.167100
1.310000	1.491800
1.100000	1.303900
0.957000	0.776190
0.455000	0.382050
-0.261000	-0.316150
-0.950000	-0.798280
-1.650000	-0.834490
-1.900000	-2.141300
-1.100000	-0.540160
0.276000	0.386750
0.835000	0.556410
1.110000	1.025900
1.030000	1.178500
0.960000	1.180500
0.605000	0.689550
0.206000	0.275800
-0.421000	-0.272530
-1.080000	-0.830720
-1.730000	-1.294700
-1.870000	-1.579300
-0.313000	-0.014852
0.515000	0.387300
0.784000	0.591980
1.070000	0.924510
1.020000	1.154200
1.240000	1.360900
0.957000	0.918950
0.452000	0.527210
-0.153000	-0.320680
-0.895000	-0.912260
-1.270000	-1.292500
-1.670000	-1.989800
-0.764000	-0.661920
-0.049600	0.202030
0.721000	0.540170
