1.040000	0.756850
1.300000	1.302500
1.510000	1.618600
1.240000	1.402600
0.698000	0.960310
0.313000	0.600270
-0.547000	-0.347490
-0.958000	-0.667760
-1.270000	-1.294200
-1.040000	-1.165900
0.250000	-0.031223
1.320000	0.276390
0.635000	0.563390
1.070000	0.836290
0.882000	0.781100
0.366000	0.631340
-0.309000	-0.014734
-0.885000	-0.482660
-1.150000	-1.043200
-1.400000	-1.081100
-1.510000	-1.442900
-1.210000	-0.650780
-0.508000	-0.341880
0.418000	0.163820
0.809000	0.723750
1.490000	1.014500
0.898000	0.922240
0.300000	0.692030
-0.438000	0.165680
-0.859000	-0.235970
-1.150000	-0.837030
-1.440000	-1.472500
-1.690000	-1.570500
-1.680000	-0.985350
-1.240000	-0.441050
0.365000	-0.186210
1.170000	0.332200
1.150000	0.836830
1.430000	1.037100
1.090000	0.940150
0.415000	0.603220
-0.148000	0.106560
-0.617000	-0.415000
-1.130000	-0.939010
-1.450000	-1.853200
-1.040000	-0.618320
-0.604000	-0.326430
0.431000	0.101870
0.694000	0.534030
0.912000	0.745350
0.969000	0.817660
0.808000	0.587440
-0.026400	0.078492
-0.556000	-0.505120
-0.938000	-1.056900
-1.250000	-1.227600
-1.540000	-2.232100
-1.620000	-1.017100
-1.050000	-0.497750
0.624000	0.025058
1.340000	0.702320
1.580000	1.404100
1.500000	1.596000
1.090000	1.210200
0.597000	0.755880
-0.179000	0.183410
-0.554000	-0.353100
-0.962000	-0.701030
-1.270000	-1.475100
-0.853000	-0.383050
0.031700	-0.104540
0.695000	0.123590
0.955000	0.515320
1.230000	0.764460
0.948000	0.755450
0.708000	0.578180
0.032200	0.082949
-0.529000	-0.377320
-0.950000	-1.054000
-1.330000	-1.156200
-1.380000	-2.003600
-1.160000	-0.693020
-0.137000	-0.438350
0.493000	0.064578
0.864000	1.110500
1.530000	1.724900
1.200000	1.572500
0.683000	1.211400
0.169000	0.795380
-0.295000	0.225850
-0.718000	-0.296210
-1.070000	-0.578470
-1.340000	-2.037100
-1.100000	-1.008000
0.117000	-0.155850
1.030000	0.232060
1.240000	0.730770
1.460000	1.095300
1.300000	1.228100
0.780000	1.053600
0.200000	0.638620
-0.256000	0.145280
-0.663000	-0.331380
-1.030000	-1.001200
-1.380000	-1.576100
-0.594000	-0.456170
0.090700	-0.204140
0.842000	0.132210
1.220000	0.552710
1.240000	1.030500
1.260000	1.313700
1.160000	1.225700
0.674000	0.866820
-0.010200	0.197740
-0.868000	-0.463670
-1.240000	-1.011100
-1.330000	-1.962900
-0.941000	-1.015100
-0.377000	-0.265540
0.962000	0.105720
