1.230000	0.759030
1.480000	1.774400
1.840000	1.704200
1.310000	1.271800
0.700000	0.530610
0.360000	0.143900
-0.523000	-0.400040
-0.852000	-0.683120
-1.140000	-1.103900
-1.200000	-1.038800
0.563000	0.050155
1.150000	0.342420
0.725000	0.606440
0.923000	0.857180
0.551000	0.774090
0.097300	0.481400
-0.013300	-0.281920
-0.496000	-0.634670
-0.856000	-0.985410
-1.180000	-1.133700
-1.370000	-1.291700
-1.450000	-0.899620
-0.978000	-0.435010
-0.210000	0.282140
0.287000	0.842900
0.641000	1.161700
0.128000	0.884080
-0.199000	0.443820
-0.578000	-0.176780
-0.882000	-0.510140
-1.100000	-0.886380
-1.340000	-1.253200
-1.490000	-1.404100
-1.520000	-1.107000
-1.200000	-0.662350
0.312000	-0.066080
0.990000	0.876110
1.300000	1.063300
1.410000	1.665100
0.984000	0.810900
0.348000	0.135250
-0.150000	-0.226810
-0.622000	-0.572130
-1.090000	-0.916910
-1.240000	-1.384200
-0.767000	-0.882630
-0.471000	-0.524700
0.520000	0.069851
0.563000	0.519730
0.790000	0.633990
1.130000	0.793260
1.050000	0.309900
0.285000	-0.326290
-0.296000	-0.728310
-0.751000	-1.003200
-1.130000	-1.269800
-1.400000	-1.698300
-1.510000	-1.299000
-0.614000	-0.568460
1.130000	0.050613
1.970000	1.119500
1.760000	2.171400
1.860000	1.931000
1.470000	0.923120
0.884000	0.322530
0.084800	-0.114430
-0.357000	-0.484560
-0.812000	-0.771380
-1.130000	-1.188400
-1.170000	-0.705450
-0.319000	-0.091563
0.274000	0.104280
1.050000	0.741250
1.220000	0.779600
0.674000	0.864690
0.244000	0.254910
-0.346000	-0.287100
-0.668000	-0.614650
-0.938000	-0.993820
-1.200000	-1.153200
-1.270000	-1.573800
-1.200000	-0.958380
-0.585000	-0.565770
0.373000	0.232840
1.580000	1.576900
1.320000	2.089200
1.180000	1.755900
0.705000	0.893240
0.150000	0.419840
-0.345000	-0.054430
-0.781000	-0.431650
-1.090000	-0.703720
-1.290000	-1.416000
-1.380000	-0.938620
-0.059800	-0.007588
1.170000	0.372860
1.650000	1.080300
1.310000	1.430000
1.290000	1.550800
1.070000	0.728540
0.397000	0.249070
-0.058200	-0.111370
-0.498000	-0.509580
-0.811000	-0.909440
-1.200000	-1.245700
-1.190000	-0.750750
-0.501000	-0.061952
0.567000	0.224750
1.020000	0.909940
1.400000	1.243200
1.400000	1.702500
1.010000	1.100700
0.681000	0.474870
0.094800	-0.069826
-0.569000	-0.501250
-0.992000	-0.881340
-1.250000	-1.397600
-1.340000	-1.064200
-0.948000	-0.409550
0.267000	0.235420
