0.724000	0.582860
1.090000	0.612080
0.998000	0.612080
1.050000	0.609580
0.753000	0.529430
0.180000	0.476830
-0.582000	-0.702880
-1.150000	-0.815590
-1.180000	-1.435900
-0.721000	-0.985080
0.225000	0.601230
0.697000	0.602070
0.926000	0.606240
1.070000	0.603740
1.360000	0.487680
0.749000	0.540280
0.024500	-0.101750
-0.643000	-0.489980
-1.140000	-1.102000
-1.530000	-0.859840
-1.580000	-1.235500
-1.100000	0.247230
-0.275000	0.551970
0.901000	0.604570
1.110000	0.599560
1.020000	0.612080
1.060000	0.589540
0.632000	0.556150
0.014100	0.137860
-0.476000	-0.126800
-1.060000	-0.823110
-1.520000	-1.602900
-1.680000	-1.452600
-1.460000	-0.283760
-0.293000	0.556150
0.507000	0.604570
1.620000	0.611250
1.230000	0.610410
1.130000	0.612080
0.845000	0.610410
0.116000	0.513570
-0.410000	0.071821
-0.891000	-0.469950
-1.340000	-1.010100
-1.510000	-2.237400
-0.819000	0.110310
-0.247000	0.568670
0.801000	0.602900
1.570000	0.606240
1.000000	0.597890
1.090000	0.603740
0.793000	0.557820
0.131000	0.248900
-0.384000	-0.332190
-0.922000	-0.934980
-1.310000	-0.926640
-1.630000	-2.396100
-1.300000	-0.097580
-0.541000	0.546130
0.642000	0.609580
1.200000	0.612080
1.150000	0.612080
1.460000	0.612080
1.120000	0.608740
0.359000	0.491860
-0.348000	0.002758
-0.861000	-0.516700
-1.260000	-0.739620
-1.540000	-1.719800
-0.730000	0.303170
0.898000	0.600400
0.909000	0.606240
0.879000	0.607080
1.180000	0.586200
1.030000	0.579520
0.618000	0.579520
-0.090300	0.171260
-0.615000	-0.264560
-1.130000	-1.127000
-1.610000	-1.018500
-1.430000	-2.170600
-0.954000	0.290650
-0.535000	0.551140
0.196000	0.609580
0.933000	0.612080
1.290000	0.610410
1.080000	0.610410
0.740000	0.601230
0.270000	0.447610
-0.157000	-0.019183
-0.808000	-0.494160
-1.290000	-0.580990
-1.480000	-2.646500
-1.050000	-0.581820
-0.101000	0.567830
0.844000	0.605410
1.230000	0.609580
1.280000	0.605410
1.110000	0.610410
0.548000	0.592050
0.061800	0.451780
-0.441000	0.038759
-0.900000	-0.400650
-1.340000	-1.193800
-1.630000	-1.828300
-0.723000	0.338240
-0.021700	0.571170
0.534000	0.604570
1.480000	0.612080
1.150000	0.610410
1.300000	0.612080
0.996000	0.510230
0.473000	0.526920
-0.138000	-0.065103
-0.885000	-0.751310
-1.260000	-1.285600
-1.540000	-2.496200
-0.835000	-0.603530
-0.084000	0.537780
1.040000	0.610410
