0.831000	0.756860
1.710000	1.870700
1.880000	1.675300
1.290000	1.196200
0.574000	0.393580
0.191000	0.017339
-0.596000	-0.445140
-0.852000	-0.706990
-1.060000	-1.079100
-0.915000	-1.005900
0.335000	0.118500
1.440000	0.388100
0.896000	0.628850
0.780000	0.856890
0.457000	0.760950
-0.141000	0.441840
-0.403000	-0.361930
-0.753000	-0.683350
-1.010000	-0.987600
-1.180000	-1.146200
-1.220000	-1.253900
-1.140000	-0.910720
-0.904000	-0.399540
0.008600	0.349160
0.345000	0.876090
1.110000	1.186100
0.381000	0.861360
-0.206000	0.374770
-0.644000	-0.270760
-0.929000	-0.580600
-1.190000	-0.909960
-1.430000	-1.221900
-1.490000	-1.370500
-1.500000	-1.102000
-1.280000	-0.655840
-0.331000	0.022489
0.901000	1.050400
1.130000	1.119900
1.730000	1.820200
1.100000	0.763590
0.203000	0.008013
-0.324000	-0.319580
-0.719000	-0.624820
-1.060000	-0.928450
-1.160000	-1.308000
-1.020000	-0.909980
-0.812000	-0.517840
0.365000	0.099151
0.637000	0.528140
0.811000	0.602410
0.788000	0.781650
0.683000	0.239200
-0.223000	-0.424000
-0.658000	-0.783630
-0.938000	-0.993450
-1.220000	-1.275600
-1.330000	-1.593000
-1.410000	-1.322500
-0.484000	-0.517890
1.120000	0.100850
2.150000	1.236800
1.920000	2.342800
1.820000	1.971900
1.240000	0.816080
0.568000	0.194040
-0.201000	-0.207110
-0.634000	-0.537350
-1.010000	-0.802790
-1.160000	-1.147000
-0.981000	-0.748760
-0.363000	-0.037662
0.319000	0.136010
1.090000	0.816870
1.080000	0.780770
0.610000	0.891770
0.529000	0.173800
0.008650	-0.381230
-0.402000	-0.676590
-0.809000	-0.996550
-1.170000	-1.157600
-1.270000	-1.494300
-1.050000	-0.968290
-0.829000	-0.533990
0.195000	0.319910
2.060000	1.683200
1.730000	2.130400
1.180000	1.756500
0.571000	0.777020
-0.019700	0.301610
-0.468000	-0.146450
-0.909000	-0.487310
-1.250000	-0.745960
-1.320000	-1.316900
-1.160000	-0.901570
0.288000	0.084192
0.981000	0.442010
1.360000	1.177200
1.250000	1.500500
1.210000	1.610400
0.773000	0.619260
0.207000	0.136730
-0.183000	-0.187800
-0.595000	-0.568010
-0.849000	-0.911560
-1.150000	-1.194200
-0.849000	-0.779460
-0.085500	0.031306
0.504000	0.286590
1.190000	1.019800
1.340000	1.284500
1.410000	1.775200
1.140000	1.030100
0.936000	0.353660
0.357000	-0.160030
-0.303000	-0.538800
-0.855000	-0.879150
-1.010000	-1.307200
-0.890000	-1.060800
-0.430000	-0.393700
1.070000	0.309490
