0.954000	0.820210
1.270000	1.704600
1.450000	1.630400
1.100000	1.266900
0.561000	0.549480
0.181000	0.078060
-0.651000	-0.623100
-1.050000	-0.719740
-1.240000	-1.123400
-1.060000	-1.040000
0.282000	0.213500
1.260000	0.482060
0.865000	0.816250
1.210000	0.988430
0.939000	0.900230
0.208000	0.636300
-0.347000	-0.243980
-0.893000	-0.641280
-1.200000	-0.978520
-1.420000	-1.105300
-1.480000	-1.349100
-1.110000	-0.728190
-0.517000	-0.141160
0.572000	0.422650
0.868000	0.932640
1.180000	1.198500
0.845000	1.015200
0.489000	0.586640
-0.261000	-0.084212
-0.848000	-0.490830
-1.190000	-0.976660
-1.490000	-1.348600
-1.660000	-1.389600
-1.590000	-1.039100
-1.310000	-0.456870
0.480000	0.105400
1.160000	0.921960
1.250000	0.986100
1.420000	1.658800
1.080000	0.837130
0.434000	0.005976
-0.112000	-0.368790
-0.585000	-0.726360
-1.110000	-1.009100
-1.310000	-1.563300
-0.977000	-0.801090
-0.590000	-0.264050
0.444000	0.296180
0.970000	0.643850
1.190000	0.771710
1.050000	0.858830
0.813000	0.401930
-0.074700	-0.262600
-0.704000	-0.728220
-1.080000	-1.101500
-1.380000	-1.277500
-1.590000	-1.888600
-1.640000	-1.192200
-1.270000	-0.402330
0.403000	0.215840
1.350000	1.182600
1.520000	2.033800
1.420000	1.783600
1.080000	0.883980
0.520000	0.216760
-0.212000	-0.276360
-0.576000	-0.597990
-0.973000	-0.933460
-1.180000	-1.405000
-0.770000	-0.615620
0.183000	0.124180
0.680000	0.297430
1.070000	0.809940
1.290000	0.785200
1.100000	0.941980
0.753000	0.369950
-0.024000	-0.331290
-0.608000	-0.678710
-1.030000	-1.135900
-1.340000	-1.269800
-1.390000	-1.623400
-1.100000	-0.709340
-0.103000	-0.370810
0.524000	0.410590
1.010000	1.511300
1.470000	1.901300
1.190000	1.654900
0.674000	0.719860
0.209000	0.291220
-0.232000	-0.221590
-0.693000	-0.615050
-1.070000	-0.848390
-1.280000	-1.633700
-1.000000	-0.933600
0.402000	0.089252
1.130000	0.467370
1.410000	1.145300
1.410000	1.437600
1.240000	1.511600
0.773000	0.590170
0.214000	0.179910
-0.300000	-0.195490
-0.690000	-0.700200
-1.020000	-1.098800
-1.200000	-1.404000
-0.744000	-0.727640
0.089800	-0.043263
0.775000	0.373070
1.040000	0.974850
1.230000	1.267300
1.240000	1.649900
1.010000	0.987380
0.531000	0.397870
-0.095400	-0.210690
-0.884000	-0.648630
-1.210000	-1.047800
-1.280000	-1.543200
-0.965000	-1.085000
-0.531000	-0.363750
0.759000	0.397770
