-0.518000	0.894760
0.763000	1.076500
0.846000	0.988560
0.733000	0.888010
0.146000	0.321010
-0.310000	-0.267780
-1.410000	-1.345900
-1.850000	-0.830890
-0.986000	-1.021700
-0.215000	-0.670190
0.652000	0.678680
0.999000	0.848620
1.090000	1.184100
1.150000	1.075200
1.110000	0.981380
0.835000	0.814100
0.252000	-0.276020
-0.463000	-0.866270
-1.280000	-1.130500
-1.540000	-0.918510
-0.849000	-1.210300
0.074900	0.184060
0.739000	0.784100
1.020000	0.826520
1.050000	1.025000
1.150000	1.022000
1.050000	1.092600
0.743000	0.763750
0.073800	-0.011864
-0.635000	-0.573210
-1.290000	-1.308200
-1.580000	-1.568600
-0.961000	-1.077500
-0.371000	-0.310950
0.539000	0.470760
1.000000	0.684980
1.500000	0.895570
1.240000	0.694330
1.050000	1.203900
0.964000	0.705230
0.354000	-0.307530
-0.476000	-0.808440
-1.190000	-1.186600
-1.640000	-1.132800
-1.070000	-1.815200
-0.103000	-0.119070
0.853000	0.688110
1.070000	0.906470
0.722000	0.915900
1.130000	1.012500
1.030000	0.904130
0.763000	0.645150
0.163000	-0.018468
-0.703000	-0.714150
-1.440000	-1.333100
-1.810000	-1.027700
-1.360000	-1.969500
-0.372000	-0.185160
0.331000	0.472300
0.804000	0.661650
0.846000	0.998420
1.070000	1.142200
0.920000	0.901420
0.794000	0.550430
0.261000	-0.152340
-0.547000	-0.773780
-1.310000	-0.986150
-1.930000	-1.213000
-1.360000	-1.650500
-0.214000	0.053135
0.926000	0.750100
1.160000	0.823610
-0.176000	0.891000
1.020000	0.731050
0.838000	0.967460
0.712000	0.576200
0.095500	-0.397120
-0.642000	-0.917490
-1.340000	-1.567800
-1.710000	-1.404300
-1.020000	-1.499200
-0.049500	0.351700
0.598000	0.460230
1.010000	0.759930
0.522000	0.916430
1.040000	0.959310
0.843000	0.943120
0.613000	0.215070
0.063500	-0.054907
-0.731000	-0.746910
-1.460000	-1.144100
-1.820000	-1.046700
-1.470000	-1.956800
-0.666000	-0.335050
0.441000	0.513750
0.844000	0.650400
1.170000	1.074800
1.020000	1.088100
0.959000	0.973730
0.627000	0.210290
0.111000	-0.033951
-0.631000	-0.525600
-1.410000	-1.219900
-1.980000	-1.451000
-1.610000	-1.466500
-0.330000	-0.015671
0.611000	0.351340
1.060000	0.817530
0.858000	0.977040
0.931000	1.099500
0.851000	1.144100
0.668000	0.535200
0.127000	0.192700
-0.593000	-0.679560
-1.320000	-1.106000
-1.810000	-1.371800
-1.570000	-1.678800
-0.800000	-0.525720
0.361000	0.207860
0.964000	0.789620
