0.954000	0.548510
1.270000	0.576010
1.450000	0.576010
1.100000	0.573650
0.561000	0.498230
0.181000	0.448730
-0.651000	-0.661460
-1.050000	-0.767530
-1.240000	-1.351300
-1.060000	-0.927020
0.282000	0.565800
1.260000	0.566580
0.865000	0.570510
1.210000	0.568150
0.939000	0.458940
0.208000	0.508440
-0.347000	-0.095758
-0.893000	-0.461110
-1.200000	-1.037000
-1.420000	-0.809170
-1.480000	-1.162700
-1.110000	0.232660
-0.517000	0.519440
0.572000	0.568940
0.868000	0.564230
1.180000	0.576010
0.845000	0.554800
0.489000	0.523370
-0.261000	0.129740
-0.848000	-0.119330
-1.190000	-0.774600
-1.490000	-1.508400
-1.660000	-1.367000
-1.590000	-0.267040
-1.310000	0.523370
0.480000	0.568940
1.160000	0.575230
1.250000	0.574440
1.420000	0.576010
1.080000	0.574440
0.434000	0.483300
-0.112000	0.067588
-0.585000	-0.442250
-1.110000	-0.950590
-1.310000	-2.105600
-0.977000	0.103810
-0.590000	0.535160
0.444000	0.567370
0.970000	0.570510
1.190000	0.562650
1.050000	0.568150
0.813000	0.524940
-0.074700	0.234230
-0.704000	-0.312610
-1.080000	-0.879880
-1.380000	-0.872020
-1.590000	-2.254800
-1.640000	-0.091829
-1.270000	0.513940
0.403000	0.573650
1.350000	0.576010
1.520000	0.576010
1.420000	0.576010
1.080000	0.572870
0.520000	0.462870
-0.212000	0.002596
-0.576000	-0.486250
-0.973000	-0.696030
-1.180000	-1.618400
-0.770000	0.285300
0.183000	0.565010
0.680000	0.570510
1.070000	0.571300
1.290000	0.551650
1.100000	0.545370
0.753000	0.545370
-0.024000	0.161160
-0.608000	-0.248970
-1.030000	-1.060600
-1.340000	-0.958450
-1.390000	-2.042700
-1.100000	0.273520
-0.103000	0.518660
0.524000	0.573650
1.010000	0.576010
1.470000	0.574440
1.190000	0.574440
0.674000	0.565800
0.209000	0.421230
-0.232000	-0.018053
-0.693000	-0.465030
-1.070000	-0.546750
-1.280000	-2.490600
-1.000000	-0.547530
0.402000	0.534370
1.130000	0.569730
1.410000	0.573650
1.410000	0.569730
1.240000	0.574440
0.773000	0.557150
0.214000	0.425160
-0.300000	0.036475
-0.690000	-0.377040
-1.020000	-1.123400
-1.200000	-1.720600
-0.744000	0.318300
0.089800	0.537510
0.775000	0.568940
1.040000	0.576010
1.230000	0.574440
1.240000	0.576010
1.010000	0.480160
0.531000	0.495870
-0.095400	-0.061266
-0.884000	-0.707030
-1.210000	-1.209900
-1.280000	-2.349100
-0.965000	-0.567960
-0.531000	0.506080
0.759000	0.574440
