0.938000	0.580510
1.360000	0.609620
1.330000	0.609620
0.956000	0.607120
0.555000	0.527300
0.295000	0.474910
-0.628000	-0.700050
-1.240000	-0.812310
-1.220000	-1.430100
-0.676000	-0.981110
0.186000	0.598810
1.030000	0.599640
0.775000	0.603800
1.120000	0.601300
1.200000	0.485720
0.703000	0.538110
0.082800	-0.101340
-0.559000	-0.488010
-1.090000	-1.097500
-1.430000	-0.856380
-1.460000	-1.230600
-0.808000	0.246240
-0.136000	0.549750
0.866000	0.602130
1.310000	0.597140
1.090000	0.609620
0.937000	0.587170
0.583000	0.553900
-0.034200	0.137310
-0.610000	-0.126290
-1.170000	-0.819790
-1.630000	-1.596400
-1.780000	-1.446800
-1.620000	-0.282620
-0.657000	0.553900
0.360000	0.602130
1.280000	0.608790
1.250000	0.607950
1.220000	0.609620
0.956000	0.607950
0.350000	0.511500
-0.208000	0.071532
-0.711000	-0.468050
-1.270000	-1.006100
-1.390000	-2.228400
-0.729000	0.109870
-0.183000	0.566380
0.593000	0.600470
1.110000	0.603800
0.997000	0.595480
1.040000	0.601300
0.778000	0.555570
-0.024200	0.247900
-0.667000	-0.330850
-1.250000	-0.931220
-1.650000	-0.922900
-1.860000	-2.386400
-1.690000	-0.097187
-1.070000	0.543930
0.448000	0.607120
1.120000	0.609620
1.240000	0.609620
1.320000	0.609620
1.050000	0.606290
0.420000	0.489880
-0.345000	0.002747
-0.806000	-0.514620
-1.290000	-0.736640
-1.470000	-1.712900
-0.869000	0.301950
0.448000	0.597980
0.888000	0.603800
1.050000	0.604630
1.030000	0.583840
1.070000	0.577190
0.564000	0.577190
-0.072400	0.170570
-0.598000	-0.263490
-1.150000	-1.122500
-1.560000	-1.014400
-1.440000	-2.161900
-0.869000	0.289480
-0.332000	0.548920
0.623000	0.607120
1.000000	0.609620
1.250000	0.607950
0.979000	0.607950
0.721000	0.598810
0.226000	0.445810
-0.287000	-0.019106
-0.820000	-0.492170
-1.260000	-0.578650
-1.450000	-2.635900
-0.921000	-0.579480
-0.111000	0.565550
0.914000	0.602970
1.020000	0.607120
1.470000	0.602970
1.270000	0.607950
0.704000	0.589660
0.183000	0.449960
-0.289000	0.038603
-0.816000	-0.399030
-1.250000	-1.189000
-1.410000	-1.821000
-0.281000	0.336870
0.042600	0.568870
0.996000	0.602130
1.090000	0.609620
1.380000	0.607950
1.160000	0.609620
1.090000	0.508170
0.527000	0.524800
-0.110000	-0.064840
-0.888000	-0.748280
-1.190000	-1.280500
-1.340000	-2.486200
-0.712000	-0.601100
-0.003320	0.535610
0.861000	0.607950
