1.100000	0.710170
0.907000	1.299000
0.917000	0.976150
0.801000	0.722010
0.365000	0.269880
-0.024800	0.127200
-1.090000	-0.803630
-1.730000	-0.935310
-1.190000	-1.454400
-0.443000	-1.051200
0.586000	0.664030
1.080000	0.705190
0.893000	0.738410
1.130000	0.763340
1.080000	0.612160
0.809000	0.496250
0.291000	-0.365100
-0.355000	-0.716950
-1.070000	-1.211900
-1.520000	-1.089800
-1.120000	-1.323100
-0.296000	-0.119400
0.414000	0.388200
0.829000	0.738770
1.010000	0.835560
0.986000	0.927830
1.010000	0.706870
0.807000	0.426140
0.249000	-0.171590
-0.357000	-0.436390
-1.030000	-1.006600
-1.630000	-1.621800
-1.240000	-1.544100
-0.554000	-0.575440
0.405000	0.248430
0.838000	0.677470
1.410000	1.194000
1.250000	0.972050
0.989000	1.404500
0.893000	0.641020
0.410000	0.152350
-0.284000	-0.238070
-0.963000	-0.690140
-1.570000	-1.138200
-1.360000	-2.067300
-0.345000	-0.263050
0.461000	0.304000
0.902000	0.578180
0.973000	0.676740
1.060000	0.611220
1.020000	0.715460
0.739000	0.380110
0.096800	-0.139650
-0.637000	-0.636210
-1.390000	-1.054700
-1.820000	-1.171600
-1.570000	-2.227400
-0.897000	-0.556120
0.143000	0.376420
0.570000	0.627480
0.958000	1.136900
1.040000	1.607600
0.965000	1.217100
0.832000	0.532920
0.379000	0.192600
-0.370000	-0.257030
-1.100000	-0.699610
-1.790000	-0.920850
-1.610000	-1.670600
-0.404000	-0.088601
0.704000	0.582760
1.160000	0.597860
0.842000	0.910340
1.070000	0.727550
0.833000	0.811880
0.725000	0.354780
0.164000	-0.180850
-0.503000	-0.560760
-1.220000	-1.236100
-1.720000	-1.204300
-1.390000	-2.067300
-0.384000	-0.100670
0.431000	0.336290
0.974000	0.774890
0.730000	1.258900
1.160000	1.267600
0.794000	1.062300
0.710000	0.495190
0.211000	0.213160
-0.502000	-0.253630
-1.270000	-0.671160
-1.830000	-0.797160
-1.780000	-2.352100
-0.759000	-0.684020
0.387000	0.674570
0.921000	0.773980
0.976000	1.073200
1.090000	1.120100
0.894000	1.137200
0.670000	0.450990
0.156000	0.175230
-0.498000	-0.188100
-1.270000	-0.627830
-1.870000	-1.261000
-1.910000	-1.752300
-0.631000	-0.040048
0.575000	0.663170
0.854000	0.707730
0.999000	1.051100
0.901000	0.993480
0.801000	1.219100
0.627000	0.598430
0.253000	0.287690
-0.415000	-0.291240
-1.200000	-0.857340
-1.810000	-1.315500
-1.710000	-2.246200
-0.878000	-0.823010
0.253000	0.338020
0.859000	0.745220
