0.286000	0.836580
1.020000	1.622800
1.110000	1.638200
1.240000	1.334700
0.792000	0.658570
0.173000	0.110830
-0.483000	-0.664550
-0.991000	-0.669080
-1.110000	-1.071600
-0.756000	-1.042500
-0.022000	0.210810
0.577000	0.491870
0.775000	0.911980
1.130000	1.065400
1.390000	0.990850
0.780000	0.751150
-0.068400	-0.144900
-0.648000	-0.560680
-1.020000	-0.883320
-1.390000	-1.041900
-1.530000	-1.366400
-1.220000	-0.701510
-0.386000	-0.056319
0.808000	0.411900
0.999000	0.946920
1.220000	1.205600
1.060000	1.111600
0.648000	0.710480
-0.002130	0.045382
-0.585000	-0.413670
-1.030000	-0.956040
-1.370000	-1.326200
-1.630000	-1.341000
-1.570000	-1.057500
-0.358000	-0.435480
0.415000	0.080272
1.650000	0.803430
1.300000	0.876620
1.270000	1.569900
0.900000	0.875670
0.166000	-0.024197
-0.379000	-0.393640
-0.799000	-0.751320
-1.210000	-1.004700
-1.560000	-1.594300
-1.230000	-0.807170
-0.611000	-0.193860
0.608000	0.364620
1.390000	0.680970
1.190000	0.857440
1.120000	0.888140
0.887000	0.471520
0.106000	-0.186610
-0.521000	-0.676730
-1.010000	-1.116100
-1.370000	-1.255300
-1.710000	-1.962300
-1.740000	-1.203400
-1.060000	-0.440600
0.237000	0.229600
1.340000	1.143900
1.280000	1.871500
1.520000	1.703300
1.190000	0.931810
0.350000	0.220490
-0.275000	-0.304650
-0.667000	-0.587560
-1.010000	-0.981060
-1.280000	-1.484400
-0.852000	-0.613500
0.683000	0.159600
0.767000	0.343400
0.832000	0.771800
1.140000	0.762560
1.020000	0.958700
0.649000	0.468510
-0.142000	-0.315490
-0.667000	-0.657250
-1.120000	-1.143200
-1.430000	-1.296500
-1.570000	-1.589200
-1.420000	-0.634270
-0.748000	-0.365190
0.244000	0.422140
0.584000	1.417900
1.490000	1.794500
1.380000	1.624800
0.782000	0.671650
0.237000	0.270610
-0.228000	-0.248920
-0.711000	-0.651550
-1.100000	-0.892670
-1.280000	-1.674600
-1.020000	-0.989300
-0.089000	0.015178
0.912000	0.438300
1.230000	1.111200
1.460000	1.408600
1.150000	1.470500
0.634000	0.552390
0.107000	0.190350
-0.318000	-0.186270
-0.703000	-0.751950
-1.120000	-1.149400
-1.390000	-1.449200
-0.554000	-0.804640
0.274000	-0.186950
0.629000	0.367720
1.410000	0.919340
1.240000	1.251600
1.240000	1.587100
1.050000	0.966350
0.584000	0.405870
-0.059300	-0.217960
-0.725000	-0.653080
-1.070000	-1.075400
-1.270000	-1.544600
-0.900000	-1.135800
-0.393000	-0.448650
0.822000	0.400930
