1.360000	0.738510
1.390000	1.142100
1.530000	1.370300
0.908000	1.213500
0.297000	0.867800
0.103000	0.590520
-0.774000	-0.482510
-1.340000	-0.750890
-1.300000	-1.407600
-0.807000	-1.166400
0.479000	0.175590
1.110000	0.397960
0.964000	0.606540
1.090000	0.802740
0.931000	0.724650
0.383000	0.633860
-0.028800	-0.044171
-0.629000	-0.509940
-1.160000	-1.116300
-1.630000	-1.063900
-1.620000	-1.448900
-0.813000	-0.388370
-0.157000	-0.064931
0.659000	0.317510
1.040000	0.720120
1.220000	0.934170
1.040000	0.860120
0.761000	0.682910
0.133000	0.165050
-0.452000	-0.212150
-0.916000	-0.875570
-1.530000	-1.591300
-1.730000	-1.612600
-1.330000	-0.804910
-0.389000	-0.135150
0.675000	0.064795
1.340000	0.441280
1.280000	0.805330
1.350000	0.950480
0.959000	0.879930
0.332000	0.604750
-0.161000	0.100600
-0.651000	-0.454490
-1.250000	-1.010800
-1.380000	-2.075300
-0.800000	-0.410060
-0.092500	-0.048269
0.632000	0.272230
0.964000	0.585340
1.260000	0.735160
1.150000	0.789290
0.756000	0.607940
0.018500	0.138690
-0.604000	-0.474160
-1.100000	-1.071200
-1.600000	-1.191600
-1.860000	-2.401100
-1.680000	-0.766480
-0.927000	-0.179390
0.499000	0.218980
1.500000	0.708770
1.270000	1.215400
1.090000	1.354000
0.717000	1.074300
0.150000	0.707820
-0.321000	0.133330
-0.755000	-0.425200
-1.370000	-0.749870
-1.540000	-1.631700
-0.696000	-0.176650
0.276000	0.122380
1.010000	0.289010
1.060000	0.572110
1.140000	0.745100
1.040000	0.736400
0.744000	0.608410
0.129000	0.116320
-0.359000	-0.359600
-0.889000	-1.132400
-1.400000	-1.170400
-1.550000	-2.161900
-0.678000	-0.404560
0.131000	-0.134850
0.722000	0.247510
0.540000	1.003500
1.490000	1.446500
1.070000	1.336400
0.506000	1.072700
0.051300	0.721750
-0.421000	0.156730
-0.955000	-0.376710
-1.430000	-0.609110
-1.560000	-2.342900
-0.931000	-0.919520
0.289000	0.074605
1.130000	0.367050
1.420000	0.728480
1.030000	0.990280
0.939000	1.087800
0.559000	0.955750
0.131000	0.609950
-0.301000	0.117660
-0.803000	-0.371280
-1.370000	-1.116300
-1.450000	-1.740400
-0.624000	-0.217880
0.292000	0.040846
0.766000	0.294680
0.979000	0.600750
1.090000	0.945140
1.110000	1.150200
0.867000	1.053000
0.393000	0.799470
-0.137000	0.121310
-0.750000	-0.582350
-1.230000	-1.153700
-1.470000	-2.239800
-1.020000	-0.931800
-0.157000	-0.014489
0.680000	0.277490
