1.010000	0.853810
0.984000	1.270100
1.020000	1.140500
0.817000	0.918250
0.343000	0.345790
-0.054900	-0.012065
-1.040000	-1.035900
-1.680000	-0.945730
-1.240000	-1.327200
-0.454000	-0.881880
0.523000	0.545640
1.020000	0.716200
0.817000	0.857290
1.110000	0.883830
1.090000	0.765540
0.827000	0.582650
0.293000	-0.381920
-0.369000	-0.932220
-1.050000	-1.375000
-1.490000	-1.134000
-1.180000	-1.333500
-0.310000	-0.027685
0.341000	0.383070
0.782000	0.709710
1.020000	0.934710
1.070000	1.015600
1.110000	0.881830
0.873000	0.553940
0.277000	-0.175450
-0.333000	-0.604470
-0.973000	-1.262600
-1.560000	-1.721700
-1.290000	-1.427100
-0.576000	-0.446490
0.373000	0.271890
0.924000	0.553730
1.450000	0.975360
1.330000	0.961640
1.140000	1.297900
0.939000	0.735100
0.406000	0.088023
-0.277000	-0.460640
-0.935000	-0.934250
-1.500000	-1.161400
-1.380000	-1.983200
-0.434000	-0.186090
0.407000	0.357790
0.872000	0.609250
0.859000	0.779270
1.120000	0.810360
1.000000	0.854650
0.710000	0.552790
0.083500	-0.078380
-0.658000	-0.748640
-1.360000	-1.286800
-1.870000	-1.175600
-1.680000	-2.125300
-0.974000	-0.343560
0.116000	0.361930
0.653000	0.520690
0.882000	0.992130
1.020000	1.474000
0.982000	1.225200
0.856000	0.684910
0.315000	0.162880
-0.426000	-0.422640
-1.120000	-0.854700
-1.750000	-1.018700
-1.640000	-1.603100
-0.414000	0.004736
0.717000	0.509720
1.120000	0.599050
0.787000	0.884490
1.050000	0.815290
0.936000	0.895300
0.745000	0.452270
0.119000	-0.239950
-0.516000	-0.793320
-1.200000	-1.490300
-1.690000	-1.344200
-1.440000	-1.911500
-0.295000	-0.006637
0.532000	0.287780
1.070000	0.592630
0.806000	1.134300
1.140000	1.345700
0.867000	1.163000
0.711000	0.636390
0.206000	0.277960
-0.509000	-0.399550
-1.220000	-0.858250
-1.770000	-0.854180
-1.820000	-2.171600
-0.754000	-0.449350
0.302000	0.528340
0.784000	0.635920
0.797000	1.048700
1.080000	1.136100
0.957000	1.112700
0.664000	0.574330
0.152000	0.196630
-0.510000	-0.328290
-1.220000	-0.875410
-1.810000	-1.322700
-1.900000	-1.581100
-0.607000	0.094158
0.491000	0.538020
0.742000	0.687330
0.841000	0.978170
0.971000	1.112900
0.903000	1.290100
0.755000	0.786140
0.280000	0.425420
-0.419000	-0.404520
-1.150000	-0.973870
-1.750000	-1.328500
-1.740000	-2.011200
-0.885000	-0.588440
0.064700	0.326330
0.883000	0.642740
