0.861000	0.936500
1.060000	1.196200
1.130000	1.146800
0.918000	1.002000
0.431000	0.375660
-0.077500	-0.224800
-1.120000	-1.303900
-1.710000	-0.864060
-1.230000	-1.083700
-0.243000	-0.723230
0.475000	0.594520
0.781000	0.810190
1.250000	1.143800
1.060000	1.086600
0.964000	0.994420
0.724000	0.794100
0.122000	-0.303170
-0.601000	-0.929000
-1.200000	-1.228000
-1.550000	-1.011200
-0.919000	-1.280200
-0.180000	0.078266
0.623000	0.633140
1.070000	0.776900
1.130000	1.048100
1.050000	1.085400
1.070000	1.115000
0.740000	0.756680
0.041300	-0.050670
-0.599000	-0.625280
-1.310000	-1.360200
-1.720000	-1.637900
-1.200000	-1.173100
-0.385000	-0.387130
0.444000	0.356390
0.863000	0.588280
1.110000	0.882100
1.010000	0.788500
1.030000	1.271600
0.658000	0.764670
0.157000	-0.224710
-0.614000	-0.772420
-1.220000	-1.181000
-1.740000	-1.159300
-1.260000	-1.845900
-0.297000	-0.185480
0.346000	0.559500
1.100000	0.818810
1.100000	0.910220
0.836000	1.023700
0.941000	0.946450
0.606000	0.661090
0.060800	-0.039930
-0.787000	-0.766780
-1.420000	-1.390100
-1.820000	-1.107300
-1.160000	-2.014900
-0.409000	-0.270660
0.290000	0.370570
1.050000	0.580420
0.842000	1.005600
0.708000	1.290700
0.795000	1.076000
0.823000	0.660240
0.315000	-0.066572
-0.556000	-0.716620
-1.220000	-0.983900
-1.810000	-1.202100
-1.610000	-1.641500
0.048100	-0.000162
0.763000	0.642310
0.849000	0.748780
0.850000	0.897230
0.763000	0.791640
0.920000	0.995580
0.547000	0.570190
-0.245000	-0.385030
-0.946000	-0.948830
-1.570000	-1.609700
-1.910000	-1.448100
-1.060000	-1.588600
-0.414000	0.208160
0.460000	0.342930
1.040000	0.667760
1.200000	1.010200
1.240000	1.170000
1.090000	1.104500
0.780000	0.384840
0.313000	0.057026
-0.559000	-0.682180
-1.290000	-1.110300
-1.840000	-1.030300
-1.680000	-1.969200
-0.865000	-0.369190
0.478000	0.450330
0.750000	0.611660
1.140000	1.097700
1.220000	1.163500
0.947000	1.072700
0.587000	0.352190
0.160000	0.035454
-0.546000	-0.501890
-1.280000	-1.192700
-1.860000	-1.442100
-1.620000	-1.476800
-0.101000	-0.035801
0.594000	0.324060
0.849000	0.763150
0.996000	0.983420
0.782000	1.175200
1.050000	1.268300
0.762000	0.686950
0.306000	0.295390
-0.452000	-0.624500
-1.200000	-1.090300
-1.560000	-1.367900
-1.550000	-1.712100
-0.586000	-0.550930
0.216000	0.173860
0.804000	0.716960
