0.416000	0.771480
1.160000	1.632800
1.100000	1.507200
1.210000	1.140700
0.810000	0.499940
0.225000	0.186340
-0.486000	-0.552790
-1.040000	-0.797230
-1.180000	-1.288400
-0.857000	-1.095900
0.032600	0.260420
0.599000	0.477290
0.825000	0.672670
1.140000	0.855910
1.360000	0.748220
0.713000	0.519560
-0.070800	-0.297280
-0.683000	-0.674340
-1.080000	-1.109200
-1.430000	-1.157900
-1.620000	-1.367600
-1.280000	-0.637310
-0.489000	-0.153880
0.735000	0.442770
1.030000	0.862310
1.040000	1.111400
1.040000	0.860070
0.655000	0.478250
0.068500	-0.149890
-0.475000	-0.478620
-1.030000	-0.958880
-1.490000	-1.452600
-1.670000	-1.524100
-1.420000	-0.952190
-0.235000	-0.347380
0.463000	0.181600
1.690000	0.971510
1.310000	1.051800
1.260000	1.580200
0.878000	0.795110
0.152000	0.190320
-0.367000	-0.208530
-0.820000	-0.621430
-1.230000	-1.032800
-1.570000	-1.722700
-1.150000	-0.674710
-0.589000	-0.235340
0.556000	0.254370
1.550000	0.596720
1.110000	0.661310
1.150000	0.799360
0.857000	0.372720
0.194000	-0.235630
-0.400000	-0.703680
-0.905000	-1.065700
-1.310000	-1.281200
-1.650000	-2.001000
-1.520000	-1.062500
-0.855000	-0.251880
0.400000	0.253100
1.100000	1.130600
1.170000	1.986800
1.560000	1.724500
1.200000	0.849000
0.352000	0.330020
-0.313000	-0.141240
-0.779000	-0.566950
-1.190000	-0.847690
-1.410000	-1.431500
-0.656000	-0.486090
0.894000	0.140780
0.834000	0.283770
0.927000	0.808730
1.200000	0.790520
1.040000	0.869890
0.713000	0.330270
-0.028800	-0.226420
-0.654000	-0.597670
-1.150000	-1.123700
-1.600000	-1.216800
-1.510000	-1.849400
-1.070000	-0.669590
-0.661000	-0.258850
0.100000	0.416900
0.744000	1.483400
1.410000	1.848300
1.200000	1.563800
0.715000	0.818090
0.271000	0.398760
-0.203000	-0.100430
-0.772000	-0.520190
-1.180000	-0.752540
-1.440000	-1.858900
-0.996000	-0.892460
0.088400	0.218170
0.930000	0.515430
1.350000	1.087600
1.270000	1.345900
1.120000	1.436100
0.601000	0.689940
0.120000	0.269310
-0.338000	-0.118740
-0.758000	-0.554540
-1.260000	-1.077400
-1.540000	-1.503700
-0.660000	-0.502770
0.050800	0.177350
0.509000	0.394800
1.300000	0.961940
1.180000	1.184400
1.260000	1.563100
0.964000	0.979010
0.528000	0.464340
-0.076900	-0.125430
-0.791000	-0.642670
-1.170000	-1.080800
-1.360000	-1.803800
-0.734000	-1.016600
-0.182000	-0.149260
0.979000	0.411850
