1.100000	0.622270
0.907000	0.653470
0.917000	0.653470
0.801000	0.650790
0.365000	0.565220
-0.024800	0.509070
-1.090000	-0.750400
-1.730000	-0.870730
-1.190000	-1.533000
-0.443000	-1.051700
0.586000	0.641880
1.080000	0.642770
0.893000	0.647230
1.130000	0.644550
1.080000	0.520660
0.809000	0.576810
0.291000	-0.108630
-0.355000	-0.523110
-1.070000	-1.176500
-1.520000	-0.917980
-1.120000	-1.319100
-0.296000	0.263950
0.414000	0.589290
0.829000	0.645440
1.010000	0.640100
0.986000	0.653470
1.010000	0.629400
0.807000	0.593750
0.249000	0.147180
-0.357000	-0.135370
-1.030000	-0.878760
-1.630000	-1.711300
-1.240000	-1.550800
-0.554000	-0.302950
0.405000	0.593750
0.838000	0.645440
1.410000	0.652580
1.250000	0.651680
0.989000	0.653470
0.893000	0.651680
0.410000	0.548290
-0.284000	0.076677
-0.963000	-0.501720
-1.570000	-1.078400
-1.360000	-2.388700
-0.345000	0.117770
0.461000	0.607120
0.902000	0.643660
0.973000	0.647230
1.060000	0.638310
1.020000	0.644550
0.739000	0.595530
0.096800	0.265730
-0.637000	-0.354650
-1.390000	-0.998200
-1.820000	-0.989280
-1.570000	-2.558100
-0.897000	-0.104180
0.143000	0.583050
0.570000	0.650790
0.958000	0.653470
1.040000	0.653470
0.965000	0.653470
0.832000	0.649900
0.379000	0.525110
-0.370000	0.002945
-1.100000	-0.551630
-1.790000	-0.789620
-1.610000	-1.836100
-0.404000	0.323670
0.704000	0.640990
1.160000	0.647230
0.842000	0.648120
1.070000	0.625830
0.833000	0.618700
0.725000	0.618700
0.164000	0.182840
-0.503000	-0.282450
-1.220000	-1.203200
-1.720000	-1.087300
-1.390000	-2.317400
-0.384000	0.310300
0.431000	0.588400
0.974000	0.650790
0.730000	0.653470
1.160000	0.651680
0.794000	0.651680
0.710000	0.641880
0.211000	0.477870
-0.502000	-0.020480
-1.270000	-0.527570
-1.830000	-0.620270
-1.780000	-2.825500
-0.759000	-0.621160
0.387000	0.606230
0.921000	0.646340
0.976000	0.650790
1.090000	0.646340
0.894000	0.651680
0.670000	0.632070
0.156000	0.482330
-0.498000	0.041379
-1.270000	-0.427740
-1.870000	-1.274500
-1.910000	-1.951900
-0.631000	0.361110
0.575000	0.609790
0.854000	0.645440
0.999000	0.653470
0.901000	0.651680
0.801000	0.653470
0.627000	0.544720
0.253000	0.562550
-0.415000	-0.069504
-1.200000	-0.802100
-1.810000	-1.372600
-1.710000	-2.665000
-0.878000	-0.644330
0.253000	0.574140
0.859000	0.651680
