0.754000	0.851480
1.210000	1.465500
1.040000	1.425400
0.989000	1.178900
0.650000	0.569190
0.145000	0.077627
-0.690000	-0.846940
-1.370000	-0.776370
-1.240000	-1.188600
-0.921000	-1.012800
0.010200	0.393060
0.514000	0.615900
0.729000	0.956860
1.030000	1.039800
1.290000	0.946100
0.679000	0.748020
0.029200	-0.200220
-0.652000	-0.662980
-1.270000	-1.036000
-1.680000	-1.058800
-1.730000	-1.383700
-1.180000	-0.411380
-0.298000	0.203110
1.090000	0.563170
1.240000	0.962270
1.170000	1.142000
1.110000	1.066400
0.785000	0.706610
0.132000	0.017242
-0.321000	-0.444750
-1.070000	-1.066900
-1.630000	-1.496600
-1.750000	-1.386600
-1.460000	-0.835600
0.006470	-0.115180
0.543000	0.311460
1.540000	0.881400
1.030000	0.872020
0.968000	1.464700
0.722000	0.834520
0.126000	-0.007547
-0.382000	-0.432530
-0.940000	-0.839610
-1.350000	-1.091900
-1.350000	-1.821700
-0.674000	-0.565440
-0.167000	0.089701
0.726000	0.528220
1.150000	0.750640
0.970000	0.876720
1.100000	0.888940
0.724000	0.526500
0.185000	-0.117680
-0.345000	-0.682460
-0.933000	-1.190400
-1.380000	-1.231600
-1.600000	-2.121900
-1.200000	-0.885230
-0.414000	-0.104010
0.701000	0.398650
1.030000	1.115900
0.974000	1.674300
1.290000	1.477100
1.050000	0.831280
0.370000	0.183320
-0.389000	-0.375130
-1.040000	-0.699670
-1.520000	-1.041500
-1.710000	-1.624100
-0.764000	-0.368740
0.862000	0.363810
0.841000	0.501350
0.819000	0.830410
1.060000	0.774650
1.070000	0.954150
0.485000	0.508000
-0.159000	-0.285780
-0.647000	-0.695010
-1.180000	-1.291400
-1.610000	-1.343300
-1.540000	-1.753200
-0.937000	-0.331450
-0.232000	-0.063368
0.412000	0.557140
0.992000	1.295300
1.230000	1.555700
1.110000	1.417200
0.848000	0.596800
0.369000	0.235550
-0.148000	-0.334980
-0.813000	-0.764890
-1.360000	-0.922750
-1.590000	-1.968800
-1.010000	-0.832320
0.230000	0.234140
0.940000	0.549220
1.200000	1.104500
1.180000	1.306800
1.110000	1.327500
0.615000	0.511450
0.195000	0.181100
-0.279000	-0.240930
-0.844000	-0.831860
-1.380000	-1.276300
-1.570000	-1.584700
-0.498000	-0.493890
0.310000	0.073781
0.790000	0.529260
1.470000	0.958230
1.120000	1.195100
1.270000	1.447900
1.020000	0.851980
0.468000	0.386990
-0.088800	-0.310590
-0.833000	-0.803440
-1.170000	-1.227600
-1.380000	-1.805600
-0.628000	-0.981230
0.352000	-0.162130
1.170000	0.548010
