0.976000	0.968410
1.100000	1.163400
1.160000	1.122800
0.885000	0.982090
0.406000	0.297260
-0.173000	-0.369870
-1.260000	-1.424300
-1.760000	-0.863590
-1.010000	-0.976800
-0.098900	-0.583990
0.507000	0.587960
0.815000	0.833010
1.300000	1.180800
1.080000	1.098700
0.889000	1.015500
0.727000	0.782290
0.106000	-0.354900
-0.707000	-1.038800
-1.360000	-1.277000
-1.460000	-0.997180
-0.719000	-1.210000
-0.220000	0.163150
0.447000	0.676370
1.050000	0.799240
1.200000	1.077000
1.070000	1.087500
1.100000	1.135300
0.788000	0.747480
0.032100	-0.109630
-0.688000	-0.727440
-1.430000	-1.459700
-1.680000	-1.624000
-0.987000	-1.049400
-0.278000	-0.268090
0.633000	0.412870
1.070000	0.599780
0.939000	0.860110
1.050000	0.780250
1.110000	1.245100
0.653000	0.741840
0.105000	-0.329030
-0.750000	-0.916640
-1.370000	-1.300300
-1.700000	-1.143600
-1.080000	-1.717300
-0.172000	-0.117410
0.452000	0.618830
1.090000	0.850320
1.130000	0.940860
0.854000	1.064100
0.968000	0.967910
0.573000	0.683530
-0.018000	-0.056768
-0.916000	-0.823170
-1.580000	-1.450700
-1.790000	-1.060800
-0.950000	-1.842200
-0.179000	-0.117980
0.511000	0.436430
1.150000	0.566830
0.971000	0.963070
0.764000	1.241000
0.877000	1.018000
0.744000	0.620930
0.228000	-0.168910
-0.685000	-0.841160
-1.360000	-1.070600
-1.840000	-1.232200
-1.400000	-1.540300
0.189000	0.058447
0.757000	0.652120
0.759000	0.768130
0.776000	0.904280
0.724000	0.802100
0.919000	1.011800
0.544000	0.552220
-0.330000	-0.453340
-1.090000	-1.067200
-1.680000	-1.692000
-1.830000	-1.466800
-0.875000	-1.419400
-0.233000	0.294390
0.488000	0.377690
1.050000	0.632240
1.190000	0.950650
1.030000	1.138400
0.957000	1.069600
0.763000	0.344800
0.302000	0.000948
-0.670000	-0.800810
-1.430000	-1.212000
-1.830000	-1.049700
-1.430000	-1.785600
-0.840000	-0.191870
0.401000	0.453990
0.716000	0.581660
1.090000	1.100000
1.210000	1.149300
0.983000	1.027800
0.576000	0.315840
0.134000	-0.030658
-0.647000	-0.607650
-1.470000	-1.317200
-1.900000	-1.436800
-1.420000	-1.323000
-0.058800	0.060454
0.626000	0.347380
0.829000	0.788920
0.863000	0.982200
0.670000	1.199900
0.894000	1.269400
0.814000	0.681460
0.314000	0.266970
-0.543000	-0.728550
-1.360000	-1.151100
-1.710000	-1.342400
-1.440000	-1.510800
-0.619000	-0.388290
0.214000	0.215310
0.726000	0.711010
