1.110000	0.832430
1.270000	1.379000
1.410000	1.263100
0.991000	1.003300
0.683000	0.427500
0.345000	0.093664
-0.754000	-0.877870
-1.590000	-0.912130
-1.320000	-1.359500
-0.652000	-0.986990
0.189000	0.464200
0.810000	0.645520
0.822000	0.801370
0.892000	0.880890
0.904000	0.763820
0.658000	0.577270
0.125000	-0.341040
-0.458000	-0.839790
-1.040000	-1.306000
-1.320000	-1.155000
-1.360000	-1.378000
-0.437000	-0.215130
0.587000	0.221770
1.100000	0.628680
1.490000	0.912610
1.170000	1.048500
0.957000	0.881500
0.731000	0.548220
0.255000	-0.145730
-0.230000	-0.543740
-0.930000	-1.165600
-1.510000	-1.673200
-1.490000	-1.503000
-1.020000	-0.618800
0.186000	0.089037
0.946000	0.441730
1.400000	0.966910
1.240000	0.992500
0.991000	1.375100
0.881000	0.770530
0.308000	0.160150
-0.260000	-0.348550
-0.896000	-0.821730
-1.350000	-1.139900
-1.320000	-1.971600
-0.517000	-0.334830
0.202000	0.181360
0.738000	0.504540
0.990000	0.727780
0.702000	0.770920
1.100000	0.844270
0.696000	0.512200
0.175000	-0.106340
-0.407000	-0.724000
-1.220000	-1.226000
-1.660000	-1.227300
-1.860000	-2.166300
-1.230000	-0.577630
-0.206000	0.174250
0.593000	0.447750
0.850000	1.034500
1.020000	1.621200
0.996000	1.385100
0.837000	0.760760
0.396000	0.252750
-0.309000	-0.306550
-0.966000	-0.756540
-1.570000	-0.969490
-1.730000	-1.599900
-0.867000	-0.138340
0.683000	0.402280
0.933000	0.508110
0.889000	0.860980
0.738000	0.814710
0.856000	0.889540
0.579000	0.436960
-0.071500	-0.209740
-0.678000	-0.711580
-1.300000	-1.384700
-1.770000	-1.317300
-1.670000	-1.965200
-0.649000	-0.210060
-0.055600	0.126900
0.788000	0.545690
1.000000	1.243000
1.240000	1.502100
0.921000	1.294400
0.820000	0.720030
0.395000	0.344510
-0.237000	-0.279800
-0.970000	-0.741410
-1.560000	-0.823450
-1.770000	-2.163400
-0.932000	-0.621700
0.058800	0.435550
0.953000	0.606800
0.908000	1.056600
0.511000	1.199600
1.420000	1.216300
0.603000	0.637010
0.105000	0.249890
-0.426000	-0.238520
-1.120000	-0.757510
-1.720000	-1.268400
-1.810000	-1.618000
-0.422000	-0.086540
0.476000	0.428010
0.894000	0.598840
0.803000	0.969470
1.120000	1.132800
1.280000	1.369500
0.803000	0.859360
0.318000	0.464310
-0.364000	-0.294410
-1.020000	-0.872790
-1.480000	-1.279400
-1.690000	-2.034000
-0.940000	-0.749970
0.264000	0.188050
1.030000	0.576250
