1.360000	0.746960
1.510000	1.174600
1.410000	1.417600
0.845000	1.250900
0.329000	0.888200
0.051400	0.596550
-0.836000	-0.466320
-1.360000	-0.744450
-1.300000	-1.401800
-0.815000	-1.175400
0.307000	0.146420
0.951000	0.383100
0.980000	0.604880
1.070000	0.813940
1.050000	0.738620
0.672000	0.638420
0.225000	-0.040168
-0.359000	-0.509880
-0.927000	-1.114200
-1.430000	-1.074700
-1.500000	-1.459300
-0.766000	-0.430140
-0.283000	-0.106330
0.682000	0.297280
1.020000	0.726250
1.140000	0.953300
0.954000	0.875980
0.842000	0.689560
0.330000	0.166430
-0.200000	-0.217320
-0.782000	-0.876690
-1.440000	-1.586100
-1.620000	-1.618900
-1.180000	-0.837810
-0.277000	-0.181370
0.619000	0.028236
1.420000	0.428600
1.320000	0.816250
1.420000	0.970660
1.030000	0.895660
0.462000	0.609230
-0.113000	0.102260
-0.627000	-0.452190
-1.200000	-1.008100
-1.330000	-2.058600
-0.860000	-0.444000
-0.066900	-0.089716
0.457000	0.249190
0.890000	0.582320
1.010000	0.742380
1.110000	0.799620
0.724000	0.609640
0.060500	0.130880
-0.651000	-0.482420
-1.210000	-1.077400
-1.670000	-1.206200
-1.900000	-2.394800
-1.650000	-0.809440
-0.939000	-0.227790
0.215000	0.192050
1.350000	0.713320
1.370000	1.252700
1.130000	1.400300
0.779000	1.102700
0.273000	0.720420
-0.297000	0.141760
-0.830000	-0.417860
-1.430000	-0.748490
-1.510000	-1.621300
-0.675000	-0.208500
0.180000	0.089826
0.871000	0.266830
1.250000	0.568170
1.120000	0.753750
1.060000	0.744940
0.823000	0.608680
0.241000	0.112300
-0.341000	-0.365010
-0.934000	-1.129600
-1.390000	-1.177400
-1.570000	-2.155300
-0.825000	-0.450300
0.070600	-0.180720
0.742000	0.222420
0.903000	1.027100
1.340000	1.498800
1.040000	1.381700
0.654000	1.101500
0.159000	0.738230
-0.419000	0.168160
-0.992000	-0.367750
-1.480000	-0.609320
-1.710000	-2.315900
-1.110000	-0.939740
-0.127000	0.041157
1.010000	0.349970
1.260000	0.734480
1.030000	1.013500
0.926000	1.117000
0.593000	0.977630
0.186000	0.618930
-0.312000	0.122660
-0.886000	-0.368270
-1.440000	-1.107900
-1.600000	-1.729700
-0.839000	-0.254760
0.214000	0.004990
0.849000	0.272980
0.844000	0.598330
1.110000	0.965090
1.170000	1.183300
0.827000	1.086700
0.415000	0.815630
-0.128000	0.133540
-0.722000	-0.569350
-1.260000	-1.141600
-1.590000	-2.216300
-1.090000	-0.951350
-0.278000	-0.051670
0.801000	0.254280
