1.010000	0.711870
0.855000	1.285100
0.916000	0.980440
0.770000	0.733670
0.297000	0.291150
-0.055400	0.147300
-1.110000	-0.799550
-1.690000	-0.934370
-1.210000	-1.462600
-0.478000	-1.058600
0.557000	0.656670
1.030000	0.700680
1.070000	0.736890
1.190000	0.764710
1.040000	0.615010
0.792000	0.503580
0.289000	-0.353580
-0.346000	-0.711090
-1.090000	-1.214900
-1.520000	-1.090100
-1.200000	-1.331900
-0.349000	-0.115410
0.462000	0.386090
0.933000	0.731280
1.080000	0.832100
1.180000	0.925240
1.070000	0.711380
0.833000	0.437840
0.258000	-0.157170
-0.349000	-0.426020
-1.030000	-1.005400
-1.610000	-1.631400
-1.310000	-1.553100
-0.633000	-0.575750
0.416000	0.250860
0.906000	0.667380
1.330000	1.170200
1.250000	0.964930
0.863000	1.382300
0.909000	0.649270
0.442000	0.172720
-0.260000	-0.224040
-0.904000	-0.683710
-1.560000	-1.139500
-1.390000	-2.085900
-0.389000	-0.257330
0.458000	0.306230
0.879000	0.576440
1.050000	0.677370
0.992000	0.617410
0.985000	0.718570
0.781000	0.392250
0.183000	-0.124000
-0.582000	-0.628580
-1.340000	-1.058600
-1.770000	-1.172800
-1.680000	-2.250400
-0.992000	-0.551240
0.085500	0.372300
0.594000	0.622780
0.907000	1.121000
1.050000	1.582300
1.010000	1.211000
0.845000	0.549630
0.417000	0.212790
-0.325000	-0.243470
-1.070000	-0.693500
-1.760000	-0.918360
-1.630000	-1.682200
-0.408000	-0.080008
0.761000	0.577700
1.140000	0.595730
0.599000	0.900940
1.040000	0.728750
0.819000	0.809180
0.748000	0.368600
0.203000	-0.166110
-0.450000	-0.552050
-1.120000	-1.239100
-1.670000	-1.206300
-1.430000	-2.085800
-0.448000	-0.096580
0.344000	0.334900
0.997000	0.764590
0.657000	1.243800
1.190000	1.261200
0.810000	1.062300
0.651000	0.513230
0.210000	0.231520
-0.473000	-0.240350
-1.200000	-0.664620
-1.810000	-0.792520
-1.800000	-2.375700
-0.844000	-0.690490
0.493000	0.663770
0.963000	0.766050
1.030000	1.060200
1.100000	1.110400
0.864000	1.128900
0.616000	0.468230
0.148000	0.193020
-0.493000	-0.176740
-1.260000	-0.620360
-1.830000	-1.264500
-1.900000	-1.765800
-0.637000	-0.033347
0.668000	0.652250
0.869000	0.701080
0.919000	1.036500
0.842000	0.988310
0.745000	1.208800
0.600000	0.609200
0.250000	0.306750
-0.395000	-0.278400
-1.160000	-0.854410
-1.740000	-1.320100
-1.750000	-2.267900
-0.974000	-0.824510
0.303000	0.338650
0.870000	0.736810
