0.155000	0.768570
0.860000	1.687100
1.140000	1.658400
1.230000	1.269700
0.840000	0.589880
0.298000	0.221630
-0.376000	-0.433730
-0.890000	-0.715170
-1.060000	-1.186800
-0.906000	-1.080500
-0.119000	0.090759
0.683000	0.369240
0.755000	0.621990
1.320000	0.861500
1.460000	0.775630
0.744000	0.516790
-0.131000	-0.249610
-0.736000	-0.628160
-1.050000	-1.033100
-1.330000	-1.142200
-1.550000	-1.343800
-1.380000	-0.806910
-0.591000	-0.356010
0.753000	0.307220
0.835000	0.838000
1.390000	1.138400
1.140000	0.891560
0.782000	0.492160
-0.002240	-0.122220
-0.592000	-0.467280
-1.020000	-0.905060
-1.350000	-1.345300
-1.660000	-1.470300
-1.710000	-1.061100
-0.342000	-0.558500
0.417000	-0.022876
1.490000	0.828870
1.330000	1.037200
1.230000	1.568200
0.904000	0.832920
0.136000	0.217690
-0.462000	-0.176140
-0.882000	-0.566700
-1.230000	-0.956920
-1.550000	-1.547900
-1.400000	-0.800970
-0.764000	-0.429280
0.218000	0.120660
0.933000	0.545450
1.170000	0.662490
1.080000	0.805380
0.826000	0.368300
0.050400	-0.248310
-0.606000	-0.696470
-1.040000	-1.035400
-1.350000	-1.277900
-1.720000	-1.865300
-1.760000	-1.211500
-1.530000	-0.485140
-0.370000	0.097369
0.911000	1.071900
1.220000	2.034300
1.390000	1.848800
1.170000	0.954550
0.409000	0.389900
-0.260000	-0.079019
-0.573000	-0.490230
-0.885000	-0.786940
-1.160000	-1.300400
-0.831000	-0.610980
0.697000	-0.036885
0.873000	0.152320
0.874000	0.731880
1.080000	0.787070
1.030000	0.857900
0.668000	0.322520
-0.095000	-0.221190
-0.683000	-0.581640
-1.090000	-1.043500
-1.410000	-1.179600
-1.570000	-1.718000
-1.440000	-0.857270
-0.914000	-0.476620
0.198000	0.256040
0.655000	1.500500
1.480000	1.995700
1.390000	1.697600
0.849000	0.928640
0.318000	0.472660
-0.122000	-0.025763
-0.571000	-0.437790
-0.941000	-0.703950
-1.170000	-1.627800
-0.993000	-0.945630
-0.166000	0.026658
0.824000	0.391040
1.150000	1.041200
1.640000	1.373600
1.290000	1.489700
0.797000	0.772490
0.260000	0.312600
-0.137000	-0.077087
-0.499000	-0.499470
-0.913000	-0.972300
-1.170000	-1.368300
-0.515000	-0.653640
0.279000	-0.023969
0.720000	0.255370
1.460000	0.879270
1.370000	1.209000
1.400000	1.627100
1.190000	1.098600
0.724000	0.533160
0.099600	-0.045506
-0.567000	-0.535210
-0.949000	-0.957220
-1.200000	-1.592100
-0.835000	-1.054800
-0.293000	-0.328120
0.816000	0.262340
