0.656000	0.701910
0.686000	1.259600
0.900000	0.938180
0.782000	0.697560
0.278000	0.266610
-0.087500	0.134950
-1.160000	-0.810510
-1.730000	-0.936090
-1.170000	-1.458500
-0.404000	-1.044900
0.487000	0.679480
0.987000	0.711130
1.120000	0.735850
1.260000	0.752510
1.090000	0.600710
0.806000	0.495490
0.291000	-0.359380
-0.347000	-0.710430
-1.130000	-1.210800
-1.550000	-1.077300
-1.190000	-1.315500
-0.301000	-0.083762
0.521000	0.417650
0.998000	0.746850
0.990000	0.825290
1.150000	0.907620
1.100000	0.694640
0.829000	0.426830
0.258000	-0.162700
-0.372000	-0.423980
-1.060000	-1.001100
-1.630000	-1.625700
-1.280000	-1.539000
-0.613000	-0.547720
0.371000	0.285110
0.904000	0.696870
1.280000	1.183900
1.200000	0.955160
0.838000	1.369000
0.925000	0.631560
0.430000	0.161390
-0.272000	-0.229400
-0.952000	-0.685110
-1.590000	-1.136700
-1.410000	-2.084200
-0.363000	-0.231850
0.545000	0.336600
0.937000	0.592790
1.060000	0.676870
1.060000	0.607200
0.996000	0.706620
0.791000	0.385130
0.203000	-0.122920
-0.568000	-0.622370
-1.320000	-1.048200
-1.810000	-1.156500
-1.620000	-2.238500
-0.803000	-0.517280
0.080600	0.410080
0.722000	0.643030
0.887000	1.118700
1.110000	1.556000
0.979000	1.172300
0.825000	0.519440
0.399000	0.195030
-0.332000	-0.253870
-1.080000	-0.698680
-1.810000	-0.916740
-1.620000	-1.679800
-0.364000	-0.057856
0.761000	0.602640
1.120000	0.611470
0.476000	0.903810
1.050000	0.718740
0.885000	0.800320
0.760000	0.362100
0.204000	-0.167510
-0.451000	-0.548740
-1.140000	-1.235400
-1.720000	-1.195500
-1.300000	-2.076300
-0.326000	-0.061941
0.412000	0.369880
1.020000	0.784820
0.556000	1.225900
1.150000	1.217700
0.808000	1.022900
0.595000	0.482400
0.124000	0.211300
-0.551000	-0.253010
-1.270000	-0.671330
-1.860000	-0.790910
-1.760000	-2.379200
-0.839000	-0.669740
0.542000	0.691100
0.898000	0.779190
1.080000	1.055900
1.080000	1.091400
0.894000	1.104700
0.601000	0.443280
0.152000	0.179010
-0.503000	-0.183940
-1.290000	-0.622920
-1.880000	-1.264900
-1.870000	-1.762600
-0.593000	-0.006787
0.684000	0.681540
0.911000	0.717630
0.932000	1.039500
0.836000	0.970710
0.816000	1.181900
0.673000	0.576750
0.227000	0.286240
-0.393000	-0.291370
-1.170000	-0.862260
-1.710000	-1.322800
-1.750000	-2.269700
-0.953000	-0.805510
0.399000	0.366130
0.897000	0.755010
