1.360000	0.794740
1.510000	1.573100
1.410000	1.431700
0.845000	1.091500
0.329000	0.461610
0.051400	0.143220
-0.836000	-0.666060
-1.360000	-0.843310
-1.300000	-1.319100
-0.815000	-1.065700
0.307000	0.339140
0.951000	0.541380
0.980000	0.720870
1.070000	0.868460
1.050000	0.754940
0.672000	0.536100
0.225000	-0.323440
-0.359000	-0.736670
-0.927000	-1.179700
-1.430000	-1.165900
-1.500000	-1.375600
-0.766000	-0.505570
-0.283000	-0.027077
0.682000	0.515580
1.020000	0.887650
1.140000	1.100300
0.954000	0.868010
0.842000	0.494340
0.330000	-0.161180
-0.200000	-0.509950
-0.782000	-1.033100
-1.440000	-1.529900
-1.620000	-1.525000
-1.180000	-0.850250
-0.277000	-0.205910
0.619000	0.280870
1.420000	1.001100
1.320000	1.046800
1.420000	1.544400
1.030000	0.785450
0.462000	0.166730
-0.113000	-0.264670
-0.627000	-0.694980
-1.200000	-1.076300
-1.330000	-1.807900
-0.860000	-0.572090
-0.066900	-0.099912
0.457000	0.341550
0.890000	0.643640
1.010000	0.695440
1.110000	0.816430
0.724000	0.410140
0.060500	-0.207700
-0.651000	-0.720670
-1.210000	-1.121600
-1.670000	-1.273000
-1.900000	-2.057300
-1.650000	-0.916130
-0.939000	-0.107180
0.215000	0.326370
1.350000	1.123200
1.370000	1.903400
1.130000	1.629900
0.779000	0.810660
0.273000	0.291320
-0.297000	-0.205940
-0.830000	-0.637740
-1.430000	-0.896220
-1.510000	-1.492400
-0.675000	-0.381780
0.180000	0.235270
0.871000	0.363350
1.250000	0.841200
1.120000	0.802960
1.060000	0.884660
0.823000	0.356280
0.241000	-0.233460
-0.341000	-0.643970
-0.934000	-1.214300
-1.390000	-1.257000
-1.570000	-1.892300
-0.825000	-0.525680
0.070600	-0.129360
0.742000	0.475200
0.903000	1.429500
1.340000	1.751500
1.040000	1.484900
0.654000	0.775300
0.159000	0.368180
-0.419000	-0.169630
-0.992000	-0.601000
-1.480000	-0.785550
-1.710000	-1.961700
-1.110000	-0.808040
-0.127000	0.304330
1.010000	0.559330
1.260000	1.097200
1.030000	1.315700
0.926000	1.381500
0.593000	0.662180
0.186000	0.250560
-0.312000	-0.166630
-0.886000	-0.629170
-1.440000	-1.147100
-1.600000	-1.547400
-0.839000	-0.374780
0.214000	0.274070
0.849000	0.472490
0.844000	0.985620
1.110000	1.179200
1.170000	1.518400
0.827000	0.935310
0.415000	0.450730
-0.128000	-0.191580
-0.722000	-0.725890
-1.260000	-1.153100
-1.590000	-1.883600
-1.090000	-0.938570
-0.278000	-0.037378
0.801000	0.479190
