1.090000	0.610840
1.280000	0.641460
1.230000	0.641460
0.870000	0.638840
0.484000	0.554840
0.176000	0.499720
-0.769000	-0.736620
-1.440000	-0.854740
-1.410000	-1.504800
-0.741000	-1.032400
0.361000	0.630090
0.931000	0.630960
0.899000	0.635340
0.962000	0.632710
1.050000	0.511090
0.775000	0.566210
0.304000	-0.106640
-0.267000	-0.513500
-0.889000	-1.154900
-1.440000	-0.901110
-1.550000	-1.294800
-0.544000	0.259100
0.235000	0.578460
0.700000	0.633590
1.030000	0.628340
1.250000	0.641460
1.040000	0.617840
0.871000	0.582840
0.379000	0.144480
-0.119000	-0.132890
-0.731000	-0.862610
-1.380000	-1.679800
-1.530000	-1.522300
-0.984000	-0.297380
0.161000	0.582840
0.854000	0.633590
1.430000	0.640590
1.330000	0.639710
1.170000	0.641460
0.997000	0.639710
0.459000	0.538210
-0.110000	0.075268
-0.649000	-0.492500
-1.200000	-1.058600
-1.350000	-2.344800
-0.695000	0.115600
0.112000	0.595960
0.656000	0.631840
0.967000	0.635340
0.871000	0.626590
1.070000	0.632710
0.691000	0.584590
0.133000	0.260850
-0.613000	-0.348130
-1.290000	-0.979860
-1.890000	-0.971110
-2.060000	-2.511100
-1.720000	-0.102260
-0.736000	0.572340
0.244000	0.638840
0.892000	0.641460
1.150000	0.641460
1.060000	0.641460
0.832000	0.637960
0.403000	0.515460
-0.239000	0.002890
-0.853000	-0.541500
-1.560000	-0.775110
-1.780000	-1.802300
-0.792000	0.317720
0.419000	0.629210
1.020000	0.635340
1.040000	0.636210
1.040000	0.614340
0.974000	0.607340
0.754000	0.607340
0.169000	0.179480
-0.395000	-0.277260
-0.995000	-1.181100
-1.530000	-1.067400
-1.680000	-2.274800
-0.598000	0.304600
0.224000	0.577590
0.824000	0.638840
0.891000	0.641460
1.290000	0.639710
0.962000	0.639710
0.747000	0.630090
0.321000	0.469090
-0.301000	-0.020104
-0.892000	-0.517870
-1.470000	-0.608870
-1.810000	-2.773500
-0.959000	-0.609750
-0.117000	0.595090
1.100000	0.634460
1.010000	0.638840
0.868000	0.634460
1.110000	0.639710
0.672000	0.620460
0.204000	0.473470
-0.318000	0.040619
-0.950000	-0.419880
-1.540000	-1.251100
-1.830000	-1.916100
-0.718000	0.354470
0.096400	0.598590
0.893000	0.633590
0.545000	0.641460
1.170000	0.639710
1.110000	0.641460
0.832000	0.534710
0.402000	0.552210
-0.204000	-0.068227
-0.837000	-0.787360
-1.410000	-1.347300
-1.760000	-2.616100
-1.010000	-0.632490
-0.275000	0.563590
0.855000	0.639710
