0.872000	0.744550
1.650000	1.839600
1.590000	1.621400
1.060000	1.162900
0.279000	0.401850
-0.093600	0.045370
-0.748000	-0.455380
-1.020000	-0.712450
-1.220000	-1.114700
-1.280000	-1.044300
0.011500	0.180390
1.470000	0.419380
0.967000	0.659840
0.881000	0.867900
0.496000	0.765530
-0.130000	0.472710
-0.399000	-0.336750
-0.887000	-0.635100
-1.180000	-0.953420
-1.370000	-1.126800
-1.470000	-1.272500
-1.410000	-0.875540
-0.988000	-0.318200
0.187000	0.386110
0.521000	0.875540
1.390000	1.173100
0.752000	0.864250
0.186000	0.398180
-0.539000	-0.230700
-0.859000	-0.530700
-1.090000	-0.880290
-1.340000	-1.234000
-1.440000	-1.394700
-1.480000	-1.106300
-1.260000	-0.599660
0.370000	0.085506
1.200000	1.082500
1.260000	1.091400
1.440000	1.814800
1.020000	0.757490
0.348000	0.003917
-0.130000	-0.300500
-0.538000	-0.611020
-0.995000	-0.948100
-1.210000	-1.388000
-1.120000	-0.895070
-0.917000	-0.453140
0.227000	0.153590
0.909000	0.541070
1.190000	0.604550
0.831000	0.772640
0.609000	0.240490
-0.258000	-0.403280
-0.783000	-0.752120
-1.100000	-0.975140
-1.320000	-1.274700
-1.500000	-1.683000
-1.610000	-1.327400
-1.230000	-0.471240
0.649000	0.163370
1.670000	1.265400
1.640000	2.302300
1.610000	1.918800
1.040000	0.787890
0.384000	0.188760
-0.262000	-0.205700
-0.594000	-0.530700
-0.933000	-0.823540
-1.100000	-1.228000
-0.949000	-0.732640
0.031800	0.032083
0.632000	0.186840
1.290000	0.830360
1.470000	0.763850
1.110000	0.891580
0.621000	0.198150
-0.036300	-0.367070
-0.505000	-0.638010
-0.861000	-0.985100
-1.120000	-1.160600
-1.290000	-1.552400
-1.180000	-0.911960
-0.263000	-0.470110
0.632000	0.395290
1.260000	1.671900
1.550000	2.051400
1.290000	1.703700
0.623000	0.715400
0.111000	0.269180
-0.269000	-0.150850
-0.665000	-0.493240
-1.020000	-0.768240
-1.230000	-1.431500
-1.210000	-0.950560
0.515000	0.130350
1.210000	0.487440
1.700000	1.185100
1.400000	1.486500
1.350000	1.592700
0.810000	0.570570
0.336000	0.129290
-0.052900	-0.172100
-0.375000	-0.562720
-0.684000	-0.952330
-0.953000	-1.281400
-0.804000	-0.791430
-0.063900	0.051825
0.529000	0.324890
0.871000	1.036400
0.988000	1.259100
1.290000	1.732300
0.975000	0.968310
0.606000	0.321350
0.120000	-0.164100
-0.530000	-0.552160
-0.841000	-0.924450
-1.110000	-1.411200
-1.090000	-1.112000
-0.199000	-0.376780
1.070000	0.366410
