1.340000	0.746980
1.520000	1.154700
1.580000	1.385200
0.915000	1.226900
0.355000	0.877490
0.082200	0.597310
-0.841000	-0.488580
-1.420000	-0.759870
-1.320000	-1.424300
-0.663000	-1.179900
0.275000	0.178380
0.971000	0.403000
0.904000	0.613710
1.050000	0.811900
0.976000	0.732820
0.559000	0.641200
0.017100	-0.044789
-0.599000	-0.515940
-1.150000	-1.129500
-1.620000	-1.076100
-1.510000	-1.465700
-0.589000	-0.391910
-0.146000	-0.064670
0.599000	0.321740
0.998000	0.728430
1.070000	0.944680
0.873000	0.869840
0.700000	0.690770
0.186000	0.166960
-0.338000	-0.214520
-0.886000	-0.885840
-1.550000	-1.610200
-1.680000	-1.631400
-1.050000	-0.813560
-0.104000	-0.135600
0.677000	0.066461
1.340000	0.446780
1.200000	0.814530
1.510000	0.961150
1.020000	0.889880
0.406000	0.611750
-0.129000	0.101740
-0.660000	-0.459890
-1.280000	-1.022800
-1.310000	-2.100100
-0.722000	-0.414040
-0.026900	-0.047811
0.544000	0.276000
0.935000	0.592300
1.190000	0.743620
1.110000	0.798320
0.694000	0.615050
-0.046900	0.140520
-0.729000	-0.479530
-1.280000	-1.083600
-1.750000	-1.205300
-1.910000	-2.429500
-1.620000	-0.774430
-0.946000	-0.180300
0.371000	0.222220
1.230000	0.716990
1.270000	1.228800
1.120000	1.368800
0.791000	1.086200
0.221000	0.715830
-0.330000	0.134690
-0.823000	-0.430380
-1.460000	-0.758720
-1.540000	-1.651200
-0.637000	-0.177940
0.223000	0.124630
0.954000	0.292960
1.130000	0.578940
1.090000	0.753650
1.070000	0.744840
0.765000	0.615560
0.164000	0.117790
-0.403000	-0.363690
-0.970000	-1.145700
-1.460000	-1.184000
-1.520000	-2.187500
-0.588000	-0.408190
0.082800	-0.135300
0.691000	0.251040
0.627000	1.014700
1.470000	1.462200
1.080000	1.351000
0.629000	1.084600
0.192000	0.729830
-0.374000	0.158290
-0.951000	-0.381360
-1.440000	-0.616260
-1.630000	-2.371100
-0.919000	-0.929830
-0.043600	0.076310
0.972000	0.371790
1.180000	0.736900
1.190000	1.001300
1.060000	1.099900
0.616000	0.966450
0.187000	0.616900
-0.288000	0.118920
-0.893000	-0.375720
-1.490000	-1.129600
-1.610000	-1.761200
-0.544000	-0.219530
0.299000	0.042213
0.822000	0.298680
0.798000	0.607870
1.290000	0.955760
1.190000	1.162900
0.908000	1.064600
0.474000	0.808470
-0.088400	0.122430
-0.760000	-0.589520
-1.300000	-1.167500
-1.520000	-2.266700
-0.970000	-0.942270
-0.127000	-0.013739
0.782000	0.281320
