1.300000	0.504070
1.460000	0.529340
1.710000	0.529340
1.380000	0.527170
0.803000	0.457860
0.414000	0.412370
-0.444000	-0.607860
-0.775000	-0.705340
-1.210000	-1.241800
-1.340000	-0.851910
-0.020000	0.519950
1.020000	0.520680
0.476000	0.524290
0.879000	0.522120
0.627000	0.421760
0.062800	0.467250
-0.304000	-0.087999
-0.775000	-0.423750
-1.010000	-0.953000
-1.240000	-0.743610
-1.410000	-1.068500
-1.510000	0.213810
-1.090000	0.477350
0.008300	0.522840
0.453000	0.518510
1.230000	0.529340
0.413000	0.509850
-0.161000	0.480960
-0.738000	0.119220
-1.030000	-0.109660
-1.200000	-0.711840
-1.400000	-1.386200
-1.530000	-1.256300
-1.610000	-0.245400
-1.470000	0.480960
0.578000	0.522840
1.140000	0.528620
1.280000	0.527900
1.340000	0.529340
0.960000	0.527900
0.365000	0.444140
-0.131000	0.062112
-0.590000	-0.406420
-1.050000	-0.873570
-1.240000	-1.935000
-1.070000	0.095398
-0.817000	0.491790
0.353000	0.521400
0.553000	0.524290
0.618000	0.517070
0.859000	0.522120
0.793000	0.482410
0.032100	0.215260
-0.467000	-0.287280
-0.855000	-0.808590
-1.160000	-0.801370
-1.430000	-2.072100
-1.580000	-0.084389
-0.775000	0.472300
0.652000	0.527170
1.630000	0.529340
1.740000	0.529340
1.710000	0.529340
1.310000	0.526450
0.831000	0.425370
0.093600	0.002385
-0.242000	-0.446850
-0.644000	-0.639630
-0.959000	-1.487300
-0.797000	0.262190
-0.006330	0.519230
0.735000	0.524290
1.190000	0.525010
1.410000	0.506960
1.050000	0.501180
0.758000	0.501180
0.111000	0.148110
-0.412000	-0.228800
-0.812000	-0.974660
-1.120000	-0.880790
-1.190000	-1.877200
-1.120000	0.251360
-0.647000	0.476630
0.584000	0.527170
1.030000	0.529340
1.510000	0.527900
1.410000	0.527900
0.895000	0.519950
0.405000	0.387100
-0.087500	-0.016590
-0.508000	-0.427360
-0.869000	-0.502450
-1.140000	-2.288800
-1.280000	-0.503170
0.036100	0.491070
0.941000	0.523560
1.400000	0.527170
1.270000	0.523560
1.250000	0.527900
0.874000	0.512010
0.268000	0.390710
-0.199000	0.033519
-0.608000	-0.346490
-0.962000	-1.032400
-1.270000	-1.581200
-1.060000	0.292510
-0.473000	0.493960
0.615000	0.522840
1.070000	0.529340
1.340000	0.527900
1.320000	0.529340
1.100000	0.441250
0.748000	0.455690
0.097500	-0.056302
-0.697000	-0.649740
-1.090000	-1.111800
-1.330000	-2.158800
-1.360000	-0.521940
-0.970000	0.465080
0.780000	0.527900
