0.962000	0.738690
1.280000	1.096300
1.410000	1.296000
0.976000	1.158500
0.698000	0.843280
0.387000	0.592370
-0.685000	-0.533840
-1.550000	-0.786520
-1.210000	-1.459600
-0.470000	-1.176900
0.261000	0.249200
0.841000	0.443850
0.844000	0.626960
0.962000	0.798200
0.990000	0.711430
0.676000	0.640370
0.168000	-0.054818
-0.413000	-0.523980
-1.060000	-1.151700
-1.450000	-1.067300
-1.570000	-1.463900
-0.728000	-0.300410
0.279000	0.030973
0.821000	0.373870
1.550000	0.725250
0.978000	0.914490
0.850000	0.846120
0.705000	0.685800
0.278000	0.166300
-0.201000	-0.205740
-0.930000	-0.896780
-1.600000	-1.646900
-1.760000	-1.641600
-1.430000	-0.749210
-0.082500	-0.029789
0.682000	0.152810
1.420000	0.483200
1.190000	0.801520
1.000000	0.928750
0.872000	0.866770
0.342000	0.610670
-0.215000	0.099420
-0.819000	-0.472290
-1.370000	-1.044800
-1.370000	-2.171100
-0.555000	-0.341150
0.193000	0.048203
0.622000	0.334000
0.924000	0.608420
0.846000	0.738150
1.130000	0.786430
0.763000	0.620490
0.212000	0.160900
-0.433000	-0.467590
-1.280000	-1.085700
-1.790000	-1.189700
-2.020000	-2.481400
-1.640000	-0.685990
-0.565000	-0.070077
0.438000	0.288480
0.854000	0.717320
1.150000	1.160500
1.070000	1.281700
0.884000	1.036500
0.420000	0.697370
-0.274000	0.117060
-0.867000	-0.454110
-1.520000	-0.773550
-1.670000	-1.700800
-0.799000	-0.106310
0.676000	0.202520
1.060000	0.349210
0.962000	0.596980
0.806000	0.744980
1.070000	0.736310
0.592000	0.624350
0.010400	0.128990
-0.568000	-0.356620
-1.210000	-1.169700
-1.690000	-1.185700
-1.660000	-2.236300
-0.777000	-0.307670
-0.152000	-0.030323
0.722000	0.313440
0.671000	0.975100
1.140000	1.362400
0.914000	1.266100
0.786000	1.034000
0.386000	0.702520
-0.181000	0.134050
-0.877000	-0.408100
-1.460000	-0.625200
-1.630000	-2.470300
-0.853000	-0.896860
-0.126000	0.155550
1.010000	0.417340
0.887000	0.734160
0.760000	0.962500
1.360000	1.048600
0.671000	0.930180
0.204000	0.605390
-0.284000	0.109090
-0.962000	-0.388480
-1.510000	-1.166300
-1.650000	-1.813200
-0.376000	-0.136800
0.474000	0.126550
0.960000	0.353910
0.963000	0.622830
1.180000	0.923820
1.350000	1.103500
0.810000	1.002300
0.391000	0.783120
-0.249000	0.095760
-0.879000	-0.628870
-1.310000	-1.213600
-1.530000	-2.356200
-0.795000	-0.911050
0.302000	0.072840
1.030000	0.339790
