0.281000	0.784610
1.090000	1.781000
1.330000	1.800300
1.210000	1.375400
0.714000	0.626310
0.100000	0.197950
-0.662000	-0.375890
-0.988000	-0.666450
-1.160000	-1.100600
-1.270000	-1.056400
-0.177000	-0.029124
0.854000	0.303460
0.801000	0.604840
1.260000	0.884360
1.200000	0.812950
0.416000	0.512860
-0.216000	-0.243370
-0.704000	-0.630960
-1.010000	-0.996390
-1.300000	-1.150000
-1.450000	-1.327300
-1.500000	-0.949140
-1.100000	-0.510130
0.287000	0.223220
0.652000	0.846740
1.360000	1.187800
0.839000	0.931690
0.107000	0.494060
-0.577000	-0.134520
-0.903000	-0.500380
-1.170000	-0.899040
-1.380000	-1.270700
-1.550000	-1.423300
-1.650000	-1.149100
-1.320000	-0.730120
0.268000	-0.165280
1.170000	0.768610
1.240000	1.056100
1.220000	1.622600
0.931000	0.862940
0.331000	0.192880
-0.254000	-0.200890
-0.690000	-0.565470
-1.050000	-0.912450
-1.280000	-1.392200
-1.160000	-0.915120
-0.879000	-0.583310
-0.073300	0.027277
0.571000	0.520880
0.966000	0.674430
0.883000	0.825370
0.741000	0.356830
-0.055800	-0.290920
-0.640000	-0.726070
-0.990000	-1.036200
-1.250000	-1.291800
-1.470000	-1.733100
-1.590000	-1.337100
-1.130000	-0.661080
0.201000	-0.016748
1.340000	1.067200
1.650000	2.145300
1.720000	1.984100
1.310000	1.023600
0.740000	0.395190
0.004700	-0.074551
-0.343000	-0.464000
-0.712000	-0.765170
-0.980000	-1.190400
-0.740000	-0.726290
0.063800	-0.166340
0.689000	0.059751
0.998000	0.702940
1.250000	0.799950
1.120000	0.873470
0.791000	0.298710
0.164000	-0.256710
-0.425000	-0.614010
-0.855000	-1.010400
-1.170000	-1.174800
-1.370000	-1.592600
-1.280000	-1.014000
-0.903000	-0.649100
0.126000	0.146930
1.020000	1.558900
1.510000	2.156400
1.390000	1.831500
0.986000	0.997450
0.452000	0.500660
-0.046400	-0.009033
-0.467000	-0.409770
-0.819000	-0.691810
-1.080000	-1.412700
-1.070000	-0.968690
-0.112000	-0.105320
1.010000	0.309670
1.260000	1.047800
1.620000	1.437000
1.540000	1.568300
1.050000	0.818200
0.395000	0.313120
-0.098400	-0.081544
-0.504000	-0.499480
-0.922000	-0.904110
-1.140000	-1.244400
-0.812000	-0.782170
-0.210000	-0.162320
0.570000	0.166490
1.320000	0.855820
1.570000	1.265500
1.460000	1.727200
1.250000	1.195800
0.906000	0.562070
0.218000	-0.021749
-0.600000	-0.476670
-0.973000	-0.868970
-1.210000	-1.391200
-1.120000	-1.078900
-0.767000	-0.470580
0.847000	0.163710
