1.180000	0.761600
1.070000	1.415300
1.130000	1.300500
0.904000	1.024900
0.442000	0.520650
0.127000	0.276820
-0.801000	-0.653450
-1.450000	-0.865920
-1.420000	-1.428300
-0.714000	-1.130700
0.359000	0.410410
0.886000	0.563800
0.883000	0.702640
1.050000	0.830460
1.040000	0.709640
0.799000	0.556990
0.305000	-0.266070
-0.255000	-0.668460
-0.898000	-1.187600
-1.490000	-1.140800
-1.580000	-1.413900
-0.675000	-0.378760
0.113000	0.086508
0.541000	0.543630
1.020000	0.839950
1.450000	1.023400
1.110000	0.824330
0.925000	0.526970
0.428000	-0.078620
-0.092100	-0.404550
-0.685000	-0.985780
-1.350000	-1.604200
-1.520000	-1.603500
-0.873000	-0.788420
0.227000	-0.057896
0.744000	0.358180
1.210000	0.949810
1.240000	0.985650
1.250000	1.388200
1.000000	0.779810
0.483000	0.292320
-0.088600	-0.143850
-0.638000	-0.623870
-1.250000	-1.102000
-1.430000	-2.011900
-0.797000	-0.456460
0.214000	0.027812
0.709000	0.399250
0.787000	0.644890
0.969000	0.681340
1.030000	0.787290
0.719000	0.450670
0.150000	-0.103020
-0.622000	-0.636260
-1.340000	-1.095900
-1.940000	-1.252200
-2.040000	-2.263400
-1.530000	-0.809210
-0.704000	0.016213
0.306000	0.404580
0.925000	1.054800
1.190000	1.686200
1.100000	1.471400
0.889000	0.807100
0.441000	0.385930
-0.194000	-0.118970
-0.805000	-0.600580
-1.520000	-0.877600
-1.710000	-1.627500
-0.580000	-0.255690
0.329000	0.320590
1.060000	0.422200
1.030000	0.811670
1.100000	0.777200
1.010000	0.837350
0.814000	0.425440
0.275000	-0.122600
-0.298000	-0.537120
-0.908000	-1.206900
-1.430000	-1.237100
-1.630000	-2.080000
-0.562000	-0.386900
0.346000	0.009360
0.813000	0.530370
0.919000	1.308700
1.350000	1.560700
0.988000	1.346600
0.726000	0.780330
0.275000	0.422380
-0.362000	-0.096846
-0.944000	-0.559370
-1.560000	-0.755560
-1.910000	-2.248400
-1.030000	-0.842460
-0.073900	0.372570
0.885000	0.597040
1.050000	1.018900
0.952000	1.199900
0.982000	1.265100
0.686000	0.685460
0.222000	0.331010
-0.338000	-0.087099
-0.951000	-0.552370
-1.530000	-1.196300
-1.810000	-1.715700
-0.944000	-0.252880
0.225000	0.344390
0.746000	0.507850
0.634000	0.931020
1.170000	1.078900
0.989000	1.360200
0.820000	0.874100
0.416000	0.496930
-0.181000	-0.130580
-0.850000	-0.734050
-1.470000	-1.229900
-1.860000	-2.157900
-1.110000	-0.946400
-0.174000	0.081242
0.761000	0.524550
