0.965000	0.696290
1.090000	0.907220
1.080000	1.016800
0.947000	0.940080
0.527000	0.727070
0.072300	0.563070
-0.987000	-0.643700
-1.670000	-0.838650
-1.390000	-1.517600
-0.326000	-1.137500
0.534000	0.436720
0.816000	0.544000
1.080000	0.646620
0.940000	0.739380
0.968000	0.633850
0.676000	0.621080
0.106000	-0.080853
-0.564000	-0.532090
-1.170000	-1.182000
-1.560000	-1.014900
-1.220000	-1.420000
-0.500000	-0.041608
0.396000	0.292340
1.080000	0.506830
1.110000	0.697250
1.110000	0.807390
1.070000	0.758610
0.737000	0.653930
0.092800	0.160070
-0.472000	-0.176210
-1.220000	-0.902930
-1.780000	-1.703700
-1.410000	-1.625800
-0.544000	-0.552880
0.362000	0.261060
0.837000	0.385470
0.920000	0.570190
0.907000	0.744540
1.040000	0.815220
0.650000	0.780360
0.182000	0.591440
-0.517000	0.090409
-1.110000	-0.493710
-1.730000	-1.077500
-1.430000	-2.308100
-0.427000	-0.132270
0.347000	0.310130
0.970000	0.484110
1.020000	0.636440
0.896000	0.703490
0.926000	0.732920
0.622000	0.618910
0.130000	0.212490
-0.668000	-0.422410
-1.300000	-1.062400
-1.820000	-1.115400
-1.410000	-2.557500
-0.537000	-0.425290
0.215000	0.233940
1.050000	0.462450
0.920000	0.699140
0.698000	0.942460
0.768000	1.009000
0.858000	0.872740
0.416000	0.628220
-0.394000	0.065646
-1.080000	-0.507050
-1.750000	-0.793630
-1.780000	-1.791600
-0.046400	0.092860
0.689000	0.410680
0.846000	0.494130
0.819000	0.630570
0.768000	0.701420
0.903000	0.693320
0.567000	0.631860
-0.145000	0.156240
-0.823000	-0.327760
-1.470000	-1.204400
-1.920000	-1.159000
-1.210000	-2.310500
-0.357000	-0.023936
0.476000	0.258270
0.939000	0.476150
1.150000	0.840670
1.320000	1.052500
1.170000	0.999600
0.913000	0.867570
0.408000	0.608970
-0.364000	0.064028
-1.100000	-0.470550
-1.800000	-0.633050
-1.870000	-2.676300
-0.936000	-0.782610
0.387000	0.368650
0.808000	0.531120
1.040000	0.707140
1.150000	0.830420
0.953000	0.880190
0.579000	0.806010
0.138000	0.557730
-0.493000	0.079225
-1.190000	-0.413130
-1.830000	-1.235800
-1.750000	-1.907500
-0.041000	0.093611
0.647000	0.354390
0.901000	0.495870
1.030000	0.647260
0.932000	0.811680
1.200000	0.911140
0.770000	0.804780
0.376000	0.692780
-0.295000	0.020100
-1.050000	-0.720030
-1.390000	-1.307600
-1.590000	-2.538800
-0.541000	-0.801240
0.214000	0.308240
0.739000	0.491040
