0.861000	0.693520
1.060000	1.330200
1.130000	0.922910
0.918000	0.645140
0.431000	0.165280
-0.077500	0.037275
-1.120000	-0.826190
-1.710000	-0.937770
-1.230000	-1.414900
-0.243000	-1.007800
0.475000	0.709360
0.781000	0.729350
1.250000	0.741530
1.060000	0.746070
0.964000	0.587800
0.724000	0.459380
0.122000	-0.414400
-0.601000	-0.737630
-1.200000	-1.193400
-1.550000	-1.075800
-0.919000	-1.271200
-0.180000	-0.109880
0.623000	0.420390
1.070000	0.778700
1.130000	0.841510
1.050000	0.921550
1.070000	0.673720
0.740000	0.369770
0.041300	-0.232690
-0.599000	-0.474720
-1.310000	-1.004900
-1.720000	-1.574800
-1.200000	-1.492700
-0.385000	-0.550400
0.444000	0.265160
0.863000	0.738890
1.110000	1.296000
1.010000	0.989830
1.030000	1.478200
0.658000	0.592420
0.157000	0.062099
-0.614000	-0.297330
-1.220000	-0.714800
-1.740000	-1.127500
-1.260000	-1.986300
-0.297000	-0.264880
0.346000	0.318310
1.100000	0.596370
1.100000	0.671940
0.836000	0.576820
0.941000	0.691670
0.606000	0.325190
0.060800	-0.200540
-0.787000	-0.659780
-1.420000	-1.027800
-1.820000	-1.150200
-1.160000	-2.120400
-0.409000	-0.547060
0.290000	0.421540
1.050000	0.660380
0.842000	1.195200
0.708000	1.682600
0.795000	1.207400
0.823000	0.441240
0.315000	0.097898
-0.556000	-0.318330
-1.220000	-0.725980
-1.810000	-0.926840
-1.610000	-1.617800
0.048100	-0.104960
0.763000	0.620920
0.849000	0.617040
0.850000	0.947320
0.763000	0.712800
0.920000	0.813240
0.547000	0.293760
-0.245000	-0.239970
-0.946000	-0.591110
-1.570000	-1.217800
-1.910000	-1.184100
-1.060000	-1.980600
-0.414000	-0.089250
0.460000	0.368480
1.040000	0.829510
1.200000	1.300700
1.240000	1.255000
1.090000	1.028300
0.780000	0.397800
0.313000	0.123650
-0.559000	-0.315620
-1.290000	-0.700530
-1.840000	-0.812020
-1.680000	-2.254500
-0.865000	-0.640020
0.478000	0.737100
0.750000	0.813630
1.140000	1.118100
1.220000	1.140300
0.947000	1.147600
0.587000	0.361530
0.160000	0.093046
-0.546000	-0.238360
-1.280000	-0.657680
-1.860000	-1.243900
-1.620000	-1.691400
-0.101000	-0.045548
0.594000	0.727750
0.849000	0.745230
0.996000	1.108200
0.782000	0.997230
1.050000	1.235600
0.762000	0.528340
0.306000	0.195000
-0.452000	-0.351650
-1.200000	-0.872730
-1.560000	-1.295900
-1.550000	-2.155100
-0.586000	-0.799670
0.216000	0.356290
0.804000	0.790880
