0.656000	0.863310
0.686000	1.140600
0.900000	1.091200
0.782000	0.989870
0.278000	0.501540
-0.087500	-0.027652
-1.160000	-1.153600
-1.730000	-0.808930
-1.170000	-1.161300
-0.404000	-0.890850
0.487000	0.643620
0.987000	0.794160
1.120000	1.149100
1.260000	1.091200
1.090000	0.992330
0.806000	0.869010
0.291000	-0.163790
-0.347000	-0.680910
-1.130000	-1.032400
-1.550000	-0.937240
-1.190000	-1.335100
-0.301000	0.011000
0.521000	0.683500
0.998000	0.758890
0.990000	0.991610
1.150000	1.044400
1.100000	1.109300
0.829000	0.822200
0.258000	0.116200
-0.372000	-0.404990
-1.060000	-1.156200
-1.630000	-1.579600
-1.280000	-1.259300
-0.613000	-0.535060
0.371000	0.331010
0.904000	0.606380
1.280000	0.868250
1.200000	0.689780
0.838000	1.235600
0.925000	0.773180
0.430000	-0.144860
-0.272000	-0.592300
-0.952000	-1.009600
-1.590000	-1.150600
-1.410000	-1.997000
-0.363000	-0.263710
0.545000	0.562450
0.937000	0.844020
1.060000	0.875310
1.060000	0.986170
0.996000	0.894510
0.791000	0.637230
0.203000	0.022516
-0.568000	-0.625060
-1.320000	-1.256600
-1.810000	-1.110000
-1.620000	-2.242800
-0.803000	-0.468090
0.080600	0.297650
0.722000	0.645400
0.887000	1.048400
1.110000	1.211600
0.979000	1.025600
0.825000	0.666580
0.399000	0.026599
-0.332000	-0.578520
-1.080000	-0.841960
-1.810000	-1.176100
-1.620000	-1.809000
-0.364000	-0.071451
0.761000	0.696920
1.120000	0.774520
0.476000	0.860120
1.050000	0.721650
0.885000	0.956990
0.760000	0.633860
0.204000	-0.290310
-0.451000	-0.740020
-1.140000	-1.444600
-1.720000	-1.392500
-1.300000	-1.738400
-0.326000	0.183140
0.412000	0.347050
1.020000	0.774940
0.556000	1.004200
1.150000	1.046200
0.808000	1.047400
0.595000	0.310060
0.124000	0.054212
-0.551000	-0.556220
-1.270000	-0.986980
-1.860000	-1.025900
-1.760000	-2.210300
-0.839000	-0.640000
0.542000	0.438560
0.898000	0.659400
1.080000	1.063500
1.080000	1.127300
0.894000	1.063900
0.601000	0.292590
0.152000	0.087116
-0.503000	-0.354690
-1.290000	-1.040600
-1.880000	-1.460300
-1.870000	-1.694600
-0.593000	-0.222960
0.684000	0.226810
0.911000	0.744620
0.932000	0.953360
0.836000	1.082700
0.816000	1.165300
0.673000	0.588700
0.227000	0.267900
-0.393000	-0.504540
-1.170000	-0.997300
-1.710000	-1.400700
-1.750000	-1.952500
-0.953000	-0.804240
0.399000	0.075468
0.897000	0.762560
