1.110000	0.962610
0.984000	1.222500
1.220000	1.188800
0.922000	1.035900
0.384000	0.358470
-0.248000	-0.301450
-1.340000	-1.352600
-1.550000	-0.849470
-0.934000	-1.011000
-0.342000	-0.662840
0.280000	0.565670
0.706000	0.810630
1.280000	1.177700
0.976000	1.117700
0.992000	1.033400
0.718000	0.805900
0.254000	-0.318630
-0.781000	-0.972750
-1.300000	-1.229300
-1.330000	-1.007300
-0.931000	-1.254300
-0.410000	0.067924
0.313000	0.621550
1.230000	0.770690
1.180000	1.075800
1.020000	1.113900
1.140000	1.155100
0.870000	0.768630
0.087800	-0.070411
-0.768000	-0.677200
-1.320000	-1.405900
-1.570000	-1.612100
-1.170000	-1.106500
-0.449000	-0.374620
0.895000	0.328980
0.892000	0.558290
1.280000	0.864970
0.853000	0.787740
1.170000	1.294500
0.775000	0.770520
0.143000	-0.295610
-0.821000	-0.857140
-1.320000	-1.245300
-1.560000	-1.147600
-1.200000	-1.753200
-0.316000	-0.202060
0.422000	0.547700
0.985000	0.820410
1.130000	0.927000
1.070000	1.059000
0.926000	0.970610
0.624000	0.671840
-0.056500	-0.061782
-1.030000	-0.802810
-1.500000	-1.424200
-1.570000	-1.098900
-1.220000	-1.916700
-0.557000	-0.259240
0.312000	0.342210
0.870000	0.550770
1.060000	1.004000
1.070000	1.314300
0.835000	1.098200
0.740000	0.665320
0.276000	-0.120910
-0.665000	-0.784400
-1.350000	-1.020800
-1.560000	-1.226200
-1.260000	-1.584700
0.142000	-0.020333
0.693000	0.620860
0.705000	0.742400
0.811000	0.900820
0.936000	0.802030
1.100000	1.019800
0.644000	0.563750
-0.390000	-0.435390
-1.170000	-1.016300
-1.530000	-1.643200
-1.700000	-1.468300
-1.280000	-1.478100
-0.446000	0.201980
0.339000	0.307690
1.140000	0.636350
1.050000	1.012900
0.922000	1.207300
0.822000	1.137700
0.872000	0.371970
0.349000	0.026392
-0.706000	-0.743240
-1.430000	-1.160800
-1.710000	-1.053100
-1.540000	-1.835400
-0.982000	-0.314490
0.149000	0.412790
0.784000	0.582530
0.917000	1.115700
1.380000	1.191400
0.992000	1.089800
0.658000	0.335500
0.182000	-0.002658
-0.556000	-0.556080
-1.470000	-1.264300
-1.770000	-1.435800
-1.370000	-1.387600
-0.078000	-0.056039
0.616000	0.280850
1.110000	0.756730
1.090000	0.988030
0.778000	1.214100
0.800000	1.309900
0.783000	0.708730
0.431000	0.281260
-0.405000	-0.674000
-1.380000	-1.107800
-1.500000	-1.342700
-1.470000	-1.569600
-0.730000	-0.507120
0.044500	0.134050
0.776000	0.697710
