1.340000	0.837490
1.520000	1.543800
1.580000	1.437200
0.915000	1.114000
0.355000	0.458550
0.082200	0.088128
-0.841000	-0.768570
-1.420000	-0.864990
-1.320000	-1.300100
-0.663000	-1.011500
0.275000	0.345890
0.971000	0.571620
0.904000	0.769000
1.050000	0.901370
0.976000	0.792800
0.559000	0.561490
0.017100	-0.340740
-0.599000	-0.814220
-1.150000	-1.246400
-1.620000	-1.179200
-1.510000	-1.379100
-0.589000	-0.429620
-0.146000	0.025302
0.599000	0.540750
0.998000	0.921960
1.070000	1.116400
0.873000	0.911050
0.700000	0.528290
0.186000	-0.169910
-0.338000	-0.564520
-0.886000	-1.124000
-1.550000	-1.583100
-1.680000	-1.495500
-1.050000	-0.777030
-0.104000	-0.141620
0.677000	0.295590
1.340000	0.967210
1.200000	1.043400
1.510000	1.508700
1.020000	0.801390
0.406000	0.137300
-0.129000	-0.343270
-0.660000	-0.784120
-1.280000	-1.099200
-1.310000	-1.819300
-0.722000	-0.512160
-0.026900	-0.031048
0.544000	0.385610
0.935000	0.686960
1.190000	0.754790
1.110000	0.855240
0.694000	0.463470
-0.046900	-0.185010
-0.729000	-0.755540
-1.280000	-1.198100
-1.750000	-1.269900
-1.910000	-2.051400
-1.620000	-0.805850
-0.946000	-0.049030
0.371000	0.332990
1.230000	1.089400
1.270000	1.842100
1.120000	1.593000
0.791000	0.826290
0.221000	0.263670
-0.330000	-0.274700
-0.823000	-0.704830
-1.460000	-0.939720
-1.540000	-1.499100
-0.637000	-0.317990
0.223000	0.258770
0.954000	0.397310
1.130000	0.850530
1.090000	0.828200
1.070000	0.910690
0.765000	0.386880
0.164000	-0.253370
-0.403000	-0.719510
-0.970000	-1.310700
-1.460000	-1.305700
-1.520000	-1.869100
-0.588000	-0.444120
0.082800	-0.086140
0.691000	0.459040
0.627000	1.380500
1.470000	1.730100
1.080000	1.475000
0.629000	0.786270
0.192000	0.366430
-0.374000	-0.235620
-0.951000	-0.679880
-1.440000	-0.813490
-1.630000	-1.956800
-0.919000	-0.716080
-0.043600	0.308440
0.972000	0.546950
1.180000	1.098000
1.190000	1.308500
1.060000	1.354300
0.616000	0.675470
0.187000	0.243760
-0.288000	-0.221930
-0.893000	-0.719830
-1.490000	-1.189600
-1.610000	-1.522200
-0.544000	-0.291090
0.299000	0.287580
0.822000	0.501550
0.798000	0.981330
1.290000	1.205800
1.190000	1.518100
0.908000	0.958320
0.474000	0.472990
-0.088400	-0.248540
-0.760000	-0.788440
-1.300000	-1.185000
-1.520000	-1.856700
-0.970000	-0.850360
-0.127000	0.006625
0.782000	0.485090
