1.210000	0.815760
1.220000	1.274200
1.370000	1.111600
0.902000	0.885760
0.571000	0.358670
0.138000	0.063125
-0.805000	-0.954880
-1.570000	-0.943160
-1.380000	-1.383800
-0.431000	-0.953360
0.669000	0.567510
1.020000	0.705050
0.551000	0.819840
0.878000	0.853690
0.834000	0.727160
0.619000	0.568850
0.078400	-0.360580
-0.481000	-0.858230
-1.030000	-1.331700
-1.370000	-1.127800
-1.010000	-1.351200
-0.112000	-0.063508
0.622000	0.371690
1.290000	0.705730
1.230000	0.903400
1.150000	0.993210
0.972000	0.839860
0.712000	0.533460
0.263000	-0.154070
-0.239000	-0.539410
-0.893000	-1.183800
-1.470000	-1.708800
-1.420000	-1.485400
-0.771000	-0.499710
0.401000	0.255900
1.100000	0.571410
1.360000	1.012700
1.070000	0.961970
0.852000	1.311900
0.864000	0.723930
0.273000	0.139370
-0.254000	-0.370270
-0.926000	-0.849520
-1.510000	-1.159800
-1.590000	-2.040300
-0.551000	-0.213150
0.203000	0.333410
0.845000	0.592800
1.160000	0.749440
0.651000	0.760240
1.070000	0.820570
0.624000	0.517040
0.100000	-0.078463
-0.370000	-0.706930
-1.100000	-1.224500
-1.620000	-1.185100
-1.640000	-2.198000
-0.908000	-0.418820
0.248000	0.348670
0.823000	0.543110
0.897000	1.021700
0.958000	1.497900
0.803000	1.232000
0.761000	0.670390
0.273000	0.205380
-0.394000	-0.349270
-1.060000	-0.797420
-1.710000	-0.987430
-1.900000	-1.645100
-0.794000	-0.022148
0.928000	0.519100
1.140000	0.591910
0.973000	0.882080
0.725000	0.794490
0.981000	0.870670
0.674000	0.442370
-0.036600	-0.202050
-0.646000	-0.710660
-1.300000	-1.417800
-1.850000	-1.309500
-1.730000	-1.994200
-0.532000	-0.044094
0.204000	0.289780
1.030000	0.632310
1.130000	1.164600
1.260000	1.331700
0.836000	1.148000
0.729000	0.627160
0.306000	0.288910
-0.305000	-0.332000
-1.070000	-0.789580
-1.690000	-0.832800
-1.890000	-2.264900
-0.804000	-0.541900
0.057800	0.553050
0.596000	0.667110
0.852000	1.044200
0.665000	1.128500
1.160000	1.121700
0.650000	0.567530
0.169000	0.218330
-0.352000	-0.266830
-1.050000	-0.787640
-1.740000	-1.310900
-2.000000	-1.659100
-0.457000	0.050344
0.458000	0.555110
0.982000	0.681230
0.390000	0.984430
1.000000	1.077200
1.080000	1.267200
0.669000	0.753550
0.271000	0.414320
-0.338000	-0.347930
-1.040000	-0.932480
-1.660000	-1.332900
-1.840000	-2.119700
-0.898000	-0.674310
0.070000	0.321900
0.924000	0.660050
