1.110000	0.748190
1.270000	1.412200
1.410000	1.187400
0.991000	0.903940
0.683000	0.396650
0.345000	0.189610
-0.754000	-0.723630
-1.590000	-0.903110
-1.320000	-1.440100
-0.652000	-1.101100
0.189000	0.521900
0.810000	0.630450
0.822000	0.726500
0.892000	0.812580
0.904000	0.676560
0.658000	0.528080
0.125000	-0.325790
-0.458000	-0.704160
-1.040000	-1.204900
-1.320000	-1.134500
-1.360000	-1.380900
-0.437000	-0.293730
0.587000	0.203080
1.100000	0.635160
1.490000	0.853810
1.170000	1.004000
0.957000	0.782260
0.731000	0.475250
0.255000	-0.138970
-0.230000	-0.438910
-0.930000	-1.006700
-1.510000	-1.612300
-1.490000	-1.584000
-1.020000	-0.717770
0.186000	0.050907
0.946000	0.498180
1.400000	1.092400
1.240000	1.004100
0.991000	1.448400
0.881000	0.722840
0.308000	0.208410
-0.260000	-0.204740
-0.896000	-0.666660
-1.350000	-1.125600
-1.320000	-2.023000
-0.517000	-0.399780
0.202000	0.126750
0.738000	0.473170
0.990000	0.662920
0.702000	0.652300
1.100000	0.764180
0.696000	0.408550
0.175000	-0.144890
-0.407000	-0.656660
-1.220000	-1.086100
-1.660000	-1.234300
-1.860000	-2.235900
-1.230000	-0.732910
-0.206000	0.157170
0.593000	0.500020
0.850000	1.124800
1.020000	1.720000
0.996000	1.404300
0.837000	0.685570
0.396000	0.283600
-0.309000	-0.195020
-0.966000	-0.654710
-1.570000	-0.907900
-1.730000	-1.641800
-0.867000	-0.211480
0.683000	0.430270
0.933000	0.495840
0.889000	0.873740
0.738000	0.765500
0.856000	0.842040
0.579000	0.380090
-0.071500	-0.171140
-0.678000	-0.567050
-1.300000	-1.226200
-1.770000	-1.235400
-1.670000	-2.066900
-0.649000	-0.292160
-0.055600	0.133170
0.788000	0.644920
1.000000	1.331100
1.240000	1.480700
0.921000	1.256500
0.820000	0.652120
0.395000	0.317710
-0.237000	-0.179120
-0.970000	-0.618520
-1.560000	-0.787580
-1.770000	-2.271400
-0.932000	-0.782010
0.058800	0.507540
0.953000	0.683180
0.908000	1.073000
0.511000	1.200700
1.420000	1.246200
0.603000	0.576360
0.105000	0.246140
-0.426000	-0.145240
-1.120000	-0.599550
-1.720000	-1.227900
-1.810000	-1.725400
-0.422000	-0.188380
0.476000	0.485470
0.894000	0.599290
0.803000	1.011300
1.120000	1.068400
1.280000	1.341200
0.803000	0.763050
0.318000	0.391900
-0.364000	-0.213910
-1.020000	-0.793170
-1.480000	-1.267700
-1.690000	-2.177400
-0.940000	-0.908720
0.264000	0.176350
1.030000	0.626940
