0.754000	0.738630
1.210000	1.128200
1.040000	1.347800
0.989000	1.196800
0.650000	0.860400
0.145000	0.591140
-0.690000	-0.498220
-1.370000	-0.761830
-1.240000	-1.423600
-0.921000	-1.169700
0.010200	0.198070
0.514000	0.412000
0.729000	0.612830
1.030000	0.801440
1.290000	0.720680
0.679000	0.635910
0.029200	-0.047423
-0.652000	-0.514280
-1.270000	-1.127200
-1.680000	-1.065000
-1.730000	-1.453600
-1.180000	-0.361580
-0.298000	-0.035679
1.090000	0.334740
1.240000	0.721750
1.170000	0.928260
1.110000	0.855930
0.785000	0.683860
0.132000	0.165450
-0.321000	-0.210220
-1.070000	-0.882130
-1.630000	-1.608400
-1.750000	-1.621600
-1.460000	-0.788000
0.006470	-0.103020
0.543000	0.091654
1.540000	0.454110
1.030000	0.804250
0.968000	0.943940
0.722000	0.876000
0.126000	0.606620
-0.382000	0.100250
-0.940000	-0.459960
-1.350000	-1.021300
-1.350000	-2.104700
-0.674000	-0.389080
-0.167000	-0.018843
0.726000	0.291100
1.150000	0.592440
0.970000	0.736140
1.100000	0.788500
0.724000	0.611830
0.185000	0.145480
-0.345000	-0.472200
-0.933000	-1.075700
-1.380000	-1.191200
-1.600000	-2.425800
-1.200000	-0.742000
-0.414000	-0.146060
0.701000	0.240200
1.030000	0.711440
0.974000	1.198800
1.290000	1.332100
1.050000	1.062900
0.370000	0.704700
-0.389000	0.128380
-1.040000	-0.434060
-1.520000	-0.757170
-1.710000	-1.653000
-0.764000	-0.155210
0.862000	0.146840
0.841000	0.307410
0.819000	0.579760
1.060000	0.745140
1.070000	0.736440
0.485000	0.613330
-0.159000	0.120200
-0.647000	-0.358730
-1.180000	-1.143900
-1.610000	-1.175200
-1.540000	-2.184800
-0.937000	-0.375040
-0.232000	-0.102980
0.412000	0.267650
0.992000	0.994910
1.230000	1.421000
1.110000	1.315100
0.848000	1.061000
0.369000	0.715950
-0.148000	0.149830
-0.813000	-0.386320
-1.360000	-0.614080
-1.590000	-2.382000
-1.010000	-0.912690
0.230000	0.099308
0.940000	0.382430
1.200000	0.730290
1.180000	0.981900
1.110000	1.076000
0.615000	0.948040
0.195000	0.608620
-0.279000	0.115060
-0.844000	-0.376560
-1.380000	-1.131600
-1.570000	-1.762800
-0.498000	-0.193170
0.310000	0.066997
0.790000	0.312780
1.470000	0.607550
1.120000	0.938730
1.270000	1.136100
1.020000	1.037700
0.468000	0.794560
-0.088800	0.113530
-0.833000	-0.596600
-1.170000	-1.172100
-1.380000	-2.275500
-0.628000	-0.925560
0.352000	0.012152
1.170000	0.296520
