0.831000	0.747710
1.710000	1.872700
1.880000	1.667300
1.290000	1.188300
0.574000	0.395170
0.191000	0.028349
-0.596000	-0.429740
-0.852000	-0.701960
-1.060000	-1.083800
-0.915000	-1.020100
0.335000	0.126860
1.440000	0.387990
0.896000	0.628310
0.780000	0.855320
0.457000	0.757790
-0.141000	0.444350
-0.403000	-0.353960
-0.753000	-0.660500
-1.010000	-0.966190
-1.180000	-1.138900
-1.220000	-1.255000
-1.140000	-0.920810
-0.904000	-0.395110
0.008600	0.350550
0.345000	0.871210
1.110000	1.182700
0.381000	0.856900
-0.206000	0.374030
-0.644000	-0.261820
-0.929000	-0.563040
-1.190000	-0.888520
-1.430000	-1.210700
-1.490000	-1.375800
-1.500000	-1.117700
-1.280000	-0.660740
-0.331000	0.029110
0.901000	1.062000
1.130000	1.114400
1.730000	1.828400
1.100000	0.759830
0.203000	0.007244
-0.324000	-0.306430
-0.719000	-0.608760
-1.060000	-0.926530
-1.160000	-1.313800
-1.020000	-0.921420
-0.812000	-0.520360
0.365000	0.101120
0.637000	0.523190
0.811000	0.593790
0.788000	0.773930
0.683000	0.229460
-0.223000	-0.426170
-0.658000	-0.772770
-0.938000	-0.976590
-1.220000	-1.275400
-1.330000	-1.604500
-1.410000	-1.346300
-0.484000	-0.523820
1.120000	0.109400
2.150000	1.249400
1.920000	2.349100
1.820000	1.970900
1.240000	0.808010
0.568000	0.194320
-0.201000	-0.198130
-0.634000	-0.524840
-1.010000	-0.800080
-1.160000	-1.157400
-0.981000	-0.761020
-0.363000	-0.030469
0.319000	0.138590
1.090000	0.817720
1.080000	0.772860
0.610000	0.888460
0.529000	0.172200
0.008650	-0.378410
-0.402000	-0.658500
-0.809000	-0.976700
-1.170000	-1.149800
-1.270000	-1.501300
-1.050000	-0.974740
-0.829000	-0.533610
0.195000	0.335750
2.060000	1.691200
1.730000	2.122100
1.180000	1.751000
0.571000	0.761160
-0.019700	0.292850
-0.468000	-0.138630
-0.909000	-0.476220
-1.250000	-0.746740
-1.320000	-1.329700
-1.160000	-0.926770
0.288000	0.088784
0.981000	0.451040
1.360000	1.180000
1.250000	1.501600
1.210000	1.614100
0.773000	0.605180
0.207000	0.133540
-0.183000	-0.177460
-0.595000	-0.554100
-0.849000	-0.910460
-1.150000	-1.209700
-0.849000	-0.802070
-0.085500	0.027860
0.504000	0.287420
1.190000	1.024100
1.340000	1.277100
1.410000	1.770100
1.140000	1.014800
0.936000	0.341390
0.357000	-0.152950
-0.303000	-0.529670
-0.855000	-0.879440
-1.010000	-1.321600
-0.890000	-1.086600
-0.430000	-0.403760
1.070000	0.317930
