0.641000	0.837990
1.050000	1.445600
1.090000	1.430900
1.030000	1.178600
0.623000	0.588300
0.227000	0.143980
-0.621000	-0.785610
-1.380000	-0.791440
-1.300000	-1.237800
-0.826000	-1.031100
-0.116000	0.349380
0.408000	0.577010
0.599000	0.874480
1.050000	0.984270
1.160000	0.890280
0.676000	0.696350
0.040500	-0.209820
-0.653000	-0.679190
-1.430000	-1.093500
-1.950000	-1.087700
-2.000000	-1.393300
-1.490000	-0.417020
-0.598000	0.125310
0.788000	0.523930
1.180000	0.925720
1.040000	1.114700
0.980000	1.012800
0.734000	0.669170
0.184000	-0.003351
-0.319000	-0.444050
-1.070000	-1.059300
-1.690000	-1.528500
-1.780000	-1.438100
-1.470000	-0.822310
-0.092300	-0.129660
0.539000	0.269490
1.480000	0.838420
1.070000	0.901560
1.090000	1.410200
0.753000	0.837440
0.241000	0.100870
-0.294000	-0.349120
-0.853000	-0.782670
-1.340000	-1.083600
-1.330000	-1.850600
-0.653000	-0.538230
-0.161000	0.041471
0.794000	0.462770
1.040000	0.717600
1.020000	0.837470
1.140000	0.873200
0.717000	0.526810
0.245000	-0.099392
-0.362000	-0.674630
-0.896000	-1.181900
-1.440000	-1.237300
-1.550000	-2.141000
-1.070000	-0.856430
-0.236000	-0.109250
0.731000	0.356390
0.996000	1.057100
0.932000	1.655200
1.180000	1.493400
1.080000	0.868140
0.508000	0.268690
-0.264000	-0.290590
-1.030000	-0.667470
-1.670000	-0.984570
-1.920000	-1.596700
-0.621000	-0.336730
0.485000	0.305060
0.846000	0.449270
0.896000	0.801070
0.861000	0.785200
1.020000	0.920140
0.562000	0.497010
-0.070200	-0.229250
-0.603000	-0.662200
-1.210000	-1.279500
-1.630000	-1.317100
-1.390000	-1.827200
-0.829000	-0.369840
-0.006570	-0.084727
0.610000	0.490550
0.941000	1.278000
1.300000	1.588100
1.220000	1.427800
0.973000	0.704320
0.541000	0.328830
-0.033200	-0.252040
-0.648000	-0.699410
-1.260000	-0.860940
-1.550000	-2.008000
-0.983000	-0.818350
0.338000	0.222430
1.160000	0.521040
1.140000	1.056100
1.100000	1.270900
1.030000	1.307000
0.655000	0.608230
0.294000	0.250820
-0.196000	-0.192780
-0.815000	-0.753280
-1.450000	-1.237900
-1.640000	-1.587700
-0.358000	-0.419110
0.509000	0.107670
0.883000	0.490230
1.300000	0.916380
1.110000	1.170800
1.350000	1.431300
1.020000	0.908390
0.506000	0.462550
0.087000	-0.242530
-0.746000	-0.772390
-0.976000	-1.208200
-1.370000	-1.865400
-0.592000	-0.946690
0.039300	-0.113190
1.010000	0.495410
