1.090000	0.794980
1.280000	1.424500
1.230000	1.331100
0.870000	1.054100
0.484000	0.506910
0.176000	0.211340
-0.769000	-0.720700
-1.440000	-0.870780
-1.410000	-1.384800
-0.741000	-1.075700
0.361000	0.394150
0.931000	0.574900
0.899000	0.735510
0.962000	0.858100
1.050000	0.743220
0.775000	0.568000
0.304000	-0.287590
-0.267000	-0.732100
-0.889000	-1.225300
-1.440000	-1.150700
-1.550000	-1.402700
-0.544000	-0.356400
0.235000	0.092955
0.700000	0.549420
1.030000	0.869720
1.250000	1.047500
1.040000	0.860820
0.871000	0.541960
0.379000	-0.100710
-0.119000	-0.462060
-0.731000	-1.052900
-1.380000	-1.616600
-1.530000	-1.559900
-0.984000	-0.751320
0.161000	-0.050184
0.854000	0.345350
1.430000	0.930000
1.330000	0.992180
1.170000	1.391000
0.997000	0.790180
0.459000	0.245810
-0.110000	-0.221360
-0.649000	-0.695970
-1.200000	-1.106500
-1.350000	-1.965500
-0.695000	-0.441280
0.112000	0.043040
0.656000	0.412370
0.967000	0.670610
0.871000	0.722530
1.070000	0.817300
0.691000	0.477050
0.133000	-0.109200
-0.613000	-0.675220
-1.290000	-1.148900
-1.890000	-1.249900
-2.060000	-2.204900
-1.720000	-0.757120
-0.736000	0.023971
0.244000	0.387190
0.892000	1.040500
1.150000	1.684700
1.060000	1.477200
0.832000	0.818580
0.403000	0.347620
-0.239000	-0.181990
-0.853000	-0.650020
-1.560000	-0.906500
-1.780000	-1.594700
-0.792000	-0.240710
0.419000	0.312980
1.020000	0.428150
1.040000	0.819230
1.040000	0.797000
0.974000	0.861720
0.754000	0.430310
0.169000	-0.158680
-0.395000	-0.608690
-0.995000	-1.268000
-1.530000	-1.269200
-1.680000	-2.014300
-0.598000	-0.363640
0.224000	0.004162
0.824000	0.501590
0.891000	1.296200
1.290000	1.584200
0.962000	1.367500
0.747000	0.787060
0.321000	0.410460
-0.301000	-0.154760
-0.892000	-0.617800
-1.470000	-0.776930
-1.810000	-2.171200
-0.959000	-0.770830
-0.117000	0.354670
1.100000	0.575230
1.010000	1.030800
0.868000	1.215600
1.110000	1.267600
0.672000	0.689560
0.204000	0.309660
-0.318000	-0.140030
-0.950000	-0.626940
-1.540000	-1.208100
-1.830000	-1.653800
-0.718000	-0.224120
0.096400	0.332320
0.893000	0.514800
0.545000	0.933880
1.170000	1.114800
1.110000	1.389800
0.832000	0.902750
0.402000	0.502700
-0.204000	-0.179600
-0.837000	-0.769650
-1.410000	-1.228100
-1.760000	-2.069100
-1.010000	-0.882080
-0.275000	0.081563
0.855000	0.513230
