1.010000	0.836180
0.855000	1.236200
0.916000	1.092200
0.770000	0.880240
0.297000	0.336680
-0.055400	0.005714
-1.110000	-1.027100
-1.690000	-0.947670
-1.210000	-1.343600
-0.478000	-0.890210
0.557000	0.571540
1.030000	0.722900
1.070000	0.847380
1.190000	0.865510
1.040000	0.743770
0.792000	0.576170
0.289000	-0.376080
-0.346000	-0.911230
-1.090000	-1.364000
-1.520000	-1.120400
-1.200000	-1.327600
-0.349000	0.000577
0.462000	0.413680
0.933000	0.721720
1.080000	0.918860
1.180000	0.990890
1.070000	0.857810
0.833000	0.545510
0.258000	-0.167130
-0.349000	-0.580710
-1.030000	-1.239900
-1.610000	-1.721100
-1.310000	-1.433600
-0.633000	-0.429710
0.416000	0.307120
0.906000	0.584090
1.330000	0.984950
1.250000	0.947820
0.863000	1.274100
0.909000	0.719650
0.442000	0.101500
-0.260000	-0.436240
-0.904000	-0.912540
-1.560000	-1.160500
-1.390000	-2.010000
-0.389000	-0.161500
0.458000	0.386810
0.879000	0.622730
1.050000	0.773070
0.992000	0.792450
0.985000	0.836750
0.781000	0.545200
0.183000	-0.067113
-0.582000	-0.727960
-1.340000	-1.265000
-1.770000	-1.162600
-1.680000	-2.147800
-0.992000	-0.322110
0.085500	0.397490
0.594000	0.545660
0.907000	0.987670
1.050000	1.436700
1.010000	1.182600
0.845000	0.660590
0.417000	0.167250
-0.325000	-0.408040
-1.070000	-0.843770
-1.760000	-1.009200
-1.630000	-1.620300
-0.408000	0.027909
0.761000	0.536390
1.140000	0.613830
0.599000	0.882110
1.040000	0.801370
0.819000	0.879270
0.748000	0.452510
0.203000	-0.223070
-0.450000	-0.765320
-1.120000	-1.472900
-1.670000	-1.327300
-1.430000	-1.935800
-0.448000	0.024570
0.344000	0.325650
0.997000	0.618150
0.657000	1.113800
1.190000	1.292900
0.810000	1.118300
0.651000	0.613450
0.210000	0.271070
-0.473000	-0.388930
-1.200000	-0.845960
-1.810000	-0.845460
-1.800000	-2.216200
-0.844000	-0.453930
0.493000	0.557550
0.963000	0.653330
1.030000	1.036000
1.100000	1.108900
0.864000	1.084700
0.616000	0.557730
0.148000	0.198550
-0.493000	-0.314380
-1.260000	-0.853460
-1.830000	-1.324400
-1.900000	-1.607300
-0.637000	0.116930
0.668000	0.567460
0.869000	0.700400
0.919000	0.974740
0.842000	1.083500
0.745000	1.250500
0.600000	0.751310
0.250000	0.413590
-0.395000	-0.397180
-1.160000	-0.971890
-1.740000	-1.337300
-1.750000	-2.056200
-0.974000	-0.590260
0.303000	0.355910
0.870000	0.662010
