1.360000	0.588530
1.510000	0.618030
1.410000	0.618030
0.845000	0.615510
0.329000	0.534580
0.051400	0.481470
-0.836000	-0.709720
-1.360000	-0.823520
-1.300000	-1.449900
-0.815000	-0.994650
0.307000	0.607080
0.951000	0.607920
0.980000	0.612130
1.070000	0.609600
1.050000	0.492430
0.672000	0.545540
0.225000	-0.102740
-0.359000	-0.494750
-0.927000	-1.112700
-1.430000	-0.868200
-1.500000	-1.247600
-0.766000	0.249640
-0.283000	0.557340
0.682000	0.610450
1.020000	0.605390
1.140000	0.618030
0.954000	0.595270
0.842000	0.561550
0.330000	0.139200
-0.200000	-0.128030
-0.782000	-0.831110
-1.440000	-1.618500
-1.620000	-1.466700
-1.180000	-0.286520
-0.277000	0.561550
0.619000	0.610450
1.420000	0.617190
1.320000	0.616350
1.420000	0.618030
1.030000	0.616350
0.462000	0.518560
-0.113000	0.072519
-0.627000	-0.474510
-1.200000	-1.019900
-1.330000	-2.259200
-0.860000	0.111380
-0.066900	0.574200
0.457000	0.608760
0.890000	0.612130
1.010000	0.603700
1.110000	0.609600
0.724000	0.563240
0.060500	0.251320
-0.651000	-0.335420
-1.210000	-0.944070
-1.670000	-0.935640
-1.900000	-2.419400
-1.650000	-0.098529
-0.939000	0.551440
0.215000	0.615510
1.350000	0.618030
1.370000	0.618030
1.130000	0.618030
0.779000	0.614660
0.273000	0.496640
-0.297000	0.002785
-0.830000	-0.521720
-1.430000	-0.746810
-1.510000	-1.736500
-0.675000	0.306120
0.180000	0.606230
0.871000	0.612130
1.250000	0.612980
1.120000	0.591900
1.060000	0.585160
0.823000	0.585160
0.241000	0.172920
-0.341000	-0.267130
-0.934000	-1.138000
-1.390000	-1.028400
-1.570000	-2.191700
-0.825000	0.293470
0.070600	0.556490
0.742000	0.615510
0.903000	0.618030
1.340000	0.616350
1.040000	0.616350
0.654000	0.607080
0.159000	0.451960
-0.419000	-0.019370
-0.992000	-0.498960
-1.480000	-0.586630
-1.710000	-2.672300
-1.110000	-0.587480
-0.127000	0.573350
1.010000	0.611290
1.260000	0.615510
1.030000	0.611290
0.926000	0.616350
0.593000	0.597800
0.186000	0.456180
-0.312000	0.039136
-0.886000	-0.404540
-1.440000	-1.205400
-1.600000	-1.846100
-0.839000	0.341530
0.214000	0.576730
0.849000	0.610450
0.844000	0.618030
1.110000	0.616350
1.170000	0.618030
0.827000	0.515190
0.415000	0.532050
-0.128000	-0.065735
-0.722000	-0.758610
-1.260000	-1.298100
-1.590000	-2.520500
-1.090000	-0.609400
-0.278000	0.543010
0.801000	0.616350
