0.286000	0.550680
1.020000	0.578290
1.110000	0.578290
1.240000	0.575920
0.792000	0.500200
0.173000	0.450500
-0.483000	-0.664070
-0.991000	-0.770560
-1.110000	-1.356600
-0.756000	-0.930690
-0.022000	0.568040
0.577000	0.568820
0.775000	0.572770
1.130000	0.570400
1.390000	0.460760
0.780000	0.510450
-0.068400	-0.096137
-0.648000	-0.462930
-1.020000	-1.041100
-1.390000	-0.812370
-1.530000	-1.167300
-1.220000	0.233580
-0.386000	0.521500
0.808000	0.571190
0.999000	0.566460
1.220000	0.578290
1.060000	0.556990
0.648000	0.525440
-0.002130	0.130250
-0.585000	-0.119800
-1.030000	-0.777660
-1.370000	-1.514400
-1.630000	-1.372400
-1.570000	-0.268100
-0.358000	0.525440
0.415000	0.571190
1.650000	0.577500
1.300000	0.576710
1.270000	0.578290
0.900000	0.576710
0.166000	0.485210
-0.379000	0.067856
-0.799000	-0.444000
-1.210000	-0.954350
-1.560000	-2.113900
-1.230000	0.104220
-0.611000	0.537270
0.608000	0.569610
1.390000	0.572770
1.190000	0.564880
1.120000	0.570400
0.887000	0.527020
0.106000	0.235160
-0.521000	-0.313850
-1.010000	-0.883360
-1.370000	-0.875470
-1.710000	-2.263800
-1.740000	-0.092192
-1.060000	0.515970
0.237000	0.575920
1.340000	0.578290
1.280000	0.578290
1.520000	0.578290
1.190000	0.575130
0.350000	0.464700
-0.275000	0.002606
-0.667000	-0.488170
-1.010000	-0.698780
-1.280000	-1.624800
-0.852000	0.286430
0.683000	0.567250
0.767000	0.572770
0.832000	0.573560
1.140000	0.553840
1.020000	0.547530
0.649000	0.547530
-0.142000	0.161800
-0.667000	-0.249950
-1.120000	-1.064800
-1.430000	-0.962240
-1.570000	-2.050800
-1.420000	0.274600
-0.748000	0.520710
0.244000	0.575920
0.584000	0.578290
1.490000	0.576710
1.380000	0.576710
0.782000	0.568040
0.237000	0.422900
-0.228000	-0.018124
-0.711000	-0.466870
-1.100000	-0.548910
-1.280000	-2.500400
-1.020000	-0.549700
-0.089000	0.536480
0.912000	0.571980
1.230000	0.575920
1.460000	0.571980
1.150000	0.576710
0.634000	0.559360
0.107000	0.426840
-0.318000	0.036619
-0.703000	-0.378530
-1.120000	-1.127900
-1.390000	-1.727400
-0.554000	0.319560
0.274000	0.539640
0.629000	0.571190
1.410000	0.578290
1.240000	0.576710
1.240000	0.578290
1.050000	0.482060
0.584000	0.497830
-0.059300	-0.061508
-0.725000	-0.709830
-1.070000	-1.214700
-1.270000	-2.358400
-0.900000	-0.570210
-0.393000	0.508090
0.822000	0.576710
