0.962000	0.824450
1.280000	1.424600
1.410000	1.348100
0.976000	1.072400
0.698000	0.489340
0.387000	0.148540
-0.685000	-0.788270
-1.550000	-0.877040
-1.210000	-1.345500
-0.470000	-1.021700
0.261000	0.386090
0.841000	0.589110
0.844000	0.766990
0.962000	0.881440
0.990000	0.771480
0.676000	0.577460
0.168000	-0.308640
-0.413000	-0.792110
-1.060000	-1.261700
-1.450000	-1.157400
-1.570000	-1.389800
-0.728000	-0.324520
0.279000	0.109580
0.821000	0.559890
1.550000	0.896230
0.978000	1.065400
0.850000	0.891400
0.705000	0.554770
0.278000	-0.121530
-0.201000	-0.514800
-0.930000	-1.116100
-1.600000	-1.630100
-1.760000	-1.517500
-1.430000	-0.707950
-0.082500	-0.031025
0.682000	0.342340
1.420000	0.913970
1.190000	0.995450
1.000000	1.388000
0.872000	0.796230
0.342000	0.201310
-0.215000	-0.294610
-0.819000	-0.764520
-1.370000	-1.111500
-1.370000	-1.926500
-0.555000	-0.418150
0.193000	0.068078
0.622000	0.430640
0.924000	0.695740
0.846000	0.759800
1.130000	0.843140
0.763000	0.501900
0.212000	-0.112630
-0.433000	-0.709740
-1.280000	-1.197600
-1.790000	-1.244100
-2.020000	-2.152000
-1.640000	-0.696890
-0.565000	0.043561
0.438000	0.377550
0.854000	1.025500
1.150000	1.673200
1.070000	1.470900
0.884000	0.822660
0.420000	0.308800
-0.274000	-0.243300
-0.867000	-0.698460
-1.520000	-0.934130
-1.670000	-1.566900
-0.799000	-0.218210
0.676000	0.314010
1.060000	0.439410
0.962000	0.827180
0.806000	0.813560
1.070000	0.882530
0.592000	0.435250
0.010400	-0.191340
-0.568000	-0.674700
-1.210000	-1.326600
-1.690000	-1.297900
-1.660000	-1.954500
-0.777000	-0.329900
-0.152000	0.010942
0.722000	0.480580
0.671000	1.277900
1.140000	1.592900
0.914000	1.375700
0.786000	0.786600
0.386000	0.395510
-0.181000	-0.212020
-0.877000	-0.675130
-1.460000	-0.796980
-1.630000	-2.106000
-0.853000	-0.698260
-0.126000	0.346060
1.010000	0.558830
0.887000	1.040300
0.760000	1.224200
1.360000	1.262400
0.671000	0.688360
0.204000	0.287720
-0.284000	-0.190990
-0.962000	-0.697950
-1.510000	-1.221600
-1.650000	-1.598500
-0.376000	-0.187380
0.474000	0.329820
0.960000	0.526780
0.963000	0.936880
1.180000	1.143500
1.350000	1.409100
0.810000	0.921540
0.391000	0.504570
-0.249000	-0.228690
-0.879000	-0.806580
-1.310000	-1.229700
-1.530000	-1.992000
-0.795000	-0.816470
0.302000	0.091394
1.030000	0.508290
