0.656000	0.622270
0.686000	0.653460
0.900000	0.653460
0.782000	0.650790
0.278000	0.565220
-0.087500	0.509070
-1.160000	-0.750400
-1.730000	-0.870730
-1.170000	-1.533000
-0.404000	-1.051700
0.487000	0.641880
0.987000	0.642770
1.120000	0.647220
1.260000	0.644550
1.090000	0.520650
0.806000	0.576810
0.291000	-0.108630
-0.347000	-0.523110
-1.130000	-1.176500
-1.550000	-0.917970
-1.190000	-1.319100
-0.301000	0.263950
0.521000	0.589290
0.998000	0.645440
0.990000	0.640090
1.150000	0.653460
1.100000	0.629400
0.829000	0.593740
0.258000	0.147180
-0.372000	-0.135370
-1.060000	-0.878750
-1.630000	-1.711300
-1.280000	-1.550800
-0.613000	-0.302950
0.371000	0.593740
0.904000	0.645440
1.280000	0.652570
1.200000	0.651680
0.838000	0.653460
0.925000	0.651680
0.430000	0.548290
-0.272000	0.076676
-0.952000	-0.501720
-1.590000	-1.078400
-1.410000	-2.388700
-0.363000	0.117770
0.545000	0.607110
0.937000	0.643660
1.060000	0.647220
1.060000	0.638310
0.996000	0.644550
0.791000	0.595530
0.203000	0.265730
-0.568000	-0.354640
-1.320000	-0.998190
-1.810000	-0.989280
-1.620000	-2.558000
-0.803000	-0.104180
0.080600	0.583050
0.722000	0.650790
0.887000	0.653460
1.110000	0.653460
0.979000	0.653460
0.825000	0.649900
0.399000	0.525110
-0.332000	0.002945
-1.080000	-0.551630
-1.810000	-0.789620
-1.620000	-1.836100
-0.364000	0.323670
0.761000	0.640990
1.120000	0.647220
0.476000	0.648120
1.050000	0.625830
0.885000	0.618700
0.760000	0.618700
0.204000	0.182840
-0.451000	-0.282450
-1.140000	-1.203200
-1.720000	-1.087300
-1.300000	-2.317400
-0.326000	0.310300
0.412000	0.588400
1.020000	0.650790
0.556000	0.653460
1.150000	0.651680
0.808000	0.651680
0.595000	0.641880
0.124000	0.477870
-0.551000	-0.020480
-1.270000	-0.527560
-1.860000	-0.620260
-1.760000	-2.825400
-0.839000	-0.621160
0.542000	0.606220
0.898000	0.646330
1.080000	0.650790
1.080000	0.646330
0.894000	0.651680
0.601000	0.632070
0.152000	0.482330
-0.503000	0.041379
-1.290000	-0.427730
-1.880000	-1.274500
-1.870000	-1.951900
-0.593000	0.361100
0.684000	0.609790
0.911000	0.645440
0.932000	0.653460
0.836000	0.651680
0.816000	0.653460
0.673000	0.544720
0.227000	0.562550
-0.393000	-0.069504
-1.170000	-0.802100
-1.710000	-1.372600
-1.750000	-2.665000
-0.953000	-0.644330
0.399000	0.574130
0.897000	0.651680
