1.010000	0.674820
1.080000	0.831170
1.280000	0.907480
0.829000	0.853230
0.513000	0.678810
0.046800	0.547500
-0.946000	-0.677360
-1.670000	-0.849830
-1.430000	-1.524800
-0.474000	-1.113200
0.779000	0.500130
1.220000	0.575080
0.525000	0.647870
0.772000	0.711620
0.847000	0.600310
0.665000	0.608570
0.093200	-0.089475
-0.496000	-0.530220
-1.100000	-1.182300
-1.380000	-0.986940
-0.504000	-1.391500
0.242000	0.051694
0.849000	0.383560
1.320000	0.550020
1.090000	0.680930
1.010000	0.761680
1.080000	0.720380
0.783000	0.636620
0.263000	0.156390
-0.215000	-0.164020
-0.925000	-0.897030
-1.530000	-1.708800
-1.400000	-1.605600
-0.582000	-0.477410
0.236000	0.363150
0.837000	0.465540
1.100000	0.596300
1.040000	0.717390
0.673000	0.767130
0.830000	0.742320
0.240000	0.579230
-0.363000	0.086361
-1.130000	-0.496970
-1.640000	-1.079600
-1.490000	-2.336500
-0.154000	-0.056086
0.481000	0.401390
1.030000	0.533660
1.310000	0.640780
0.810000	0.684740
0.930000	0.707120
0.651000	0.612780
0.101000	0.229110
-0.445000	-0.402400
-1.190000	-1.044600
-1.700000	-1.078700
-1.470000	-2.561900
-0.699000	-0.327870
0.355000	0.341010
1.050000	0.520760
0.877000	0.686330
0.975000	0.855700
0.777000	0.902030
0.708000	0.806080
0.168000	0.597750
-0.555000	0.046594
-1.280000	-0.521510
-1.860000	-0.793710
-1.870000	-1.808200
-0.478000	0.163540
0.847000	0.481730
1.310000	0.541720
1.020000	0.636970
0.738000	0.679480
0.932000	0.671660
0.666000	0.628880
-0.055200	0.164630
-0.695000	-0.314450
-1.440000	-1.206000
-1.970000	-1.139000
-1.670000	-2.316400
-0.415000	0.078158
0.269000	0.359570
1.130000	0.530300
1.220000	0.784850
1.350000	0.931720
0.923000	0.894930
0.654000	0.800030
0.215000	0.569910
-0.434000	0.038310
-1.210000	-0.488750
-1.770000	-0.630190
-1.760000	-2.726300
-0.510000	-0.734560
0.083900	0.441850
0.464000	0.567200
0.735000	0.691080
0.697000	0.775530
0.942000	0.811810
0.676000	0.754190
0.241000	0.535610
-0.323000	0.067791
-1.070000	-0.418280
-1.790000	-1.249700
-1.920000	-1.924200
-0.305000	0.175500
0.442000	0.433020
1.010000	0.542390
0.539000	0.650220
0.913000	0.764120
0.926000	0.833900
0.540000	0.726640
0.197000	0.654130
-0.430000	-0.007248
-1.170000	-0.746290
-1.790000	-1.329600
-1.830000	-2.581500
-0.713000	-0.754610
0.404000	0.390000
0.667000	0.540940
