1.140000	0.784230
1.650000	1.675600
1.460000	1.455800
0.866000	1.098400
0.285000	0.417340
0.028300	0.010899
-0.737000	-0.687800
-1.170000	-0.755370
-1.210000	-1.158400
-1.000000	-1.041700
0.258000	0.383230
1.230000	0.572900
1.120000	0.857930
1.040000	0.969560
0.777000	0.859340
0.016100	0.623820
-0.497000	-0.284170
-0.974000	-0.622900
-1.250000	-0.948640
-1.530000	-1.073000
-1.610000	-1.319200
-1.240000	-0.619590
-0.524000	0.044090
0.348000	0.546310
1.100000	0.938130
1.230000	1.159900
0.999000	0.961440
0.754000	0.541130
0.051400	-0.115400
-0.587000	-0.476270
-0.951000	-0.953740
-1.400000	-1.347000
-1.660000	-1.382400
-1.430000	-0.975840
-0.864000	-0.304600
0.749000	0.305880
1.210000	1.107100
1.180000	0.977740
1.410000	1.722600
1.040000	0.762690
0.380000	-0.090078
-0.159000	-0.408360
-0.583000	-0.744530
-1.170000	-1.040700
-1.370000	-1.625000
-0.877000	-0.737660
-0.227000	-0.115550
0.579000	0.412810
0.962000	0.663710
1.110000	0.728540
1.000000	0.815580
0.551000	0.344260
-0.251000	-0.296650
-0.824000	-0.715880
-1.200000	-1.056300
-1.500000	-1.251000
-1.800000	-1.918200
-1.780000	-1.131000
-1.320000	-0.222080
0.571000	0.368490
1.610000	1.285800
1.530000	2.042500
1.290000	1.666700
0.818000	0.719690
0.162000	0.099881
-0.313000	-0.348610
-0.663000	-0.637430
-1.200000	-0.972830
-1.350000	-1.476400
-0.713000	-0.566880
0.335000	0.296110
0.657000	0.412080
1.070000	0.883920
1.240000	0.749560
1.110000	0.939200
0.737000	0.332090
0.027000	-0.371370
-0.464000	-0.665080
-0.897000	-1.123700
-1.280000	-1.255800
-1.470000	-1.645200
-0.751000	-0.572820
0.115000	-0.191990
0.592000	0.599230
1.010000	1.530200
1.160000	1.745600
1.100000	1.508700
0.480000	0.519420
-0.011100	0.144690
-0.391000	-0.305830
-0.836000	-0.669490
-1.250000	-0.894710
-1.350000	-1.737300
-0.870000	-0.920270
0.708000	0.271380
1.150000	0.598270
1.660000	1.207600
1.050000	1.424200
1.090000	1.476600
0.621000	0.421460
0.082100	0.077431
-0.309000	-0.237840
-0.626000	-0.731030
-0.972000	-1.153100
-1.210000	-1.479600
-0.732000	-0.684870
0.481000	0.121390
0.839000	0.497140
1.000000	1.073800
1.020000	1.226000
1.270000	1.588800
0.892000	0.805240
0.371000	0.246880
-0.129000	-0.296690
-0.629000	-0.709550
-1.060000	-1.113500
-1.310000	-1.638200
-0.998000	-1.098000
0.014900	-0.257460
1.080000	0.553590
