-0.518000	0.649180
0.763000	1.222000
0.846000	0.760860
0.733000	0.508660
0.146000	0.076271
-0.310000	-0.006761
-1.410000	-0.854400
-1.850000	-0.931770
-0.986000	-1.382400
-0.215000	-0.946000
0.652000	0.781120
0.999000	0.757020
1.090000	0.728240
1.150000	0.693110
1.110000	0.529430
0.835000	0.424820
0.252000	-0.429480
-0.463000	-0.725670
-1.280000	-1.163400
-1.540000	-1.016500
-0.849000	-1.196700
0.074900	0.004084
0.739000	0.527080
1.020000	0.823880
1.050000	0.806380
1.150000	0.846990
1.050000	0.605620
0.743000	0.326040
0.073800	-0.249110
-0.635000	-0.461160
-1.290000	-0.976400
-1.580000	-1.534500
-0.961000	-1.423300
-0.371000	-0.443660
0.539000	0.383510
1.000000	0.833990
1.500000	1.327700
1.240000	0.942220
1.050000	1.411400
0.964000	0.521970
0.354000	0.021377
-0.476000	-0.312300
-1.190000	-0.710410
-1.640000	-1.103200
-1.070000	-1.955200
-0.103000	-0.170800
0.853000	0.422210
1.070000	0.646760
0.722000	0.661520
1.130000	0.533160
1.030000	0.640340
0.763000	0.295880
0.163000	-0.193860
-0.703000	-0.629060
-1.440000	-0.977760
-1.810000	-1.077100
-1.360000	-2.051100
-0.372000	-0.419200
0.331000	0.550310
0.804000	0.723760
0.846000	1.171200
1.070000	1.566700
0.920000	1.054300
0.794000	0.328520
0.261000	0.033849
-0.547000	-0.350960
-1.310000	-0.734920
-1.930000	-0.909080
-1.360000	-1.588300
-0.214000	-0.024727
0.926000	0.701480
1.160000	0.664990
-0.176000	0.945140
1.020000	0.668040
0.838000	0.771180
0.712000	0.267090
0.095500	-0.241590
-0.642000	-0.571570
-1.340000	-1.188900
-1.710000	-1.130200
-1.020000	-1.921600
-0.049500	0.035085
0.598000	0.488030
1.010000	0.890520
0.522000	1.219800
1.040000	1.084000
0.843000	0.874920
0.613000	0.283380
0.063500	0.050476
-0.731000	-0.356290
-1.460000	-0.715220
-1.820000	-0.795700
-1.470000	-2.238200
-0.666000	-0.558150
0.441000	0.824510
0.844000	0.849680
1.170000	1.088300
1.020000	1.057800
0.959000	1.046400
0.627000	0.268450
0.111000	0.042343
-0.631000	-0.260700
-1.410000	-0.658150
-1.980000	-1.229100
-1.610000	-1.658300
-0.330000	0.049552
0.611000	0.822270
1.060000	0.794320
0.858000	1.104300
0.931000	0.921700
0.851000	1.123900
0.668000	0.406390
0.127000	0.119910
-0.593000	-0.393020
-1.320000	-0.889310
-1.810000	-1.288800
-1.570000	-2.134200
-0.800000	-0.721840
0.361000	0.449390
0.964000	0.845240
