0.831000	0.497310
1.710000	0.522250
1.880000	0.522250
1.290000	0.520110
0.574000	0.451720
0.191000	0.406840
-0.596000	-0.599720
-0.852000	-0.695890
-1.060000	-1.225200
-0.915000	-0.840490
0.335000	0.512990
1.440000	0.513700
0.896000	0.517260
0.780000	0.515120
0.457000	0.416110
-0.141000	0.460980
-0.403000	-0.086820
-0.753000	-0.418070
-1.010000	-0.940220
-1.180000	-0.733640
-1.220000	-1.054200
-1.140000	0.210950
-0.904000	0.470960
0.008600	0.515840
0.345000	0.511560
1.110000	0.522250
0.381000	0.503010
-0.206000	0.474520
-0.644000	0.117630
-0.929000	-0.108190
-1.190000	-0.702300
-1.430000	-1.367600
-1.490000	-1.239400
-1.500000	-0.242110
-1.280000	0.474520
-0.331000	0.515840
0.901000	0.521530
1.130000	0.520820
1.730000	0.522250
1.100000	0.520820
0.203000	0.438190
-0.324000	0.061280
-0.719000	-0.400970
-1.060000	-0.861870
-1.160000	-1.909000
-1.020000	0.094119
-0.812000	0.485200
0.365000	0.514410
0.637000	0.517260
0.811000	0.510140
0.788000	0.515120
0.683000	0.475940
-0.223000	0.212370
-0.658000	-0.283430
-0.938000	-0.797750
-1.220000	-0.790630
-1.330000	-2.044400
-1.410000	-0.083258
-0.484000	0.465970
1.120000	0.520110
2.150000	0.522250
1.920000	0.522250
1.820000	0.522250
1.240000	0.519400
0.568000	0.419670
-0.201000	0.002353
-0.634000	-0.440860
-1.010000	-0.631060
-1.160000	-1.467400
-0.981000	0.258670
-0.363000	0.512270
0.319000	0.517260
1.090000	0.517970
1.080000	0.500160
0.610000	0.494460
0.529000	0.494460
0.008650	0.146120
-0.402000	-0.225730
-0.809000	-0.961600
-1.170000	-0.868990
-1.270000	-1.852000
-1.050000	0.247990
-0.829000	0.470240
0.195000	0.520110
2.060000	0.522250
1.730000	0.520820
1.180000	0.520820
0.571000	0.512990
-0.019700	0.381910
-0.468000	-0.016367
-0.909000	-0.421630
-1.250000	-0.495710
-1.320000	-2.258100
-1.160000	-0.496430
0.288000	0.484490
0.981000	0.516550
1.360000	0.520110
1.250000	0.516550
1.210000	0.520820
0.773000	0.505150
0.207000	0.385470
-0.183000	0.033070
-0.595000	-0.341840
-0.849000	-1.018600
-1.150000	-1.560000
-0.849000	0.288590
-0.085500	0.487340
0.504000	0.515840
1.190000	0.522250
1.340000	0.520820
1.410000	0.522250
1.140000	0.435340
0.936000	0.449590
0.357000	-0.055547
-0.303000	-0.641030
-0.855000	-1.096900
-1.010000	-2.129900
-0.890000	-0.514950
-0.430000	0.458850
1.070000	0.520820
