0.724000	0.743800
1.090000	1.177500
0.998000	1.424400
1.050000	1.255000
0.753000	0.888670
0.180000	0.593740
-0.582000	-0.455630
-1.150000	-0.735270
-1.180000	-1.387100
-0.721000	-1.168700
0.225000	0.133270
0.697000	0.373680
0.926000	0.598870
1.070000	0.811310
1.360000	0.737780
0.749000	0.634640
0.024500	-0.038186
-0.643000	-0.505360
-1.140000	-1.103500
-1.530000	-1.069600
-1.580000	-1.450700
-1.100000	-0.443320
-0.275000	-0.122220
0.901000	0.286440
1.110000	0.722340
1.020000	0.952670
1.060000	0.874700
0.632000	0.686190
0.014100	0.165520
-0.476000	-0.217500
-1.060000	-0.869410
-1.520000	-1.570000
-1.680000	-1.607200
-1.460000	-0.843800
-0.293000	-0.198560
0.507000	0.013124
1.620000	0.419670
1.230000	0.813480
1.130000	0.970300
0.845000	0.894150
0.116000	0.605680
-0.410000	0.102040
-0.891000	-0.447270
-1.340000	-0.998070
-1.510000	-2.033700
-0.819000	-0.453880
-0.247000	-0.105780
0.801000	0.237630
1.570000	0.575950
1.000000	0.738770
1.090000	0.796760
0.793000	0.604960
0.131000	0.126550
-0.384000	-0.481520
-0.922000	-1.070400
-1.310000	-1.201500
-1.630000	-2.371100
-1.300000	-0.819770
-0.541000	-0.245460
0.642000	0.179400
1.200000	0.708890
1.150000	1.256800
1.460000	1.406700
1.120000	1.104600
0.359000	0.719190
-0.348000	0.143940
-0.861000	-0.411190
-1.260000	-0.741320
-1.540000	-1.602700
-0.730000	-0.219610
0.898000	0.075799
0.909000	0.255460
0.879000	0.561560
1.180000	0.750620
1.030000	0.741840
0.618000	0.603420
-0.090300	0.109670
-0.615000	-0.363990
-1.130000	-1.118500
-1.610000	-1.169800
-1.430000	-2.133700
-0.954000	-0.464920
-0.535000	-0.197770
0.196000	0.210260
0.933000	1.027600
1.290000	1.506900
1.080000	1.387900
0.740000	1.103500
0.270000	0.738420
-0.157000	0.171320
-0.808000	-0.360860
-1.290000	-0.604030
-1.480000	-2.284600
-1.050000	-0.939670
-0.101000	0.027195
0.844000	0.339940
1.230000	0.730440
1.280000	1.014000
1.110000	1.119000
0.548000	0.977890
0.061800	0.617120
-0.441000	0.123600
-0.900000	-0.363800
-1.340000	-1.094800
-1.630000	-1.710100
-0.723000	-0.267500
-0.021700	-0.009631
0.534000	0.261750
1.480000	0.592070
1.150000	0.964690
1.300000	1.186300
0.996000	1.090800
0.473000	0.815000
-0.138000	0.137330
-0.885000	-0.559050
-1.260000	-1.126600
-1.540000	-2.187200
-0.835000	-0.950910
-0.084000	-0.066331
1.040000	0.242600
