1.040000	0.631870
0.931000	0.790380
1.210000	0.869370
0.929000	0.813500
0.351000	0.642110
-0.288000	0.512200
-1.440000	-0.620760
-1.610000	-0.786400
-0.754000	-1.414100
-0.193000	-1.039600
0.390000	0.448920
0.824000	0.526410
1.230000	0.601290
1.180000	0.667570
1.080000	0.565620
0.776000	0.568160
0.176000	-0.080979
-0.814000	-0.492810
-1.440000	-1.097800
-1.290000	-0.923280
-0.653000	-1.299100
-0.242000	0.025215
0.413000	0.333890
1.180000	0.500190
1.180000	0.636280
1.030000	0.718440
1.120000	0.678260
0.803000	0.595380
0.051500	0.146120
-0.783000	-0.155280
-1.480000	-0.834400
-1.630000	-1.585500
-0.958000	-1.495900
-0.310000	-0.461750
0.865000	0.312280
0.899000	0.412740
1.340000	0.547340
0.921000	0.672780
1.220000	0.724090
0.765000	0.698590
0.119000	0.540840
-0.786000	0.081182
-1.410000	-0.460680
-1.590000	-1.001900
-1.010000	-2.162700
-0.183000	-0.070688
0.370000	0.350430
0.963000	0.483440
1.050000	0.593960
0.922000	0.640410
0.955000	0.662920
0.618000	0.570510
-0.080400	0.208690
-0.977000	-0.378550
-1.640000	-0.974320
-1.660000	-1.010600
-0.996000	-2.377800
-0.369000	-0.328250
0.372000	0.290500
1.040000	0.469330
1.070000	0.640440
0.848000	0.815770
0.770000	0.863730
0.729000	0.764790
0.212000	0.562500
-0.735000	0.047920
-1.450000	-0.480730
-1.710000	-0.737000
-1.230000	-1.675000
0.159000	0.134600
0.713000	0.429970
0.701000	0.491410
0.702000	0.589920
0.860000	0.636310
1.150000	0.628980
0.593000	0.584690
-0.473000	0.150820
-1.260000	-0.295240
-1.720000	-1.119500
-1.730000	-1.062600
-0.986000	-2.149500
-0.368000	0.047642
0.360000	0.309150
1.110000	0.479200
1.050000	0.742420
0.821000	0.894660
0.828000	0.856580
0.833000	0.759390
0.299000	0.538750
-0.713000	0.041854
-1.470000	-0.449390
-1.740000	-0.585880
-1.340000	-2.519400
-0.858000	-0.693840
0.300000	0.392420
0.818000	0.517880
0.900000	0.645650
1.190000	0.733550
0.986000	0.770530
0.641000	0.712980
0.108000	0.502750
-0.666000	0.065742
-1.580000	-0.387150
-1.830000	-1.157000
-1.310000	-1.782700
-0.012900	0.142970
0.765000	0.382890
0.951000	0.492290
0.916000	0.603060
0.778000	0.721160
0.873000	0.793200
0.910000	0.693820
0.409000	0.616850
-0.542000	-0.000051
-1.470000	-0.686580
-1.670000	-1.229300
-1.370000	-2.386700
-0.679000	-0.712100
0.064900	0.342180
0.746000	0.490110
