1.010000	0.719400
0.984000	1.323100
1.020000	1.019700
0.817000	0.759790
0.343000	0.296570
-0.054900	0.141020
-1.040000	-0.789870
-1.680000	-0.931340
-1.240000	-1.455900
-0.454000	-1.064000
0.523000	0.637690
1.020000	0.692170
0.817000	0.737830
1.110000	0.774840
1.090000	0.626330
0.827000	0.504160
0.293000	-0.357580
-0.369000	-0.715830
-1.050000	-1.213800
-1.490000	-1.101200
-1.180000	-1.338200
-0.310000	-0.153090
0.341000	0.353250
0.782000	0.720040
1.020000	0.840910
1.070000	0.944650
1.110000	0.723510
0.873000	0.437530
0.277000	-0.164670
-0.333000	-0.437220
-0.973000	-1.009000
-1.560000	-1.624700
-1.290000	-1.556300
-0.576000	-0.604390
0.373000	0.211060
0.924000	0.643790
1.450000	1.175600
1.330000	0.980140
1.140000	1.414900
0.939000	0.659010
0.406000	0.165020
-0.277000	-0.231210
-0.935000	-0.686850
-1.500000	-1.138700
-1.380000	-2.065200
-0.434000	-0.289710
0.407000	0.270670
0.872000	0.559200
0.859000	0.675790
1.120000	0.621120
1.000000	0.726870
0.710000	0.387420
0.083500	-0.139880
-0.658000	-0.641190
-1.360000	-1.063600
-1.870000	-1.186700
-1.680000	-2.236200
-0.974000	-0.591310
0.116000	0.334700
0.653000	0.604070
0.882000	1.136200
1.020000	1.631500
0.982000	1.255900
0.856000	0.564940
0.315000	0.212110
-0.426000	-0.244710
-1.120000	-0.692230
-1.750000	-0.920450
-1.640000	-1.670000
-0.414000	-0.111940
0.717000	0.554380
1.120000	0.579480
0.787000	0.904850
1.050000	0.736770
0.936000	0.819520
0.745000	0.361540
0.119000	-0.178360
-0.516000	-0.562740
-1.200000	-1.237500
-1.690000	-1.213400
-1.440000	-2.073700
-0.295000	-0.137620
0.532000	0.297780
1.070000	0.750960
0.806000	1.274900
1.140000	1.311500
0.867000	1.102500
0.711000	0.528030
0.206000	0.235210
-0.509000	-0.238910
-1.220000	-0.662180
-1.770000	-0.796950
-1.820000	-2.344000
-0.754000	-0.705110
0.302000	0.643200
0.784000	0.757780
0.797000	1.074800
1.080000	1.137800
0.957000	1.160500
0.664000	0.477570
0.152000	0.190640
-0.510000	-0.179470
-1.220000	-0.623380
-1.810000	-1.258000
-1.900000	-1.752400
-0.607000	-0.068324
0.491000	0.629700
0.742000	0.688060
0.841000	1.044900
0.971000	1.010000
0.903000	1.245000
0.755000	0.632490
0.280000	0.309910
-0.419000	-0.276100
-1.150000	-0.846860
-1.750000	-1.309900
-1.740000	-2.240000
-0.885000	-0.841710
0.064700	0.307670
0.883000	0.723610
