0.920000	0.749270
1.270000	1.250700
1.450000	1.539600
1.050000	1.342000
0.559000	0.929900
0.200000	0.595700
-0.717000	-0.387100
-1.150000	-0.690910
-1.160000	-1.324700
-0.769000	-1.162900
0.308000	0.030994
1.100000	0.312160
0.801000	0.574810
1.200000	0.823930
1.110000	0.762000
0.570000	0.630370
-0.158000	-0.023537
-0.901000	-0.489540
-1.230000	-1.062300
-1.410000	-1.072900
-1.370000	-1.440800
-0.855000	-0.570170
-0.155000	-0.257750
0.614000	0.209550
1.050000	0.720680
1.150000	0.987610
1.080000	0.901060
0.519000	0.687400
-0.318000	0.165040
-0.936000	-0.228170
-1.270000	-0.846320
-1.530000	-1.504200
-1.690000	-1.578800
-1.600000	-0.928450
-0.987000	-0.347950
0.091000	-0.110290
0.926000	0.364070
1.200000	0.825080
1.410000	1.008200
1.040000	0.919490
0.388000	0.602030
-0.194000	0.104480
-0.684000	-0.425730
-1.150000	-0.958020
-1.240000	-1.914800
-0.773000	-0.554060
-0.239000	-0.241970
0.574000	0.152770
0.938000	0.547990
1.050000	0.740260
0.999000	0.806910
0.854000	0.592000
-0.092100	0.096364
-0.799000	-0.494440
-1.230000	-1.058300
-1.510000	-1.213400
-1.690000	-2.276700
-1.660000	-0.939030
-1.260000	-0.400750
0.341000	0.083247
1.140000	0.702340
1.410000	1.343600
1.330000	1.519000
1.070000	1.166000
0.475000	0.739380
-0.296000	0.167860
-0.721000	-0.373800
-1.120000	-0.713790
-1.210000	-1.518100
-0.622000	-0.320000
0.364000	-0.036084
0.908000	0.172950
1.180000	0.530980
1.250000	0.756550
1.130000	0.747660
0.707000	0.585680
-0.029300	0.092749
-0.647000	-0.370960
-1.120000	-1.074600
-1.420000	-1.157300
-1.330000	-2.045700
-0.856000	-0.604470
-0.346000	-0.345980
0.582000	0.119360
1.080000	1.075300
1.550000	1.636500
1.160000	1.497300
0.695000	1.166400
0.157000	0.771080
-0.428000	0.204470
-0.897000	-0.319590
-1.200000	-0.586100
-1.320000	-2.123400
-0.972000	-0.978690
0.141000	-0.086193
1.100000	0.271980
1.110000	0.728090
1.500000	1.060700
1.300000	1.182600
0.734000	1.021300
0.173000	0.628260
-0.377000	0.136590
-0.847000	-0.342460
-1.230000	-1.033000
-1.180000	-1.621200
-0.487000	-0.383340
0.000899	-0.129980
1.020000	0.180660
1.190000	0.565630
1.320000	1.002000
1.130000	1.261000
1.040000	1.170500
0.527000	0.844220
-0.143000	0.174240
-0.953000	-0.498060
-1.260000	-1.051200
-1.220000	-2.040700
-0.825000	-0.987330
-0.287000	-0.189390
0.829000	0.157030
