1.190000	0.889120
0.991000	1.105800
1.310000	1.023700
0.862000	0.908920
0.402000	0.363060
-0.081000	-0.169430
-0.961000	-1.275200
-1.690000	-0.863810
-1.200000	-1.125900
-0.144000	-0.752370
1.030000	0.661140
1.230000	0.826070
0.808000	1.122500
0.905000	1.043700
0.970000	0.943130
0.670000	0.785650
0.091000	-0.277890
-0.527000	-0.860710
-1.220000	-1.186500
-1.490000	-0.970920
-0.258000	-1.268400
0.513000	0.145670
0.937000	0.714550
1.310000	0.805180
1.050000	1.006000
0.798000	1.021800
1.010000	1.058000
0.747000	0.743160
0.169000	-0.016848
-0.340000	-0.551920
-1.060000	-1.292000
-1.750000	-1.631600
-1.370000	-1.191500
-0.596000	-0.353810
0.305000	0.443010
0.815000	0.663580
0.892000	0.900980
1.030000	0.744890
0.693000	1.207400
0.678000	0.727720
0.110000	-0.188450
-0.546000	-0.703250
-1.400000	-1.118600
-1.780000	-1.156000
-1.190000	-1.920400
-0.028600	-0.128840
0.432000	0.633880
0.886000	0.855730
1.110000	0.893970
0.748000	0.979820
0.802000	0.899920
0.579000	0.643030
-0.018200	-0.006238
-0.620000	-0.706020
-1.320000	-1.328900
-1.800000	-1.073900
-1.410000	-2.084100
-0.645000	-0.228220
0.359000	0.453470
0.857000	0.646110
0.935000	0.995280
1.070000	1.188000
0.833000	0.964620
0.807000	0.601400
0.137000	-0.051041
-0.580000	-0.674110
-1.240000	-0.948650
-1.880000	-1.178500
-1.810000	-1.695000
-0.378000	0.053474
0.830000	0.712450
1.250000	0.788190
0.743000	0.887810
0.694000	0.752290
0.887000	0.954040
0.677000	0.577200
-0.020600	-0.337730
-0.768000	-0.867390
-1.480000	-1.557500
-1.950000	-1.403600
-1.370000	-1.654500
-0.254000	0.286780
0.322000	0.437160
1.150000	0.737040
1.230000	0.955580
1.230000	1.028300
0.764000	0.989030
0.679000	0.321780
0.176000	0.038677
-0.512000	-0.650170
-1.270000	-1.074400
-1.950000	-1.009700
-1.740000	-2.092700
-0.395000	-0.396540
0.313000	0.519490
0.532000	0.656220
0.773000	1.063100
0.838000	1.092800
0.997000	1.001100
0.663000	0.306050
0.173000	0.042979
-0.385000	-0.459320
-1.030000	-1.131800
-1.850000	-1.448400
-1.790000	-1.554000
-0.206000	0.007950
0.688000	0.386860
0.972000	0.794220
0.747000	0.971210
1.010000	1.096400
0.807000	1.162000
0.461000	0.594150
0.188000	0.264400
-0.485000	-0.600220
-1.220000	-1.080200
-1.910000	-1.391800
-1.650000	-1.835400
-0.510000	-0.570350
0.563000	0.238900
0.677000	0.767130
