1.040000	0.661510
0.931000	1.346000
1.210000	0.856810
0.929000	0.555210
0.351000	0.049189
-0.288000	-0.063913
-1.440000	-0.827660
-1.610000	-0.917020
-0.754000	-1.335600
-0.193000	-0.938340
0.390000	0.735130
0.824000	0.735290
1.230000	0.727600
1.180000	0.713070
1.080000	0.551240
0.776000	0.408430
0.176000	-0.459710
-0.814000	-0.744290
-1.440000	-1.144400
-1.290000	-1.038800
-0.653000	-1.186600
-0.242000	-0.110280
0.413000	0.433800
1.180000	0.799700
1.180000	0.831070
1.030000	0.899640
1.120000	0.625830
0.803000	0.299370
0.051500	-0.296460
-0.783000	-0.509190
-1.480000	-0.980440
-1.630000	-1.483600
-0.958000	-1.402200
-0.310000	-0.520150
0.865000	0.262940
0.899000	0.779870
1.340000	1.378300
0.921000	0.991040
1.220000	1.534800
0.765000	0.528770
0.119000	-0.040540
-0.786000	-0.357410
-1.410000	-0.725760
-1.590000	-1.088700
-1.010000	-1.843400
-0.183000	-0.272070
0.370000	0.313680
0.963000	0.595860
1.050000	0.650140
0.922000	0.526870
0.955000	0.652200
0.618000	0.255830
-0.080400	-0.267800
-0.977000	-0.674240
-1.640000	-0.975790
-1.660000	-1.104400
-0.996000	-1.948200
-0.369000	-0.538390
0.372000	0.447330
1.040000	0.673860
1.070000	1.235600
0.848000	1.741800
0.770000	1.184000
0.729000	0.336170
0.212000	-0.007956
-0.735000	-0.378050
-1.450000	-0.736980
-1.710000	-0.912030
-1.230000	-1.517300
0.159000	-0.131650
0.713000	0.639450
0.701000	0.617480
0.702000	0.966460
0.860000	0.682570
1.150000	0.799030
0.593000	0.217710
-0.473000	-0.303080
-1.260000	-0.613920
-1.720000	-1.168200
-1.730000	-1.136400
-0.986000	-1.834500
-0.368000	-0.089261
0.360000	0.381600
1.110000	0.864470
1.050000	1.326400
0.821000	1.229100
0.828000	0.981040
0.833000	0.287370
0.299000	0.024400
-0.713000	-0.375190
-1.470000	-0.715000
-1.740000	-0.810440
-1.340000	-2.083100
-0.858000	-0.581980
0.300000	0.780400
0.818000	0.834530
0.900000	1.145700
1.190000	1.144900
0.986000	1.142800
0.641000	0.258680
0.108000	0.000357
-0.666000	-0.288460
-1.580000	-0.675630
-1.830000	-1.193200
-1.310000	-1.579800
-0.012900	-0.062898
0.765000	0.772820
0.951000	0.763720
0.916000	1.147200
0.778000	0.985270
0.873000	1.237000
0.910000	0.447590
0.409000	0.090397
-0.542000	-0.408320
-1.470000	-0.866020
-1.670000	-1.239900
-1.370000	-1.994400
-0.679000	-0.761270
0.064900	0.356710
0.746000	0.817140
