0.248000	0.755260
1.010000	1.360500
1.240000	1.713900
1.160000	1.472800
0.780000	0.990970
0.220000	0.596740
-0.585000	-0.279080
-1.030000	-0.619510
-1.240000	-1.223200
-1.130000	-1.149900
-0.004980	-0.128370
0.940000	0.215300
0.812000	0.535400
1.280000	0.840810
1.420000	0.797160
0.538000	0.621600
-0.319000	-0.000647
-0.853000	-0.463260
-1.130000	-0.994600
-1.340000	-1.074500
-1.480000	-1.420600
-1.440000	-0.765780
-0.769000	-0.467920
0.624000	0.089095
0.803000	0.715670
1.360000	1.038700
1.030000	0.939070
0.286000	0.686970
-0.488000	0.163740
-0.832000	-0.244010
-1.140000	-0.807520
-1.410000	-1.396500
-1.650000	-1.529400
-1.730000	-1.057100
-1.000000	-0.579410
0.215000	-0.302110
1.190000	0.276250
1.220000	0.840370
1.220000	1.063900
1.000000	0.955840
0.386000	0.594330
-0.244000	0.107930
-0.666000	-0.390750
-1.080000	-0.892420
-1.360000	-1.723300
-1.170000	-0.708200
-0.746000	-0.453240
0.171000	0.020113
0.790000	0.502590
1.130000	0.740080
0.995000	0.819980
0.748000	0.569820
-0.183000	0.049026
-0.738000	-0.512900
-1.050000	-1.035900
-1.270000	-1.227900
-1.530000	-2.122100
-1.650000	-1.121600
-1.410000	-0.641220
0.025000	-0.066770
1.270000	0.689770
1.570000	1.474100
1.600000	1.688600
1.210000	1.257900
0.526000	0.768330
-0.215000	0.204560
-0.527000	-0.314300
-0.862000	-0.668510
-1.130000	-1.381200
-0.807000	-0.475250
0.257000	-0.210190
0.637000	0.043871
0.849000	0.481560
1.110000	0.763240
1.020000	0.754220
0.696000	0.556090
-0.051000	0.066080
-0.594000	-0.380570
-0.990000	-1.002700
-1.260000	-1.133900
-1.430000	-1.901900
-1.350000	-0.819740
-0.656000	-0.575610
0.230000	-0.022602
0.852000	1.146000
1.550000	1.832900
1.340000	1.662500
0.882000	1.260400
0.318000	0.819350
-0.130000	0.255400
-0.541000	-0.254230
-0.881000	-0.556190
-1.150000	-1.865300
-1.020000	-1.036200
0.122000	-0.262470
0.933000	0.165230
1.110000	0.721960
1.710000	1.130000
1.410000	1.277600
0.867000	1.085400
0.292000	0.643500
-0.145000	0.156350
-0.516000	-0.308070
-0.927000	-0.933360
-1.120000	-1.477300
-0.495000	-0.562420
0.293000	-0.316960
0.730000	0.053760
1.390000	0.522560
1.380000	1.056800
1.430000	1.373100
1.280000	1.290500
0.878000	0.886860
0.179000	0.231120
-0.637000	-0.401400
-1.010000	-0.930180
-1.190000	-1.805700
-0.915000	-1.040700
-0.452000	-0.380390
0.911000	0.023248
