1.030000	0.729230
1.160000	1.034500
1.110000	1.201900
0.883000	1.086100
0.407000	0.806810
0.057600	0.586570
-0.930000	-0.580200
-1.600000	-0.813280
-1.360000	-1.494600
-0.628000	-1.172500
0.303000	0.322420
0.884000	0.485730
0.945000	0.640000
1.090000	0.783050
1.070000	0.688410
0.847000	0.638790
0.321000	-0.065164
-0.312000	-0.531730
-0.987000	-1.173500
-1.480000	-1.057000
-1.370000	-1.460400
-0.492000	-0.205110
0.218000	0.130200
0.665000	0.427550
0.999000	0.721120
1.390000	0.882100
1.130000	0.820550
0.927000	0.679860
0.371000	0.165420
-0.216000	-0.196400
-0.877000	-0.907110
-1.490000	-1.683100
-1.410000	-1.650300
-0.748000	-0.681570
0.209000	0.080058
0.765000	0.242260
1.340000	0.520450
1.290000	0.787100
1.240000	0.894060
1.010000	0.841790
0.457000	0.608840
-0.186000	0.096896
-0.812000	-0.484610
-1.390000	-1.066500
-1.430000	-2.242300
-0.652000	-0.265120
0.220000	0.147800
0.721000	0.393810
0.795000	0.624460
1.110000	0.731620
1.050000	0.773190
0.748000	0.625430
0.168000	0.181870
-0.579000	-0.454660
-1.280000	-1.086600
-1.810000	-1.172200
-1.770000	-2.532300
-1.160000	-0.593410
-0.161000	0.044397
0.519000	0.356920
0.755000	0.716840
1.070000	1.088300
1.100000	1.189900
0.898000	0.983780
0.398000	0.677420
-0.307000	0.098643
-0.990000	-0.478200
-1.650000	-0.788060
-1.690000	-1.750400
-0.493000	-0.031856
0.539000	0.283140
1.120000	0.407190
0.885000	0.615030
1.130000	0.735140
0.999000	0.726610
0.819000	0.632770
0.211000	0.140460
-0.406000	-0.348880
-1.060000	-1.193300
-1.560000	-1.186200
-1.500000	-2.284300
-0.428000	-0.203000
0.392000	0.078665
0.905000	0.377840
0.839000	0.932910
1.270000	1.257200
0.924000	1.176500
0.697000	0.980200
0.254000	0.673370
-0.427000	0.108740
-1.090000	-0.435380
-1.690000	-0.633750
-1.870000	-2.570300
-0.929000	-0.861610
-0.087000	0.237620
0.720000	0.464140
0.884000	0.730490
1.040000	0.921090
1.000000	0.994210
0.688000	0.891470
0.200000	0.592750
-0.432000	0.098756
-1.120000	-0.401280
-1.690000	-1.203000
-1.850000	-1.865100
-0.826000	-0.050791
0.336000	0.213940
0.702000	0.410810
0.819000	0.637640
1.120000	0.889610
0.985000	1.040500
0.801000	0.936450
0.361000	0.755910
-0.309000	0.067970
-1.030000	-0.669000
-1.650000	-1.260000
-1.810000	-2.446300
-1.030000	-0.877610
-0.045700	0.162610
0.789000	0.400090
