0.871000	0.728810
1.010000	1.027500
1.190000	1.190700
1.090000	1.077700
0.680000	0.802880
0.251000	0.586470
-0.758000	-0.587040
-1.520000	-0.817780
-1.370000	-1.501000
-0.473000	-1.173300
0.403000	0.332550
0.729000	0.491870
0.966000	0.642480
1.100000	0.781940
1.130000	0.686140
0.759000	0.639310
0.179000	-0.066618
-0.483000	-0.533380
-1.100000	-1.177700
-1.570000	-1.056800
-1.560000	-1.461600
-0.914000	-0.192650
-0.099200	0.143580
0.969000	0.435200
1.180000	0.721410
1.020000	0.878810
1.070000	0.818090
0.784000	0.679850
0.168000	0.165500
-0.383000	-0.195380
-1.140000	-0.909540
-1.730000	-1.689900
-1.580000	-1.653300
-0.888000	-0.673340
0.188000	0.094791
0.792000	0.254460
1.100000	0.526010
1.080000	0.786090
1.140000	0.890470
0.722000	0.839440
0.262000	0.609300
-0.396000	0.096671
-0.994000	-0.486820
-1.580000	-1.070700
-1.380000	-2.254400
-0.404000	-0.255290
0.252000	0.161240
0.927000	0.402240
1.070000	0.627320
0.961000	0.731590
1.030000	0.772320
0.684000	0.626820
0.194000	0.184880
-0.538000	-0.453460
-1.130000	-1.087900
-1.680000	-1.171200
-1.490000	-2.542100
-0.695000	-0.581760
0.035200	0.059705
0.853000	0.366450
0.845000	0.717600
0.739000	1.080000
0.870000	1.179100
0.961000	0.977890
0.479000	0.675540
-0.287000	0.096302
-0.977000	-0.481970
-1.650000	-0.790900
-1.890000	-1.759000
-0.367000	-0.021970
0.518000	0.294210
0.800000	0.415390
0.832000	0.618150
0.713000	0.734680
0.954000	0.726160
0.579000	0.634620
-0.111000	0.142150
-0.759000	-0.348250
-1.430000	-1.197800
-1.880000	-1.187600
-1.290000	-2.293400
-0.505000	-0.189280
0.255000	0.093281
0.838000	0.386860
1.250000	0.928370
1.310000	1.244600
1.100000	1.165900
0.957000	0.974170
0.455000	0.670270
-0.261000	0.105490
-0.950000	-0.439520
-1.650000	-0.635620
-1.900000	-2.586600
-1.100000	-0.857910
0.276000	0.248830
0.835000	0.470920
1.110000	0.730840
1.030000	0.916640
0.960000	0.988110
0.605000	0.887350
0.206000	0.591750
-0.421000	0.097493
-1.080000	-0.403450
-1.730000	-1.209300
-1.870000	-1.874100
-0.313000	-0.039387
0.515000	0.225840
0.784000	0.418870
1.070000	0.640350
1.020000	0.886080
1.240000	1.033300
0.957000	0.928760
0.452000	0.753160
-0.153000	0.064346
-0.895000	-0.675120
-1.270000	-1.267700
-1.670000	-2.461200
-0.764000	-0.874170
-0.049600	0.174760
0.721000	0.408580
