1.090000	0.760600
1.280000	1.438000
1.230000	1.300200
0.870000	1.013500
0.484000	0.494320
0.176000	0.250500
-0.769000	-0.657750
-1.440000	-0.867100
-1.410000	-1.417700
-0.741000	-1.122300
0.361000	0.417690
0.931000	0.568760
0.899000	0.704950
0.962000	0.830220
1.050000	0.707600
0.775000	0.547920
0.304000	-0.281360
-0.267000	-0.676750
-0.889000	-1.184100
-1.440000	-1.142300
-1.550000	-1.403900
-0.544000	-0.388480
0.235000	0.085325
0.700000	0.552060
1.030000	0.845720
1.250000	1.029400
1.040000	0.820320
0.871000	0.512190
0.379000	-0.097949
-0.119000	-0.419280
-0.731000	-0.988070
-1.380000	-1.591800
-1.530000	-1.593000
-0.984000	-0.791720
0.161000	-0.065746
0.854000	0.368390
1.430000	0.981230
1.330000	0.996910
1.170000	1.420900
0.997000	0.770710
0.459000	0.265510
-0.110000	-0.162670
-0.649000	-0.632690
-1.200000	-1.100700
-1.350000	-1.986400
-0.695000	-0.467780
0.112000	0.020753
0.656000	0.399570
0.967000	0.644140
0.871000	0.674120
1.070000	0.784610
0.691000	0.434750
0.133000	-0.124930
-0.613000	-0.647740
-1.290000	-1.091800
-1.890000	-1.252700
-2.060000	-2.233200
-1.720000	-0.820500
-0.736000	0.017003
0.244000	0.408520
0.892000	1.077400
1.150000	1.725000
1.060000	1.485100
0.832000	0.787880
0.403000	0.360220
-0.239000	-0.136470
-0.853000	-0.608450
-1.560000	-0.881360
-1.780000	-1.611900
-0.792000	-0.270560
0.419000	0.324400
1.020000	0.423140
1.040000	0.824440
1.040000	0.776910
0.974000	0.842330
0.754000	0.407110
0.169000	-0.142930
-0.395000	-0.549710
-0.995000	-1.203300
-1.530000	-1.235800
-1.680000	-2.055800
-0.598000	-0.397140
0.224000	0.006720
0.824000	0.542090
0.891000	1.332100
1.290000	1.575400
0.962000	1.352000
0.747000	0.759350
0.321000	0.399520
-0.301000	-0.113670
-0.892000	-0.567650
-1.470000	-0.762290
-1.810000	-2.215300
-0.959000	-0.836260
-0.117000	0.384050
1.100000	0.606410
1.010000	1.037500
0.868000	1.216000
1.110000	1.279800
0.672000	0.664810
0.204000	0.308130
-0.318000	-0.101960
-0.950000	-0.562460
-1.540000	-1.191600
-1.830000	-1.697600
-0.718000	-0.265690
0.096400	0.355770
0.893000	0.514990
0.545000	0.950960
1.170000	1.088500
1.110000	1.378300
0.832000	0.863440
0.402000	0.473150
-0.204000	-0.146750
-0.837000	-0.737160
-1.410000	-1.223300
-1.760000	-2.127600
-1.010000	-0.946870
-0.275000	0.076789
0.855000	0.533920
