0.155000	0.831290
0.860000	1.630500
1.140000	1.719400
1.230000	1.402300
0.840000	0.714030
0.298000	0.162390
-0.376000	-0.575940
-0.890000	-0.638780
-1.060000	-1.044600
-0.906000	-1.032700
-0.119000	0.090769
0.683000	0.411620
0.755000	0.833010
1.320000	1.031900
1.460000	0.969750
0.744000	0.714120
-0.131000	-0.131610
-0.736000	-0.562640
-1.050000	-0.894330
-1.330000	-1.054200
-1.550000	-1.356100
-1.380000	-0.780510
-0.591000	-0.209730
0.753000	0.316460
0.835000	0.912660
1.390000	1.201200
1.140000	1.094700
0.782000	0.693560
-0.002240	0.040681
-0.592000	-0.418840
-1.020000	-0.937470
-1.350000	-1.297000
-1.660000	-1.338400
-1.710000	-1.089200
-0.342000	-0.545730
0.417000	-0.054751
1.490000	0.692160
1.330000	0.888650
1.230000	1.517800
0.904000	0.897340
0.136000	0.058740
-0.462000	-0.333500
-0.882000	-0.697940
-1.230000	-0.959810
-1.550000	-1.516100
-1.400000	-0.842540
-0.764000	-0.318860
0.218000	0.254000
0.933000	0.636420
1.170000	0.838120
1.080000	0.884830
0.826000	0.476270
0.050400	-0.178420
-0.606000	-0.673920
-1.040000	-1.105200
-1.350000	-1.253600
-1.720000	-1.892700
-1.760000	-1.238700
-1.530000	-0.555950
-0.370000	0.117440
0.911000	1.063800
1.220000	1.871500
1.390000	1.771200
1.170000	1.012300
0.409000	0.304020
-0.260000	-0.225930
-0.573000	-0.536230
-0.885000	-0.914130
-1.160000	-1.389800
-0.831000	-0.644970
0.697000	0.027381
0.873000	0.241750
0.874000	0.711300
1.080000	0.771130
1.030000	0.931060
0.668000	0.458550
-0.095000	-0.278050
-0.683000	-0.639990
-1.090000	-1.107200
-1.410000	-1.263700
-1.570000	-1.560000
-1.440000	-0.745620
-0.914000	-0.487510
0.198000	0.285870
0.655000	1.404500
1.480000	1.889400
1.390000	1.698200
0.849000	0.805170
0.318000	0.372680
-0.122000	-0.164210
-0.571000	-0.575460
-0.941000	-0.826340
-1.170000	-1.569300
-0.993000	-0.985880
-0.166000	-0.092901
0.824000	0.349440
1.150000	1.051500
1.640000	1.394600
1.290000	1.477000
0.797000	0.664080
0.260000	0.258380
-0.137000	-0.141960
-0.499000	-0.683310
-0.913000	-1.070200
-1.170000	-1.367600
-0.515000	-0.814480
0.279000	-0.265070
0.720000	0.271070
1.460000	0.844690
1.370000	1.250400
1.400000	1.607400
1.190000	1.071000
0.724000	0.496700
0.099600	-0.139360
-0.567000	-0.584430
-0.949000	-0.997870
-1.200000	-1.460900
-0.835000	-1.110900
-0.293000	-0.499560
0.816000	0.284820
