1.040000	0.984630
0.931000	1.180400
1.210000	1.152700
0.929000	1.006800
0.351000	0.289230
-0.288000	-0.417230
-1.440000	-1.452100
-1.610000	-0.851640
-0.754000	-0.927510
-0.193000	-0.545300
0.390000	0.565540
0.824000	0.830560
1.230000	1.201600
1.180000	1.118900
1.080000	1.041300
0.776000	0.790430
0.176000	-0.362600
-0.814000	-1.064200
-1.440000	-1.274500
-1.290000	-0.993440
-0.653000	-1.192800
-0.242000	0.152540
0.413000	0.664730
1.180000	0.791780
1.180000	1.093700
1.030000	1.105900
1.120000	1.161900
0.803000	0.756120
0.051500	-0.120350
-0.783000	-0.759090
-1.480000	-1.486600
-1.630000	-1.604300
-0.958000	-1.005300
-0.310000	-0.263040
0.865000	0.390400
0.899000	0.575600
1.340000	0.844860
0.921000	0.778260
1.220000	1.258500
0.765000	0.746470
0.119000	-0.373630
-0.786000	-0.969450
-1.410000	-1.339500
-1.590000	-1.134000
-1.010000	-1.654000
-0.183000	-0.131160
0.370000	0.607030
0.963000	0.848470
1.050000	0.950240
0.922000	1.086800
0.955000	0.983220
0.618000	0.690420
-0.080400	-0.070404
-0.977000	-0.845090
-1.640000	-1.471100
-1.660000	-1.054900
-0.996000	-1.776700
-0.369000	-0.114700
0.372000	0.412350
1.040000	0.544370
1.070000	0.960310
0.848000	1.255700
0.770000	1.034100
0.729000	0.626710
0.212000	-0.201970
-0.735000	-0.882620
-1.450000	-1.091700
-1.710000	-1.246100
-1.230000	-1.501400
0.159000	0.042452
0.713000	0.634470
0.701000	0.761130
0.702000	0.904200
0.860000	0.808080
1.150000	1.026700
0.593000	0.548510
-0.473000	-0.484940
-1.260000	-1.109000
-1.720000	-1.710700
-1.730000	-1.478400
-0.986000	-1.345500
-0.368000	0.286400
0.360000	0.350070
1.110000	0.608620
1.050000	0.951940
0.821000	1.164300
0.828000	1.093200
0.833000	0.338500
0.299000	-0.017092
-0.713000	-0.837720
-1.470000	-1.241900
-1.740000	-1.063100
-1.340000	-1.695000
-0.858000	-0.159140
0.300000	0.424950
0.818000	0.559950
0.900000	1.109800
1.190000	1.167200
0.986000	1.039400
0.641000	0.306560
0.108000	-0.053838
-0.666000	-0.640710
-1.580000	-1.361200
-1.830000	-1.430300
-1.310000	-1.263300
-0.012900	0.043018
0.765000	0.313860
0.951000	0.781260
0.916000	0.982530
0.778000	1.224600
0.873000	1.296500
0.910000	0.697520
0.409000	0.259390
-0.542000	-0.757860
-1.470000	-1.159300
-1.670000	-1.323200
-1.370000	-1.415000
-0.679000	-0.362040
0.064900	0.184860
0.746000	0.695180
