0.976000	0.589280
1.100000	0.618830
1.160000	0.618830
0.885000	0.616290
0.406000	0.535260
-0.173000	0.482080
-1.260000	-0.710630
-1.760000	-0.824580
-1.010000	-1.451700
-0.098900	-0.995930
0.507000	0.607850
0.815000	0.608700
1.300000	0.612920
1.080000	0.610390
0.889000	0.493060
0.727000	0.546230
0.106000	-0.102880
-0.707000	-0.495380
-1.360000	-1.114100
-1.460000	-0.869320
-0.719000	-1.249200
-0.220000	0.249960
0.447000	0.558050
1.050000	0.611230
1.200000	0.606170
1.070000	0.618830
1.100000	0.596040
0.788000	0.562270
0.032100	0.139380
-0.688000	-0.128200
-1.430000	-0.832180
-1.680000	-1.620600
-0.987000	-1.468600
-0.278000	-0.286890
0.633000	0.562270
1.070000	0.611230
0.939000	0.617980
1.050000	0.617140
1.110000	0.618830
0.653000	0.617140
0.105000	0.519220
-0.750000	0.072612
-1.370000	-0.475120
-1.700000	-1.021300
-1.080000	-2.262100
-0.172000	0.111530
0.452000	0.574930
1.090000	0.609540
1.130000	0.612920
0.854000	0.604480
0.968000	0.610390
0.573000	0.563960
-0.018000	0.251650
-0.916000	-0.335850
-1.580000	-0.945280
-1.790000	-0.936840
-0.950000	-2.422500
-0.179000	-0.098655
0.511000	0.552140
1.150000	0.616290
0.971000	0.618830
0.764000	0.618830
0.877000	0.618830
0.744000	0.615450
0.228000	0.497280
-0.685000	0.002789
-1.360000	-0.522390
-1.840000	-0.747770
-1.400000	-1.738700
0.189000	0.306510
0.757000	0.607010
0.759000	0.612920
0.776000	0.613760
0.724000	0.592660
0.919000	0.585910
0.544000	0.585910
-0.330000	0.173140
-1.090000	-0.267470
-1.680000	-1.139400
-1.830000	-1.029700
-0.875000	-2.194500
-0.233000	0.293850
0.488000	0.557210
1.050000	0.616290
1.190000	0.618830
1.030000	0.617140
0.957000	0.617140
0.763000	0.607850
0.302000	0.452540
-0.670000	-0.019394
-1.430000	-0.499600
-1.830000	-0.587390
-1.430000	-2.675700
-0.840000	-0.588230
0.401000	0.574090
0.716000	0.612070
1.090000	0.616290
1.210000	0.612070
0.983000	0.617140
0.576000	0.598570
0.134000	0.456760
-0.647000	0.039186
-1.470000	-0.405060
-1.900000	-1.207000
-1.420000	-1.848500
-0.058800	0.341960
0.626000	0.577470
0.829000	0.611230
0.863000	0.618830
0.670000	0.617140
0.894000	0.618830
0.814000	0.515850
0.314000	0.532730
-0.543000	-0.065820
-1.360000	-0.759580
-1.710000	-1.299800
-1.440000	-2.523700
-0.619000	-0.610180
0.214000	0.543700
0.726000	0.617140
