1.140000	0.774880
1.650000	1.707600
1.460000	1.443300
0.866000	1.035300
0.285000	0.324130
0.028300	0.010712
-0.737000	-0.646400
-1.170000	-0.828130
-1.210000	-1.240300
-1.000000	-1.021400
0.258000	0.351500
1.230000	0.543560
1.120000	0.711820
1.040000	0.855890
0.777000	0.735040
0.016100	0.475750
-0.497000	-0.397280
-0.974000	-0.755610
-1.250000	-1.127400
-1.530000	-1.162400
-1.610000	-1.306700
-1.240000	-0.599800
-0.524000	-0.075453
0.348000	0.534540
1.100000	0.904200
1.230000	1.128600
0.999000	0.835760
0.754000	0.402520
0.051400	-0.263680
-0.587000	-0.576890
-0.951000	-1.012300
-1.400000	-1.423300
-1.660000	-1.454900
-1.430000	-0.896470
-0.864000	-0.294970
0.749000	0.303130
1.210000	1.159400
1.180000	1.103200
1.410000	1.727100
1.040000	0.731740
0.380000	0.024450
-0.159000	-0.347770
-0.583000	-0.713310
-1.170000	-1.045900
-1.370000	-1.624900
-0.877000	-0.665060
-0.227000	-0.183510
0.579000	0.311730
0.962000	0.618630
1.110000	0.637900
1.000000	0.789100
0.551000	0.305420
-0.251000	-0.337490
-0.824000	-0.772920
-1.200000	-1.071200
-1.500000	-1.268700
-1.800000	-1.855700
-1.780000	-1.021400
-1.320000	-0.149870
0.571000	0.321950
1.610000	1.243300
1.530000	2.132800
1.290000	1.725000
0.818000	0.709770
0.162000	0.159130
-0.313000	-0.279550
-0.663000	-0.652590
-1.200000	-0.893830
-1.350000	-1.374000
-0.713000	-0.496510
0.335000	0.223690
0.657000	0.339460
1.070000	0.895160
1.240000	0.790760
1.110000	0.900390
0.737000	0.242640
0.027000	-0.342140
-0.464000	-0.692760
-0.897000	-1.154300
-1.280000	-1.226200
-1.470000	-1.729500
-0.751000	-0.626770
0.115000	-0.185770
0.592000	0.518200
1.010000	1.567000
1.160000	1.851800
1.100000	1.529100
0.480000	0.666330
-0.011100	0.248150
-0.391000	-0.238320
-0.836000	-0.614890
-1.250000	-0.805830
-1.350000	-1.729800
-0.870000	-0.796410
0.708000	0.337900
1.150000	0.593190
1.660000	1.189500
1.050000	1.405000
1.090000	1.471400
0.621000	0.551010
0.082100	0.127610
-0.309000	-0.231560
-0.626000	-0.654740
-0.972000	-1.088500
-1.210000	-1.421100
-0.732000	-0.486150
0.481000	0.303760
0.839000	0.482960
1.000000	1.081500
1.020000	1.224700
1.270000	1.621800
0.892000	0.882670
0.371000	0.319050
-0.129000	-0.257650
-0.629000	-0.709640
-1.060000	-1.083900
-1.310000	-1.675800
-0.998000	-0.960950
0.014900	-0.098883
1.080000	0.505780
