Set	Nr	Normalized?	NSE	KGE	RMSE	mean_Yo	mean_Yp	sd_Yo	sd_Yp	r	N	Bias	KGE*	SetGroup
1	1	1	0.858271	-0.006000	0.368787	0.000400	0.000000	0.999794	0.920240	0.926449	25	-0.000000	0.892000	1.000000
1	2	1	0.747337	-60047995031606.000000	0.492076	-0.000000	-0.000870	1.000954	0.861990	0.864493	23	-0.000000	0.806000	1.000000
1	3	1	0.931270	-6433713753385.141602	0.256959	-0.000000	-0.000400	1.000358	0.959620	0.965041	25	-0.000000	0.946000	1.000000
1	4	1	0.973123	-0.000000	0.160611	0.000400	-0.000000	0.999877	0.980608	0.986487	25	-0.000000	0.976000	1.000000
1	5	1	0.894042	-0.003000	0.318823	0.000800	0.000000	0.999645	0.938558	0.945562	25	-0.000000	0.918000	1.000000
1	6	1	0.935122	-0.365000	0.249736	0.000000	-0.000000	1.000683	0.962345	0.967032	25	-0.000000	0.949000	1.000000
1	7	1	0.911969	-1.001000	0.290833	-0.000400	0.000400	1.000439	0.950353	0.954984	25	0.000000	0.933000	1.000000
1	8	1	0.835059	-15011998757901.001953	0.397960	0.000000	-0.000400	1.000092	0.910931	0.913821	25	-0.000000	0.876000	1.000000
1	9	1	0.660616	-0.360000	0.571006	0.001200	-0.000400	1.000368	0.808860	0.812796	25	-0.100000	0.732000	1.000000
1	10	1	0.741671	-3.005000	0.497867	0.000000	-0.000000	0.999750	0.856908	0.861213	25	0.000000	0.801000	1.000000
2	1	1	0.807978	0.836000	0.429232	-0.000400	-0.000400	0.999727	0.870395	0.899334	25	0.000000	0.836000	1.000000
2	2	1	0.873925	-68626280036118.484375	0.347575	-0.000000	-0.000870	1.000891	0.926812	0.934882	23	-0.100000	0.901000	1.000000
2	3	1	0.774894	-0.015000	0.464470	-0.000400	-0.000000	0.999143	0.869583	0.880337	25	0.000000	0.824000	1.000000
2	4	1	0.556602	-0.306000	0.651091	0.000000	-0.000000	0.997952	0.717734	0.746559	25	-0.000000	0.622000	1.000000
2	5	1	0.773745	-90071992547408.000000	0.466532	0.000000	0.000400	1.001029	0.846549	0.880309	25	0.000000	0.805000	1.000000
2	6	1	0.501282	0.338000	0.692101	-0.000800	-0.000400	1.000245	0.678371	0.708668	25	0.000000	0.566000	1.000000
2	7	1	0.720645	-1.014000	0.517764	-0.000800	0.000800	0.999812	0.814391	0.849635	25	0.100000	0.761000	1.000000
2	8	1	0.214804	-30023997515801.332031	0.868622	0.000000	0.000800	1.000475	0.448673	0.463722	25	0.100000	0.231000	1.000000
2	9	1	0.578705	-120095990063208.843750	0.635956	0.000000	0.000800	0.999996	0.749916	0.760805	25	0.000000	0.654000	1.000000
2	10	1	0.780515	-1.008000	0.458423	0.000400	-0.000400	0.998684	0.867283	0.883598	25	-0.100000	0.824000	1.000000
3	1	1	0.530101	-104.001000	0.672390	0.000769	-0.080000	1.000312	0.752521	0.732976	26	-6.100000	0.627000	1.000000
3	2	1	0.804542	-0.509000	0.432800	-0.000800	0.000400	0.999137	0.870649	0.897338	25	0.100000	0.835000	1.000000
3	3	1	0.992698	-1.000000	0.083758	0.000385	0.001154	0.999594	0.990936	0.996355	26	0.100000	0.991000	1.000000
3	4	1	0.758980	-0.018000	0.481811	0.000385	0.000769	1.000846	0.863347	0.871237	26	0.100000	0.812000	1.000000
3	5	1	0.692874	0.744000	0.552569	0.016400	0.016800	1.017636	0.821516	0.832781	25	0.000000	0.745000	1.000000
3	6	1	0.592993	0.657000	0.625786	-0.000385	-0.000385	1.000326	0.745968	0.770458	26	-0.000000	0.657000	1.000000
3	7	1	0.796552	-0.509000	0.442584	-0.000769	0.000385	1.000659	0.870308	0.892797	26	0.100000	0.831000	1.000000
3	8	1	0.659532	-2.014000	0.571997	0.000385	-0.000769	0.999706	0.783540	0.812629	26	-0.100000	0.714000	1.000000
3	9	1	0.960453	-1.001000	0.195133	-0.000385	0.000385	1.000666	0.951203	0.980484	26	0.100000	0.947000	1.000000
3	10	1	0.596794	-30023997515804.996094	0.622622	-0.000000	0.000385	0.999948	0.751439	0.772819	26	0.000000	0.663000	1.000000
4	1	1	0.831498	-86966061769910.750000	0.402033	0.000000	0.005385	0.998795	0.938246	0.912284	26	0.700000	0.893000	1.000000
4	2	1	0.802352	0.235000	0.435555	0.001600	0.000400	0.999911	0.889543	0.895763	25	-0.100000	0.848000	1.000000
4	3	1	0.523576	-45035996273704.992188	0.676652	-0.000000	-0.000385	0.999736	0.719358	0.723597	26	-0.000000	0.606000	1.000000
4	4	1	0.932358	0.497000	0.254891	-0.001538	-0.000769	0.999455	0.959900	0.965601	26	0.100000	0.948000	1.000000
4	5	1	0.842960	-1.004000	0.388260	-0.000385	-0.001154	0.999158	0.909590	0.918162	26	-0.100000	0.879000	1.000000
4	6	1	0.847048	-1.003000	0.383556	-0.000385	0.000385	1.000158	0.915251	0.920368	26	0.100000	0.884000	1.000000
4	7	1	0.993504	0.667000	0.079081	-0.000000	-0.000000	1.000584	0.990689	0.996769	26	-0.000000	0.990000	1.000000
4	8	1	0.699493	-1.014000	0.537845	-0.000769	0.000769	1.000568	0.823373	0.836469	26	0.200000	0.759000	1.000000
4	9	1	0.793984	-0.012000	0.445274	-0.000769	-0.000000	1.000448	0.888626	0.891063	26	0.100000	0.844000	1.000000
4	10	1	0.752656	-1.009000	0.488097	-0.000385	0.000385	1.000858	0.863488	0.867571	26	0.100000	0.809000	1.000000
5	1	1	0.763857	-7205759403792.320312	0.476623	0.000000	-0.000769	1.000240	0.862150	0.874074	26	-0.100000	0.813000	1.000000
5	2	1	0.868716	-133.000000	0.348061	0.000385	0.051923	0.979639	0.958616	0.934625	26	4.300000	0.913000	1.000000
5	3	1	0.599372	-0.052000	0.619755	0.000385	0.000000	0.998541	0.763560	0.774250	26	-0.000000	0.674000	1.000000
5	4	1	0.905035	-60047995031603.664062	0.302464	-0.000000	-0.000769	1.000944	0.934824	0.951496	26	-0.100000	0.918000	1.000000
5	5	1	0.789423	0.832000	0.449675	-0.000385	-0.000385	0.999334	0.873418	0.888615	26	-0.000000	0.832000	1.000000
5	6	1	0.619269	0.695000	0.604992	0.000385	0.000385	0.999902	0.781155	0.786957	26	-0.000000	0.695000	1.000000
5	7	1	0.822902	0.481000	0.412418	0.000769	0.000385	0.999420	0.894103	0.907227	26	-0.100000	0.860000	1.000000
5	8	1	0.345571	-90071992547409.984375	0.792309	0.000000	-0.000769	0.998803	0.581467	0.587881	26	-0.100000	0.413000	1.000000
5	9	1	0.675501	-0.032000	0.559186	-0.000385	-0.000769	1.001073	0.817894	0.821903	26	-0.000000	0.745000	1.000000
5	10	1	0.390269	-0.134000	0.765818	0.000000	0.000000	1.000168	0.617816	0.624755	26	0.000000	0.464000	1.000000
6	1	1	0.999999	0.999000	0.000990	0.161373	0.161275	1.291181	1.291067	1.000000	102	-0.000000	1.000000	2.000000
6	2	1	0.836639	0.422000	0.404364	0.005466	0.002415	1.002583	0.879801	0.915471	236	-0.200000	0.851000	2.000000
6	3	1	1.000000	1.000000	0.000000	0.597903	0.597903	1.157714	1.157714	1.000000	62	0.000000	1.000000	2.000000
6	4	1	1.000000	1.000000	0.000000	0.206174	0.206174	1.099163	1.099163	1.000000	149	0.000000	1.000000	2.000000
6	5	1	0.569335	-0.088000	0.672031	0.006633	0.013469	1.026669	0.772324	0.754576	196	0.500000	0.651000	2.000000
6	6	1	0.899659	0.567000	0.316372	0.003315	0.004728	1.001479	0.946898	0.948509	184	0.100000	0.925000	2.000000
6	7	1	0.608476	-0.532000	0.624662	0.000155	-0.000078	1.000251	0.779778	0.780049	258	-0.000000	0.689000	2.000000
7	1	1	0.982431	0.931000	0.132500	0.000021	0.000020	1.000027	0.991695	0.991177	1273	-0.000000	0.988000	3.000000
7	2	1	0.827103	-0.239000	0.415590	-0.000230	0.000053	0.999916	0.909957	0.909452	1132	0.000000	0.872000	3.000000
7	3	1	0.844352	0.883000	0.394456	-0.000615	-0.000628	1.000322	0.918931	0.918886	1019	-0.000000	0.885000	3.000000
7	4	1	0.849462	-0.129000	0.387837	0.000202	-0.000025	1.000088	0.921171	0.921663	1023	-0.000000	0.889000	3.000000
7	5	1	0.629184	-130.039000	0.608710	0.000002	-0.000300	0.999996	0.792297	0.793212	1302	-0.000000	0.707000	3.000000
7	6	1	0.629184	-130.039000	0.608710	0.000002	-0.000300	0.999996	0.792297	0.793212	1302	-0.000000	0.707000	3.000000
7	7	1	0.982431	0.931000	0.132500	0.000021	0.000020	1.000027	0.991695	0.991177	1273	-0.000000	0.988000	3.000000
7	8	1	0.983299	-6.109000	0.129136	-0.000038	0.000231	0.999665	0.991280	0.991615	1272	0.000000	0.988000	3.000000
7	9	1	0.864316	-0.198000	0.367538	-0.002658	0.000514	0.998147	0.929688	0.929693	1382	0.200000	0.902000	3.000000
7	10	1	0.963696	-5.932000	0.190448	-0.000043	-0.000343	0.999911	0.981442	0.981680	1341	-0.000000	0.974000	3.000000
7	11	1	0.940774	-0.187000	0.243300	0.000158	0.000344	1.000085	0.970600	0.969935	1441	0.000000	0.958000	3.000000
7	12	1	0.893884	-1.849000	0.325590	-0.000014	0.000026	1.000004	0.946378	0.945455	980	0.000000	0.924000	3.000000
8	1	1	0.999979	1.000000	0.004486	-0.118972	-0.118929	0.984554	0.984740	0.999990	719	0.000000	1.000000	4.000000
8	2	1	0.964901	0.805000	0.188300	-0.003714	-0.004428	1.005565	0.974563	0.982383	1032	-0.000000	0.964000	4.000000
8	3	1	0.982010	-0.506000	0.134426	0.000751	-0.000380	1.002577	0.988512	0.990978	1448	-0.000000	0.983000	4.000000
8	4	1	0.854091	0.843000	0.381962	0.003974	0.003522	1.000287	0.922502	0.924173	1499	-0.000000	0.891000	4.000000
8	5	1	0.972277	0.939000	0.166396	-0.029894	-0.028135	0.999738	0.996102	0.986096	1346	0.100000	0.986000	4.000000
8	6	1	0.934604	0.730000	0.258238	0.006007	0.004409	1.010160	0.975606	0.966751	1488	-0.100000	0.952000	4.000000
8	7	1	0.902429	0.643000	0.318578	-0.004640	-0.006257	1.020266	0.957432	0.950035	1376	-0.000000	0.921000	4.000000
8	8	1	0.825507	-1.794000	0.421361	-0.000732	0.001311	1.009039	0.905238	0.908649	1525	0.100000	0.862000	4.000000
8	9	1	0.999905	0.990000	0.009821	-0.043599	-0.044022	1.007578	1.007836	0.999953	726	-0.000000	1.000000	4.000000
8	10	1	0.777553	0.412000	0.474170	-0.002105	-0.000919	1.005724	0.885551	0.881792	1382	0.000000	0.832000	4.000000
8	11	1	0.804048	0.369000	0.452663	-0.001532	-0.002470	1.022949	0.906458	0.896751	1405	-0.000000	0.846000	4.000000
8	12	1	0.875313	0.801000	0.353096	-0.002632	-0.002167	1.000401	0.933794	0.935584	1140	0.000000	0.907000	4.000000
9	1	1	0.507792	-0.079000	0.698662	0.000384	0.000000	1.000023	0.712602	0.712595	120	-0.000000	0.594000	5.000000
9	2	1	0.726174	0.531000	0.520571	-0.009063	-0.005251	0.999021	0.854386	0.852172	119	0.100000	0.793000	5.000000
9	3	1	0.795375	-0.081000	0.450570	-0.000022	0.000002	1.000229	0.891818	0.891838	120	0.000000	0.847000	5.000000
9	4	1	0.761672	0.565000	0.485899	-0.008927	-0.005381	0.999518	0.874856	0.872749	119	0.100000	0.822000	5.000000
9	5	1	0.801681	0.004000	0.443465	-0.000119	-0.000002	0.999987	0.895319	0.895367	120	0.000000	0.852000	5.000000
9	6	1	0.712839	-0.015000	0.533639	-0.000072	-0.000001	1.000006	0.844386	0.844298	120	0.000000	0.780000	5.000000
9	7	1	0.695864	0.512000	0.548524	-0.009003	-0.005142	0.998836	0.836481	0.834200	119	0.100000	0.768000	5.000000
9	8	1	0.691593	-0.028000	0.553204	-0.000183	-0.000000	1.000323	0.831615	0.831620	120	0.000000	0.762000	5.000000
9	9	1	0.731758	-0.022000	0.515682	-0.000260	0.000000	0.999853	0.855500	0.855429	120	0.000000	0.796000	5.000000
9	10	1	0.798779	0.000000	0.446702	0.000117	0.000001	0.999994	0.893754	0.893744	120	-0.000000	0.850000	5.000000
9	11	1	0.516018	-0.089000	0.693161	0.000055	-0.000001	1.000545	0.718288	0.718344	120	-0.000000	0.601000	5.000000
9	12	1	0.519173	-0.077000	0.690703	0.000297	-0.000000	1.000263	0.720697	0.720536	120	-0.000000	0.605000	5.000000
9	13	1	0.521520	0.206000	0.682955	-0.014483	-0.004448	0.991500	0.723683	0.722275	119	0.400000	0.612000	5.000000
9	14	1	0.621187	0.404000	0.611667	-0.010008	-0.004839	0.998010	0.790690	0.788182	119	0.200000	0.703000	5.000000
9	15	1	0.605746	0.305000	0.622199	-0.012696	-0.004794	0.995116	0.779965	0.778357	119	0.300000	0.690000	5.000000
9	16	1	0.617201	0.331000	0.613529	-0.012061	-0.004840	0.995824	0.787487	0.785672	119	0.300000	0.700000	5.000000
9	17	1	0.645966	0.393000	0.590702	-0.010783	-0.004939	0.996962	0.805797	0.803754	119	0.200000	0.726000	5.000000
9	18	1	0.645717	0.355000	0.589884	-0.011895	-0.004951	0.995231	0.805326	0.803615	119	0.300000	0.726000	5.000000
9	19	1	0.690012	0.469000	0.552340	-0.019701	-0.010320	0.996281	0.835054	0.830757	118	0.400000	0.766000	5.000000
9	20	1	0.732117	0.537000	0.515610	-0.008915	-0.005201	1.000417	0.857749	0.855648	119	0.100000	0.797000	5.000000
9	21	1	0.760205	-0.018000	0.487654	0.000166	-0.000000	1.000021	0.871943	0.871897	120	-0.000000	0.819000	5.000000
9	22	1	0.789145	0.499000	0.456123	-0.010414	-0.005457	0.997521	0.889837	0.888360	119	0.200000	0.845000	5.000000
9	23	1	0.565825	-0.068000	0.655942	0.000034	-0.000000	0.999655	0.752128	0.752213	120	-0.000000	0.650000	5.000000
9	24	1	0.811198	-0.010000	0.432772	0.000063	-0.000000	1.000166	0.900866	0.900665	120	-0.000000	0.860000	5.000000
9	25	1	0.803077	0.469000	0.440550	-0.011171	-0.005463	0.996964	0.897445	0.896173	119	0.200000	0.856000	5.000000
9	26	1	0.770314	-0.016000	0.477228	0.000222	-0.000000	0.999943	0.877759	0.877675	120	-0.000000	0.827000	5.000000
9	27	1	0.536136	-0.089000	0.678228	-0.000037	0.000001	0.999994	0.732184	0.732213	120	0.000000	0.621000	5.000000
9	28	1	0.647248	-0.035000	0.591706	-0.000102	-0.000000	1.000433	0.804218	0.804518	120	0.000000	0.723000	5.000000
9	29	1	0.680065	-0.025000	0.563248	0.000115	0.000001	0.999967	0.824393	0.824660	120	-0.000000	0.752000	5.000000
9	30	1	0.686739	-0.029000	0.557617	-0.000140	-0.000000	1.000461	0.828647	0.828697	120	0.000000	0.757000	5.000000
9	31	1	0.712632	0.603000	0.533939	-0.007710	-0.005156	1.000241	0.846659	0.844182	119	0.100000	0.781000	5.000000
9	32	1	0.731057	-0.020000	0.516549	-0.000164	-0.000000	1.000226	0.854953	0.855019	120	0.000000	0.795000	5.000000
9	33	1	0.711394	-0.022000	0.534902	-0.000170	-0.000000	0.999859	0.843305	0.843442	120	0.000000	0.779000	5.000000
9	34	1	0.574364	0.309000	0.647016	-0.011767	-0.004674	0.995928	0.760080	0.757920	119	0.300000	0.661000	5.000000
9	35	1	0.717703	-0.033000	0.529198	-0.000034	0.000000	1.000188	0.847286	0.847173	120	0.000000	0.784000	5.000000
9	36	1	0.766325	-0.006000	0.481473	0.000095	0.000001	1.000192	0.875268	0.875400	120	-0.000000	0.824000	5.000000
9	37	1	0.773529	0.352000	0.473896	0.000003	0.000001	0.999986	0.879409	0.879505	120	-0.000000	0.830000	5.000000
9	38	1	0.789374	0.086000	0.456810	-0.000001	-0.000000	0.999531	0.888575	0.888467	120	0.000000	0.843000	5.000000
9	39	1	0.794620	0.555000	0.450728	-0.009352	-0.005440	0.998775	0.893415	0.891429	119	0.100000	0.849000	5.000000
9	40	1	0.801186	-0.022000	0.443984	0.000076	-0.000001	0.999909	0.895003	0.895090	120	-0.000000	0.852000	5.000000
9	41	1	0.797606	0.620000	0.447895	-0.008451	-0.005503	0.999794	0.895149	0.893096	119	0.100000	0.850000	5.000000
9	42	1	0.794996	-0.021000	0.450887	0.000100	-0.000001	1.000008	0.891653	0.891625	120	-0.000000	0.847000	5.000000
9	43	1	0.719959	0.623000	0.527810	-0.015312	-0.010543	1.001648	0.853321	0.848524	118	0.200000	0.788000	5.000000
9	44	1	0.622670	-0.054000	0.611535	-0.000032	0.000000	0.999718	0.789071	0.789094	120	0.000000	0.702000	5.000000
9	45	1	0.650052	0.462000	0.586869	-0.028363	-0.015111	0.996330	0.813343	0.806430	117	0.500000	0.733000	5.000000
9	46	1	0.660559	0.447000	0.577942	-0.019790	-0.010115	0.996208	0.817270	0.812841	118	0.400000	0.740000	5.000000
9	47	1	0.698096	-0.029000	0.547064	-0.000530	0.000001	0.999818	0.835180	0.835522	120	0.000000	0.767000	5.000000
9	48	1	0.727192	0.526000	0.519523	-0.009134	-0.005239	0.998869	0.854953	0.852770	119	0.100000	0.794000	5.000000
10	1	1	0.795994	-0.014000	0.449794	0.000384	-0.000001	1.000023	0.892185	0.892185	120	-0.000000	0.848000	5.000000
10	2	1	0.843808	0.014000	0.393506	0.000096	0.000002	0.999862	0.918654	0.918591	120	-0.000000	0.885000	5.000000
10	3	1	0.856652	-0.042000	0.377118	-0.000022	0.000001	1.000229	0.925517	0.925555	120	0.000000	0.895000	5.000000
10	4	1	0.780828	-0.023000	0.466200	-0.000102	0.000001	0.999993	0.883598	0.883645	120	0.000000	0.835000	5.000000
10	5	1	0.829282	-0.015000	0.411450	-0.000119	0.000001	0.999987	0.910607	0.910649	120	0.000000	0.874000	5.000000
10	6	1	0.724849	-0.021000	0.522362	-0.000072	-0.000000	1.000006	0.851480	0.851381	120	0.000000	0.790000	5.000000
10	7	1	0.703007	-0.022000	0.542520	0.000156	0.000001	0.999677	0.838447	0.838455	120	-0.000000	0.772000	5.000000
10	8	1	0.705884	-0.022000	0.540235	-0.000183	-0.000001	1.000323	0.840190	0.840169	120	0.000000	0.774000	5.000000
10	9	1	0.753662	-0.016000	0.494180	-0.000260	-0.000000	0.999853	0.868225	0.868137	120	0.000000	0.814000	5.000000
10	10	1	0.799646	-0.000000	0.445738	0.000117	0.000001	0.999994	0.894239	0.894229	120	-0.000000	0.850000	5.000000
10	11	1	0.815147	-0.041000	0.428383	0.000055	-0.000002	1.000545	0.902880	0.902855	120	-0.000000	0.862000	5.000000
10	12	1	0.862534	-0.001000	0.369313	0.000297	0.000001	1.000263	0.928774	0.928727	120	-0.000000	0.899000	5.000000
10	13	1	0.837285	-0.036000	0.401613	-0.000112	0.000003	0.999796	0.915136	0.915033	120	0.000000	0.880000	5.000000
10	14	1	0.852301	-0.002000	0.382841	0.000408	0.000002	1.000337	0.923285	0.923201	120	-0.000000	0.891000	5.000000
10	15	1	0.836671	-0.010000	0.402604	-0.000173	0.000000	1.000376	0.914663	0.914697	120	0.000000	0.879000	5.000000
10	16	1	0.838908	-0.012000	0.399772	-0.000127	0.000001	1.000211	0.915989	0.915919	120	0.000000	0.881000	5.000000
10	17	1	0.830674	-0.006000	0.409709	0.000057	0.000000	0.999841	0.911438	0.911413	120	-0.000000	0.875000	5.000000
10	18	1	0.837503	-0.047000	0.401228	-0.000046	0.000002	0.999505	0.915320	0.915152	120	0.000000	0.880000	5.000000
10	19	1	0.850888	-0.010000	0.384422	0.000127	-0.000001	0.999697	0.922455	0.922436	120	-0.000000	0.891000	5.000000
10	20	1	0.855925	-0.011000	0.378255	-0.000257	0.000001	1.000708	0.925064	0.925163	120	0.000000	0.894000	5.000000
10	21	1	0.851980	-0.007000	0.383136	0.000166	-0.000000	1.000021	0.922986	0.923028	120	-0.000000	0.891000	5.000000
10	22	1	0.852042	0.144000	0.382993	0.000006	0.000001	0.999858	0.922935	0.923061	120	-0.000000	0.891000	5.000000
10	23	1	0.852648	-0.077000	0.382130	0.000034	-0.000002	0.999655	0.923371	0.923389	120	-0.000000	0.892000	5.000000
10	24	1	0.841460	-0.016000	0.396574	0.000063	-0.000001	1.000166	0.917527	0.917311	120	-0.000000	0.883000	5.000000
10	25	1	0.815623	-0.000000	0.427627	-0.000161	-0.000002	1.000066	0.903110	0.903118	120	0.000000	0.863000	5.000000
10	26	1	0.778189	-0.006000	0.468974	0.000222	0.000002	0.999943	0.882220	0.882150	120	-0.000000	0.833000	5.000000
10	27	1	0.797091	-0.011000	0.448570	-0.000037	-0.000000	0.999994	0.892828	0.892800	120	0.000000	0.848000	5.000000
10	28	1	0.800805	0.007000	0.444642	-0.000102	-0.000002	1.000433	0.894705	0.894877	120	0.000000	0.851000	5.000000
10	29	1	0.806389	-0.006000	0.438161	0.000115	0.000000	0.999967	0.897910	0.897992	120	-0.000000	0.856000	5.000000
10	30	1	0.805590	-0.009000	0.439281	-0.000140	-0.000000	1.000461	0.897484	0.897547	120	0.000000	0.855000	5.000000
10	31	1	0.833597	-0.011000	0.406210	0.000388	-0.000001	0.999972	0.913081	0.913016	120	-0.000000	0.877000	5.000000
10	32	1	0.853207	0.007000	0.381623	-0.000164	-0.000002	1.000226	0.923647	0.923692	120	0.000000	0.892000	5.000000
10	33	1	0.847003	-0.012000	0.389460	-0.000170	0.000001	0.999859	0.920251	0.920328	120	0.000000	0.887000	5.000000
10	34	1	0.837321	-0.024000	0.401634	-0.000085	0.000001	0.999956	0.915024	0.915052	120	0.000000	0.880000	5.000000
10	35	1	0.850155	-0.108000	0.385555	-0.000034	0.000003	1.000188	0.922117	0.922038	120	0.000000	0.890000	5.000000
10	36	1	0.860445	-0.016000	0.372082	0.000095	-0.000001	1.000192	0.927530	0.927602	120	-0.000000	0.897000	5.000000
10	37	1	0.866893	0.062000	0.363310	0.000003	0.000000	0.999986	0.930951	0.931071	120	-0.000000	0.902000	5.000000
10	38	1	0.853756	0.153000	0.380644	-0.000001	-0.000000	0.999531	0.924081	0.923989	120	0.000000	0.893000	5.000000
10	39	1	0.813230	0.002000	0.430321	0.000059	0.000001	0.999899	0.901860	0.901793	120	-0.000000	0.861000	5.000000
10	40	1	0.824802	-0.012000	0.416781	0.000076	-0.000000	0.999909	0.908093	0.908186	120	-0.000000	0.870000	5.000000
10	41	1	0.828088	0.003000	0.412893	0.000119	0.000001	1.000001	0.909887	0.909993	120	-0.000000	0.873000	5.000000
10	42	1	0.818438	0.007000	0.424325	0.000100	0.000002	1.000008	0.904678	0.904675	120	-0.000000	0.865000	5.000000
10	43	1	0.727195	-0.082000	0.520255	0.000027	-0.000002	1.000246	0.852794	0.852757	120	-0.000000	0.792000	5.000000
10	44	1	0.837038	0.007000	0.401887	-0.000032	-0.000000	0.999718	0.914925	0.914898	120	0.000000	0.880000	5.000000
10	45	1	0.834761	0.006000	0.404758	-0.000095	-0.000001	0.999899	0.913715	0.913653	120	0.000000	0.878000	5.000000
10	46	1	0.842306	-0.008000	0.395379	0.000207	-0.000000	0.999824	0.917733	0.917772	120	-0.000000	0.884000	5.000000
10	47	1	0.837946	-0.007000	0.400805	-0.000530	0.000000	0.999818	0.915193	0.915394	120	0.000000	0.880000	5.000000
10	48	1	0.838869	-0.000000	0.399694	0.000192	0.000001	0.999896	0.915902	0.915898	120	-0.000000	0.881000	5.000000
11	1	1	0.898739	0.002000	0.316894	0.000384	0.000002	1.000023	0.947946	0.948019	120	-0.000000	0.926000	5.000000
11	2	1	0.889330	-0.008000	0.331237	0.000096	-0.000000	0.999862	0.943087	0.943043	120	-0.000000	0.920000	5.000000
11	3	1	0.901640	0.045000	0.312387	-0.000022	-0.000001	1.000229	0.949503	0.949547	120	0.000000	0.928000	5.000000
11	4	1	0.864673	0.010000	0.366329	-0.000102	-0.000001	0.999993	0.929808	0.929878	120	0.000000	0.901000	5.000000
11	5	1	0.890428	-0.005000	0.329631	-0.000119	0.000000	0.999987	0.943561	0.943625	120	0.000000	0.920000	5.000000
11	6	1	0.826525	-0.003000	0.414766	-0.000072	-0.000000	1.000006	0.909242	0.909134	120	0.000000	0.872000	5.000000
11	7	1	0.818609	-0.016000	0.423985	0.000156	-0.000001	0.999677	0.904731	0.904770	120	-0.000000	0.866000	5.000000
11	8	1	0.815430	-0.007000	0.427961	-0.000183	-0.000000	1.000323	0.903110	0.903012	120	0.000000	0.863000	5.000000
11	9	1	0.849811	-0.015000	0.385867	-0.000260	0.000002	0.999853	0.921954	0.921852	120	0.000000	0.890000	5.000000
11	10	1	0.858429	-0.001000	0.374686	0.000117	0.000001	0.999994	0.926517	0.926514	120	-0.000000	0.896000	5.000000
11	11	1	0.878312	-0.051000	0.347570	0.000055	-0.000003	1.000545	0.937187	0.937183	120	-0.000000	0.911000	5.000000
11	12	1	0.911630	-0.000000	0.296107	0.000297	0.000001	1.000263	0.954817	0.954793	120	-0.000000	0.936000	5.000000
11	13	1	0.894583	-0.005000	0.323258	-0.000112	0.000000	0.999796	0.945936	0.945824	120	0.000000	0.924000	5.000000
11	14	1	0.918941	-0.002000	0.283615	0.000408	0.000000	1.000337	0.958646	0.958614	120	-0.000000	0.941000	5.000000
11	15	1	0.911199	-0.003000	0.296862	-0.000173	0.000000	1.000376	0.954532	0.954567	120	0.000000	0.935000	5.000000
11	16	1	0.913503	-0.000000	0.292938	-0.000127	-0.000000	1.000211	0.955856	0.955773	120	0.000000	0.937000	5.000000
11	17	1	0.911941	-0.043000	0.295462	0.000057	-0.000002	0.999841	0.955000	0.954956	120	-0.000000	0.936000	5.000000
11	18	1	0.911291	0.032000	0.296450	-0.000046	-0.000002	0.999505	0.954687	0.954616	120	0.000000	0.936000	5.000000
11	19	1	0.911219	0.000000	0.296627	0.000127	0.000000	0.999697	0.954621	0.954578	120	-0.000000	0.936000	5.000000
11	20	1	0.899420	0.007000	0.316042	-0.000257	-0.000003	1.000708	0.948312	0.948378	120	0.000000	0.926000	5.000000
11	21	1	0.896681	-0.009000	0.320098	0.000166	-0.000001	1.000021	0.946877	0.946932	120	-0.000000	0.925000	5.000000
11	22	1	0.903730	0.050000	0.308934	0.000006	0.000000	0.999858	0.950584	0.950647	120	-0.000000	0.930000	5.000000
11	23	1	0.910011	-0.049000	0.298625	0.000034	-0.000002	0.999655	0.953942	0.953945	120	-0.000000	0.935000	5.000000
11	24	1	0.894783	-0.035000	0.323071	0.000063	-0.000002	1.000166	0.946093	0.945930	120	-0.000000	0.924000	5.000000
11	25	1	0.871921	-0.008000	0.356411	-0.000161	0.000001	1.000066	0.933781	0.933767	120	0.000000	0.906000	5.000000
11	26	1	0.851112	-0.005000	0.384227	0.000222	0.000000	0.999943	0.922578	0.922557	120	-0.000000	0.891000	5.000000
11	27	1	0.897380	0.021000	0.319004	-0.000037	-0.000001	0.999994	0.947383	0.947302	120	0.000000	0.926000	5.000000
11	28	1	0.901394	0.008000	0.312840	-0.000102	-0.000001	1.000433	0.949322	0.949418	120	0.000000	0.928000	5.000000
11	29	1	0.884932	0.017000	0.337790	0.000115	0.000002	0.999967	0.940627	0.940708	120	-0.000000	0.916000	5.000000
11	30	1	0.887869	-0.010000	0.333615	-0.000140	0.000001	1.000461	0.942236	0.942268	120	0.000000	0.918000	5.000000
11	31	1	0.905303	0.001000	0.306436	0.000388	0.000001	0.999972	0.951548	0.951474	120	-0.000000	0.931000	5.000000
11	32	1	0.914619	-0.009000	0.291046	-0.000164	0.000001	1.000226	0.956356	0.956357	120	0.000000	0.938000	5.000000
11	33	1	0.906238	0.009000	0.304884	-0.000170	-0.000002	0.999859	0.951951	0.951965	120	0.000000	0.932000	5.000000
11	34	1	0.882775	-0.002000	0.340937	-0.000085	-0.000000	0.999956	0.939587	0.939561	120	0.000000	0.915000	5.000000
11	35	1	0.899202	0.049000	0.316220	-0.000034	-0.000002	1.000188	0.948308	0.948263	120	0.000000	0.927000	5.000000
11	36	1	0.899793	-0.000000	0.315293	0.000095	0.000000	1.000192	0.948510	0.948574	120	-0.000000	0.927000	5.000000
11	37	1	0.900864	0.554000	0.313539	0.000003	0.000002	0.999986	0.949026	0.949139	120	-0.000000	0.928000	5.000000
11	38	1	0.897180	0.117000	0.319166	-0.000001	-0.000002	0.999531	0.947278	0.947196	120	-0.000000	0.926000	5.000000
11	39	1	0.870517	-0.019000	0.358298	0.000059	-0.000001	0.999899	0.933094	0.933015	120	-0.000000	0.905000	5.000000
11	40	1	0.880784	-0.023000	0.343804	0.000076	-0.000001	0.999909	0.938425	0.938501	120	-0.000000	0.913000	5.000000
11	41	1	0.887235	-0.006000	0.334403	0.000119	-0.000000	1.000001	0.941813	0.941932	120	-0.000000	0.918000	5.000000
11	42	1	0.879415	-0.007000	0.345806	0.000100	-0.000000	1.000008	0.937788	0.937772	120	-0.000000	0.912000	5.000000
11	43	1	0.814319	-0.004000	0.429213	0.000027	0.000000	1.000246	0.902444	0.902396	120	-0.000000	0.862000	5.000000
11	44	1	0.897081	0.145000	0.319381	-0.000032	-0.000005	0.999718	0.947138	0.947143	120	0.000000	0.925000	5.000000
11	45	1	0.896750	-0.012000	0.319952	-0.000095	0.000001	0.999899	0.947017	0.946969	120	0.000000	0.925000	5.000000
11	46	1	0.898143	0.001000	0.317762	0.000207	0.000001	0.999824	0.947627	0.947704	120	-0.000000	0.926000	5.000000
11	47	1	0.900544	0.000000	0.313992	-0.000530	-0.000002	0.999818	0.948853	0.948970	120	0.000000	0.928000	5.000000
11	48	1	0.898105	-0.004000	0.317845	0.000192	-0.000000	0.999896	0.947655	0.947684	120	-0.000000	0.926000	5.000000
12	1	1	0.898826	-0.005000	0.316758	0.000384	-0.000001	1.000023	0.947987	0.948064	120	-0.000000	0.926000	5.000000
12	2	1	0.893769	0.005000	0.324525	0.000096	0.000001	0.999862	0.945430	0.945394	120	-0.000000	0.923000	5.000000
12	3	1	0.917099	-0.056000	0.286788	-0.000022	0.000001	1.000229	0.957605	0.957653	120	0.000000	0.940000	5.000000
12	4	1	0.913675	0.005000	0.292582	-0.000102	-0.000001	0.999993	0.955791	0.955864	120	0.000000	0.938000	5.000000
12	5	1	0.921490	-0.012000	0.279024	-0.000119	0.000001	0.999987	0.959886	0.959943	120	0.000000	0.943000	5.000000
12	6	1	0.904967	-0.023000	0.306988	-0.000072	0.000001	1.000006	0.951350	0.951298	120	0.000000	0.931000	5.000000
12	7	1	0.910114	0.004000	0.298462	0.000156	0.000001	0.999677	0.953953	0.953999	120	-0.000000	0.935000	5.000000
12	8	1	0.904408	-0.012000	0.307987	-0.000183	0.000002	1.000323	0.951111	0.951004	120	0.000000	0.931000	5.000000
12	9	1	0.912687	0.002000	0.294210	-0.000260	-0.000001	0.999853	0.955392	0.955347	120	0.000000	0.937000	5.000000
12	10	1	0.892434	0.004000	0.326601	0.000117	0.000001	0.999994	0.944703	0.944687	120	-0.000000	0.922000	5.000000
12	11	1	0.880065	-0.032000	0.345059	0.000055	-0.000002	1.000545	0.938111	0.938118	120	-0.000000	0.912000	5.000000
12	12	1	0.911719	-0.009000	0.295959	0.000297	-0.000002	1.000263	0.954870	0.954840	120	-0.000000	0.936000	5.000000
12	13	1	0.895900	0.009000	0.321233	-0.000112	-0.000001	0.999796	0.946636	0.946520	120	0.000000	0.925000	5.000000
12	14	1	0.919271	0.005000	0.283037	0.000408	0.000003	1.000337	0.958811	0.958786	120	-0.000000	0.942000	5.000000
12	15	1	0.911804	-0.013000	0.295850	-0.000173	0.000002	1.000376	0.954856	0.954884	120	0.000000	0.936000	5.000000
12	16	1	0.914808	-0.011000	0.290720	-0.000127	0.000001	1.000211	0.956533	0.956456	120	0.000000	0.938000	5.000000
12	17	1	0.919759	-0.009000	0.282040	0.000057	-0.000000	0.999841	0.959071	0.959041	120	-0.000000	0.942000	5.000000
12	18	1	0.920527	-0.011000	0.280593	-0.000046	0.000000	0.999505	0.959526	0.959441	120	0.000000	0.943000	5.000000
12	19	1	0.916725	-0.016000	0.287281	0.000127	-0.000002	0.999697	0.957491	0.957458	120	-0.000000	0.940000	5.000000
12	20	1	0.903708	-0.001000	0.309233	-0.000257	-0.000000	1.000708	0.950589	0.950636	120	0.000000	0.930000	5.000000
12	21	1	0.900832	-0.016000	0.313601	0.000166	-0.000002	1.000021	0.949057	0.949122	120	-0.000000	0.928000	5.000000
12	22	1	0.910306	-0.243000	0.298197	0.000006	-0.000001	0.999858	0.954027	0.954100	120	-0.000000	0.935000	5.000000
12	23	1	0.911160	0.009000	0.296714	0.000034	0.000000	0.999655	0.954529	0.954547	120	-0.000000	0.936000	5.000000
12	24	1	0.902567	0.040000	0.310891	0.000063	0.000003	1.000166	0.950165	0.950035	120	-0.000000	0.929000	5.000000
12	25	1	0.893537	0.003000	0.324946	-0.000161	-0.000001	1.000066	0.945312	0.945271	120	0.000000	0.923000	5.000000
12	26	1	0.888453	-0.006000	0.332574	0.000222	-0.000001	0.999943	0.942608	0.942578	120	-0.000000	0.919000	5.000000
12	27	1	0.897630	-0.032000	0.318616	-0.000037	0.000001	0.999994	0.947523	0.947433	120	0.000000	0.926000	5.000000
12	28	1	0.901643	-0.019000	0.312444	-0.000102	0.000002	1.000433	0.949449	0.949549	120	0.000000	0.928000	5.000000
12	29	1	0.884940	-0.005000	0.337778	0.000115	-0.000000	0.999967	0.940634	0.940713	120	-0.000000	0.916000	5.000000
12	30	1	0.888699	-0.007000	0.332379	-0.000140	0.000001	1.000461	0.942673	0.942708	120	0.000000	0.919000	5.000000
12	31	1	0.907127	0.001000	0.303470	0.000388	0.000001	0.999972	0.952491	0.952432	120	-0.000000	0.933000	5.000000
12	32	1	0.918914	-0.009000	0.283632	-0.000164	0.000001	1.000226	0.958603	0.958600	120	0.000000	0.941000	5.000000
12	33	1	0.906843	-0.004000	0.303899	-0.000170	0.000000	0.999859	0.952276	0.952283	120	0.000000	0.933000	5.000000
12	34	1	0.885312	-0.017000	0.337227	-0.000085	0.000001	0.999956	0.940926	0.940910	120	0.000000	0.916000	5.000000
12	35	1	0.900016	0.011000	0.314942	-0.000034	-0.000000	1.000188	0.948738	0.948692	120	0.000000	0.927000	5.000000
12	36	1	0.900866	0.009000	0.313602	0.000095	0.000001	1.000192	0.949088	0.949139	120	-0.000000	0.928000	5.000000
12	37	1	0.902097	0.549000	0.311584	0.000003	0.000002	0.999986	0.949679	0.949788	120	-0.000000	0.929000	5.000000
12	38	1	0.905608	0.515000	0.305806	-0.000001	-0.000000	0.999531	0.951699	0.951635	120	0.000000	0.932000	5.000000
12	39	1	0.889514	0.003000	0.330974	0.000059	0.000000	0.999899	0.943167	0.943140	120	-0.000000	0.920000	5.000000
12	40	1	0.895016	0.015000	0.322631	0.000076	0.000001	0.999909	0.945998	0.946053	120	-0.000000	0.924000	5.000000
12	41	1	0.903885	-0.015000	0.308731	0.000119	-0.000001	1.000001	0.950629	0.950729	120	-0.000000	0.930000	5.000000
12	42	1	0.897838	-0.015000	0.318296	0.000100	-0.000001	1.000008	0.947539	0.947543	120	-0.000000	0.926000	5.000000
12	43	1	0.863003	-0.059000	0.368677	0.000027	-0.000001	1.000246	0.928992	0.928979	120	-0.000000	0.899000	5.000000
12	44	1	0.899524	0.010000	0.315567	-0.000032	-0.000000	0.999718	0.948429	0.948432	120	0.000000	0.927000	5.000000
12	45	1	0.900407	0.002000	0.314234	-0.000095	-0.000000	0.999899	0.948936	0.948898	120	0.000000	0.928000	5.000000
12	46	1	0.901574	-0.001000	0.312364	0.000207	0.000000	0.999824	0.949433	0.949513	120	-0.000000	0.929000	5.000000
12	47	1	0.905425	-0.002000	0.306190	-0.000530	-0.000000	0.999818	0.951442	0.951538	120	0.000000	0.932000	5.000000
12	48	1	0.903963	0.000000	0.308572	0.000192	0.000001	0.999896	0.950735	0.950770	120	-0.000000	0.930000	5.000000
13	1	1	0.898840	-0.006000	0.316736	0.000384	-0.000001	1.000023	0.947994	0.948072	120	-0.000000	0.926000	5.000000
13	2	1	0.897769	-0.009000	0.318357	0.000096	-0.000001	0.999862	0.947533	0.947507	120	-0.000000	0.926000	5.000000
13	3	1	0.929246	0.072000	0.264947	-0.000022	-0.000002	1.000229	0.963923	0.963974	120	0.000000	0.949000	5.000000
13	4	1	0.924572	0.018000	0.273494	-0.000102	-0.000002	0.999993	0.961489	0.961546	120	0.000000	0.946000	5.000000
13	5	1	0.930403	0.010000	0.262707	-0.000119	-0.000001	0.999987	0.964542	0.964574	120	0.000000	0.950000	5.000000
13	6	1	0.915061	-0.060000	0.290227	-0.000072	0.000004	1.000006	0.956615	0.956588	120	0.000000	0.939000	5.000000
13	7	1	0.918027	0.009000	0.285022	0.000156	0.000002	0.999677	0.958099	0.958137	120	-0.000000	0.941000	5.000000
13	8	1	0.915423	-0.004000	0.289700	-0.000183	0.000000	1.000323	0.956868	0.956778	120	0.000000	0.939000	5.000000
13	9	1	0.924972	-0.001000	0.272730	-0.000260	-0.000000	0.999853	0.961802	0.961754	120	0.000000	0.946000	5.000000
13	10	1	0.900626	-0.001000	0.313919	0.000117	0.000000	0.999994	0.949027	0.949013	120	-0.000000	0.928000	5.000000
13	11	1	0.882497	-0.014000	0.341542	0.000055	-0.000001	1.000545	0.939416	0.939413	120	-0.000000	0.914000	5.000000
13	12	1	0.912382	0.007000	0.294845	0.000297	0.000003	1.000263	0.955213	0.955187	120	-0.000000	0.936000	5.000000
13	13	1	0.896452	0.011000	0.320380	-0.000112	-0.000002	0.999796	0.946921	0.946812	120	0.000000	0.925000	5.000000
13	14	1	0.922026	0.002000	0.278166	0.000408	0.000002	1.000337	0.960268	0.960222	120	-0.000000	0.944000	5.000000
13	15	1	0.914536	0.012000	0.291231	-0.000173	-0.000002	1.000376	0.956296	0.956314	120	0.000000	0.938000	5.000000
13	16	1	0.918674	0.003000	0.284046	-0.000127	-0.000001	1.000211	0.958548	0.958475	120	0.000000	0.941000	5.000000
13	17	1	0.925755	0.006000	0.271298	0.000057	0.000000	0.999841	0.962179	0.962162	120	-0.000000	0.947000	5.000000
13	18	1	0.927671	-0.034000	0.267685	-0.000046	0.000001	0.999505	0.963233	0.963157	120	0.000000	0.948000	5.000000
13	19	1	0.926761	0.001000	0.269415	0.000127	0.000000	0.999697	0.962712	0.962684	120	-0.000000	0.947000	5.000000
13	20	1	0.915138	-0.004000	0.290300	-0.000257	0.000000	1.000708	0.956589	0.956629	120	0.000000	0.938000	5.000000
13	21	1	0.914795	-0.013000	0.290687	0.000166	-0.000002	1.000021	0.956400	0.956449	120	-0.000000	0.938000	5.000000
13	22	1	0.925535	0.155000	0.271705	0.000006	0.000001	0.999858	0.961994	0.962047	120	-0.000000	0.946000	5.000000
13	23	1	0.912273	-0.029000	0.294848	0.000034	-0.000001	0.999655	0.955121	0.955130	120	-0.000000	0.937000	5.000000
13	24	1	0.919832	0.002000	0.282004	0.000063	0.000000	1.000166	0.959174	0.959079	120	-0.000000	0.942000	5.000000
13	25	1	0.908548	-0.007000	0.301168	-0.000161	0.000001	1.000066	0.953219	0.953178	120	0.000000	0.934000	5.000000
13	26	1	0.900228	-0.004000	0.314530	0.000222	-0.000000	0.999943	0.948848	0.948804	120	-0.000000	0.928000	5.000000
13	27	1	0.897921	-0.060000	0.318163	-0.000037	0.000002	0.999994	0.947677	0.947587	120	0.000000	0.926000	5.000000
13	28	1	0.907612	-0.006000	0.302816	-0.000102	0.000000	1.000433	0.952590	0.952687	120	0.000000	0.933000	5.000000
13	29	1	0.899691	-0.015000	0.315383	0.000115	-0.000001	0.999967	0.948423	0.948520	120	-0.000000	0.927000	5.000000
13	30	1	0.902578	-0.012000	0.310965	-0.000140	0.000001	1.000461	0.950004	0.950041	120	0.000000	0.929000	5.000000
13	31	1	0.922184	-0.001000	0.277783	0.000388	0.000000	0.999972	0.960371	0.960304	120	-0.000000	0.944000	5.000000
13	32	1	0.930808	-0.003000	0.262005	-0.000164	0.000000	1.000226	0.964772	0.964784	120	0.000000	0.950000	5.000000
13	33	1	0.927855	-0.013000	0.267438	-0.000170	0.000002	0.999859	0.963246	0.963252	120	0.000000	0.948000	5.000000
13	34	1	0.892910	-0.039000	0.325865	-0.000085	0.000003	0.999956	0.944950	0.944939	120	0.000000	0.922000	5.000000
13	35	1	0.925500	0.077000	0.271858	-0.000034	-0.000003	1.000188	0.962079	0.962029	120	0.000000	0.946000	5.000000
13	36	1	0.926511	-0.023000	0.270008	0.000095	-0.000002	1.000192	0.962509	0.962554	120	-0.000000	0.947000	5.000000
13	37	1	0.929146	0.218000	0.265069	0.000003	0.000001	0.999986	0.963828	0.963922	120	-0.000000	0.949000	5.000000
13	38	1	0.930403	-0.261000	0.262588	-0.000001	0.000000	0.999531	0.964657	0.964574	120	0.000000	0.950000	5.000000
13	39	1	0.912435	0.010000	0.294649	0.000059	0.000001	0.999899	0.955230	0.955214	120	-0.000000	0.937000	5.000000
13	40	1	0.916277	-0.012000	0.288114	0.000076	-0.000001	0.999909	0.957186	0.957224	120	-0.000000	0.940000	5.000000
13	41	1	0.924491	-0.028000	0.273642	0.000119	-0.000003	1.000001	0.961404	0.961505	120	-0.000000	0.945000	5.000000
13	42	1	0.916892	-0.011000	0.287083	0.000100	-0.000001	1.000008	0.957540	0.957545	120	-0.000000	0.940000	5.000000
13	43	1	0.880850	-0.018000	0.343824	0.000027	-0.000000	1.000246	0.938496	0.938536	120	-0.000000	0.913000	5.000000
13	44	1	0.911773	-0.084000	0.295706	-0.000032	0.000003	0.999718	0.954861	0.954868	120	0.000000	0.936000	5.000000
13	45	1	0.913265	0.018000	0.293248	-0.000095	-0.000002	0.999899	0.955680	0.955649	120	0.000000	0.937000	5.000000
13	46	1	0.914181	0.006000	0.291674	0.000207	0.000002	0.999824	0.956077	0.956128	120	-0.000000	0.938000	5.000000
13	47	1	0.922051	-0.001000	0.277977	-0.000530	-0.000000	0.999818	0.960156	0.960235	120	0.000000	0.944000	5.000000
13	48	1	0.913046	-0.004000	0.293619	0.000192	-0.000000	0.999896	0.955522	0.955534	120	-0.000000	0.937000	5.000000
14	1	0	0.748555	0.791000	0.339925	1.890612	1.890000	0.684919	0.575768	0.865550	49	-0.000000	0.791000	6.000000
14	2	0	0.621354	0.651000	0.928986	4.648182	4.648182	1.523622	1.096520	0.791528	55	-0.000000	0.651000	6.000000
14	3	0	0.596949	0.662000	1.213695	5.431860	5.432326	1.934367	1.449900	0.772980	43	0.000000	0.662000	6.000000
14	4	0	0.820286	0.838000	0.644598	3.116875	3.117083	1.536630	1.332716	0.906546	48	0.000000	0.838000	6.000000
14	5	0	0.703865	0.743000	0.754115	3.776939	3.776531	1.400137	1.118771	0.839964	49	-0.000000	0.743000	6.000000
14	6	0	0.531693	0.610000	0.656360	3.405714	3.405714	0.969067	0.696994	0.729241	49	-0.000000	0.610000	6.000000
14	7	0	0.632475	0.684000	0.870521	5.819388	5.818776	1.450818	1.099588	0.796204	49	-0.000000	0.684000	6.000000
14	8	0	0.777955	0.804000	0.422508	4.365957	4.366170	0.906325	0.763634	0.882941	47	0.000000	0.804000	6.000000
14	9	0	0.985243	0.968000	0.093675	3.938438	3.939062	0.783471	0.758991	0.992888	32	0.000000	0.968000	6.000000
14	10	0	0.574416	0.637000	1.037671	3.676364	3.676909	1.605283	1.170326	0.758474	55	0.000000	0.637000	6.000000
14	11	0	0.749295	0.783000	0.630253	3.209184	3.209388	1.271775	1.054118	0.866433	49	0.000000	0.783000	6.000000
14	12	0	0.760570	0.779000	0.446101	2.475833	2.475625	0.921331	0.754044	0.873867	48	-0.000000	0.779000	6.000000
14	13	0	0.477743	0.551000	0.581277	2.671667	2.671250	0.812855	0.547597	0.691418	48	-0.000000	0.551000	6.000000
14	14	0	0.522144	0.582000	2.231366	5.401273	5.401273	3.257666	2.234399	0.723577	55	-0.000000	0.582000	6.000000
14	15	0	0.822672	0.821000	1.030382	6.582000	6.582364	2.469418	2.089867	0.909191	55	0.000000	0.821000	6.000000
14	16	0	0.856292	0.878000	0.770393	5.065357	5.064821	2.050619	1.853406	0.925617	56	-0.000000	0.878000	6.000000
14	17	0	0.727905	0.781000	1.407584	5.480727	5.480545	2.723317	2.280407	0.853322	55	-0.000000	0.781000	6.000000
14	18	0	0.462135	0.529000	1.319400	4.228214	4.228036	1.815317	1.187946	0.680298	56	-0.000000	0.529000	6.000000
15	1	0	0.881065	0.913000	1632.262547	3500.000000	3499.999792	4943.444511	4640.169045	0.938651	12	-0.000000	0.913000	7.000000
15	2	0	0.754782	0.814000	1950.661756	3690.500000	3690.497533	4114.336763	3574.482363	0.868782	12	-0.000000	0.814000	7.000000
15	3	0	0.552156	0.757000	1613.623696	3688.000000	3284.763425	2577.714824	2507.422318	0.784558	8	-10.900000	0.732000	7.000000
15	4	0	0.783815	0.838000	1628.178091	3580.600000	3580.595360	3691.198938	3267.946704	0.885333	10	-0.000000	0.838000	7.000000
15	5	0	0.911628	0.936000	1082.213395	3938.636364	3938.648091	3818.132614	3645.503109	0.954792	11	0.000000	0.936000	7.000000
15	6	0	0.721923	0.787000	2174.422612	4949.727273	4949.727436	4324.719369	3674.571707	0.849661	11	0.000000	0.787000	7.000000
15	7	0	0.632653	0.768000	1987.436191	3893.250000	3543.623633	3424.909504	3101.182218	0.808364	12	-9.000000	0.763000	7.000000
15	8	0	0.886605	0.917000	714.186023	2027.250000	2027.248958	2215.177486	2085.805965	0.941597	12	-0.000000	0.917000	7.000000
15	9	0	0.787368	0.841000	969.931348	2172.181818	2172.176045	2206.090561	1957.512253	0.887338	11	-0.000000	0.841000	7.000000
15	10	0	0.784746	0.839000	1512.237816	3811.500000	3811.496340	3435.759280	3043.603939	0.885859	10	-0.000000	0.839000	7.000000
15	11	0	0.865639	0.906000	1083.090836	3077.437500	3057.553731	3051.708876	2859.765704	0.930446	16	-0.600000	0.906000	7.000000
15	12	0	0.668351	0.742000	1147.340045	2592.363636	2592.360736	2089.531348	1708.248367	0.817527	11	-0.000000	0.742000	7.000000
15	13	0	0.545786	0.631000	1314.891786	2601.090909	2601.087018	2046.238083	1511.707763	0.738773	11	-0.000000	0.631000	7.000000
15	14	0	0.800710	0.851000	1268.640530	2797.916667	2797.913658	2968.178213	2655.941837	0.894824	12	-0.000000	0.851000	7.000000
15	15	0	0.948864	0.963000	752.750392	2872.230769	2872.230885	3464.734072	3374.986588	0.974097	13	0.000000	0.963000	7.000000
15	16	0	0.821543	0.868000	1242.383081	2760.923077	2760.922762	3061.041448	2774.467265	0.906390	13	-0.000000	0.868000	7.000000
15	17	0	0.945160	0.961000	626.149434	2890.800000	2890.799367	2767.651743	2690.692898	0.972193	15	-0.000000	0.961000	7.000000
15	18	0	0.796154	0.855000	1167.299499	2422.357143	2386.935550	2683.019470	2424.215650	0.892449	14	-1.500000	0.855000	7.000000
15	19	0	0.903466	0.930000	702.367304	3220.090909	3220.090882	2370.939453	2253.597540	0.950508	11	-0.000000	0.930000	7.000000
15	20	0	0.837170	0.880000	1254.172483	3471.076923	3471.072369	3234.972706	2959.910988	0.914970	13	-0.000000	0.880000	7.000000
15	21	0	0.817972	0.855000	1146.234904	2305.750000	2054.690275	2872.102503	2776.758134	0.910947	8	-10.900000	0.871000	7.000000
15	22	0	0.692257	0.762000	2363.699056	2513.818182	2513.773809	4468.839040	3718.143572	0.832020	11	-0.000000	0.762000	7.000000
15	23	0	0.697749	0.767000	1687.222145	3233.222222	3233.224944	3255.099721	2719.020660	0.835313	9	0.000000	0.767000	7.000000
15	24	0	0.894263	0.923000	1603.152892	5719.333333	5719.334758	5149.389467	4869.545485	0.945655	12	0.000000	0.923000	7.000000
15	25	0	0.931923	0.951000	460.338976	1684.500000	1684.499937	1886.139671	1820.806711	0.965362	8	-0.000000	0.951000	7.000000
15	26	0	0.668628	0.742000	445.982017	512.300000	512.299960	816.654292	667.775598	0.817697	10	-0.000000	0.742000	7.000000
15	27	0	0.962328	0.973000	967.019760	4393.333333	4393.333822	5284.481905	5183.987777	0.980983	9	0.000000	0.973000	7.000000
15	28	0	0.931747	0.954000	1415.157255	4541.000000	4502.366220	5709.822278	5543.643360	0.965313	10	-0.900000	0.954000	7.000000
15	29	0	0.934684	0.956000	1110.401015	3545.222222	3491.526011	4608.359165	4496.292602	0.966909	9	-1.500000	0.957000	7.000000
15	30	0	0.862177	0.899000	1522.336068	4556.916667	4556.949500	4282.959331	3976.936287	0.928535	12	0.000000	0.899000	7.000000
15	31	0	0.706876	0.775000	1265.121335	2048.444444	2048.444300	2478.463945	2083.790974	0.840759	9	-0.000000	0.775000	7.000000
15	32	0	0.661825	0.736000	511.475699	768.500000	768.499983	918.646089	747.342441	0.813526	12	-0.000000	0.736000	7.000000
15	33	0	0.888217	0.919000	1633.549758	4326.500000	4326.500460	5150.195234	4853.815735	0.942453	10	0.000000	0.919000	7.000000
15	34	0	0.929073	0.949000	1163.700255	3491.545455	3491.545891	4582.820973	4417.310044	0.963885	11	0.000000	0.949000	7.000000
15	35	0	0.852060	0.891000	1346.622423	2861.625000	2861.623512	3742.814981	3454.892864	0.923071	8	-0.000000	0.891000	7.000000
15	36	0	0.824208	0.870000	1702.631220	3745.100000	3745.099400	4280.551793	3886.193489	0.907859	10	-0.000000	0.870000	7.000000
15	37	0	0.849174	0.889000	1621.607769	3068.000000	3067.992258	4361.152496	4018.858519	0.921506	12	-0.000000	0.889000	7.000000
15	38	0	0.672788	0.757000	1525.296820	2303.400000	2240.257590	2810.726328	2354.831471	0.820755	10	-2.700000	0.757000	7.000000
15	39	0	0.732652	0.796000	1568.126536	3049.000000	3049.013869	3156.627604	2701.866053	0.855951	13	0.000000	0.796000	7.000000
15	40	0	0.740649	0.803000	1375.632930	2526.272727	2526.265000	2833.055456	2438.113353	0.860610	11	-0.000000	0.803000	7.000000
15	41	0	0.966947	0.976000	765.973767	3806.300000	3806.299770	4441.085079	4367.073478	0.983335	10	-0.000000	0.976000	7.000000
15	42	0	0.864675	0.901000	1161.331436	3685.545455	3685.542455	3311.029277	3078.866409	0.929879	11	-0.000000	0.901000	7.000000
15	43	0	0.791401	0.844000	1284.908774	3504.200000	3504.203520	2965.479530	2638.075324	0.889607	10	0.000000	0.844000	7.000000
15	44	0	0.744739	0.806000	1397.716329	2298.500000	2298.499064	2870.909578	2477.551250	0.862983	14	-0.000000	0.806000	7.000000
15	45	0	0.795535	0.847000	1563.724986	3104.909091	3104.915191	3626.995022	3234.995593	0.891928	11	0.000000	0.847000	7.000000
15	46	0	0.834148	0.877000	1923.285057	4871.090909	4871.102791	4953.127506	4523.866552	0.913317	11	0.000000	0.877000	7.000000
15	47	0	0.879670	0.912000	1105.229398	2746.187500	2746.170437	3290.640793	3086.284051	0.937907	16	-0.000000	0.912000	7.000000
15	48	0	0.928934	0.949000	1009.781693	3158.538462	3158.537777	3942.554705	3799.881493	0.963812	13	-0.000000	0.949000	7.000000
15	49	0	0.753943	0.814000	1896.654637	2978.384615	2978.383446	3979.713422	3455.590093	0.868299	13	-0.000000	0.814000	7.000000
15	50	0	0.875660	0.909000	1499.623726	5055.200000	5055.201260	4482.855707	4194.907929	0.935767	10	0.000000	0.909000	7.000000
15	51	0	0.714169	0.781000	2299.939009	4167.583333	4167.583042	4493.203584	3797.158605	0.845085	12	-0.000000	0.781000	7.000000
15	52	0	0.903354	0.930000	1419.602025	5542.500000	5542.501721	4738.777914	4503.967997	0.950449	14	0.000000	0.930000	7.000000
15	53	0	0.777393	0.833000	2066.285429	5318.750000	5318.751558	4574.197100	4033.114930	0.881699	12	0.000000	0.833000	7.000000
15	54	0	0.834593	0.878000	1707.008755	4742.583333	4742.594433	4383.818955	4004.960406	0.913560	12	0.000000	0.878000	7.000000
15	55	0	0.683334	0.755000	1802.349421	3293.230769	3293.224623	3333.646731	2755.719112	0.826640	13	-0.000000	0.755000	7.000000
15	56	0	0.689650	0.760000	1914.533847	3124.666667	3124.657113	3557.287764	2954.127887	0.830452	15	-0.000000	0.760000	7.000000
15	57	0	0.874943	0.915000	1594.417642	4238.000000	4179.811931	4692.760240	4444.247951	0.935543	13	-1.400000	0.916000	7.000000
15	58	0	0.963344	0.974000	946.130939	4464.888889	4464.888756	5241.464834	5144.502814	0.981501	9	-0.000000	0.974000	7.000000
15	59	0	0.706663	0.812000	1997.889965	4179.400000	3856.668880	3888.365072	3576.937195	0.848209	10	-7.700000	0.809000	7.000000
15	60	0	0.787858	0.841000	1079.059442	1753.800000	1753.799647	2425.008106	2152.470000	0.887613	15	-0.000000	0.841000	7.000000
15	61	0	0.704559	0.773000	722.915165	978.363636	978.364327	1394.917078	1170.865456	0.839380	11	0.000000	0.773000	7.000000
15	62	0	0.896582	0.925000	950.157306	3973.777778	3973.778133	3133.814001	2967.346149	0.946880	9	0.000000	0.925000	7.000000
15	63	0	0.581607	0.688000	1690.121004	2381.400000	2264.069700	2754.256512	2205.527439	0.764799	10	-4.900000	0.689000	7.000000
15	64	0	0.668890	0.773000	1848.106828	3503.636364	3291.480182	3368.506205	2937.801035	0.822048	11	-6.100000	0.772000	7.000000
15	65	0	0.917535	0.940000	1058.406893	3256.444444	3256.448111	3909.258245	3744.604012	0.957881	9	0.000000	0.940000	7.000000
15	66	0	0.732113	0.814000	2175.056676	4678.166667	4570.210367	4389.235217	3878.303438	0.856452	12	-2.300000	0.814000	7.000000
15	67	0	0.698901	0.768000	1739.505918	2770.727273	2770.734164	3324.815306	2779.545691	0.836003	11	0.000000	0.768000	7.000000
15	68	0	0.858161	0.896000	1355.560734	3532.444444	3532.444078	3817.664080	3536.600195	0.926370	9	-0.000000	0.896000	7.000000
15	69	0	0.580619	0.680000	1522.433065	2558.416667	2500.048650	2455.434176	1932.178986	0.762770	12	-2.300000	0.680000	7.000000
15	70	0	0.615569	0.729000	1431.454399	2646.181818	2526.236236	2421.389594	2029.168425	0.787896	11	-4.500000	0.729000	7.000000
15	71	0	0.833412	0.877000	1204.721915	3351.000000	3350.989400	3082.894744	2814.431343	0.912914	12	-0.000000	0.877000	7.000000
15	72	0	0.792333	0.845000	1283.010905	3353.250000	3353.244217	2940.633856	2617.554716	0.890131	12	-0.000000	0.845000	7.000000
15	73	0	0.903676	0.930000	1200.762071	3224.300000	3224.301010	4078.203936	3876.818502	0.950619	10	0.000000	0.930000	7.000000
15	74	0	0.875326	0.909000	951.217273	2423.000000	2423.001200	2909.812480	2722.387729	0.935589	7	0.000000	0.909000	7.000000
15	75	0	0.702774	0.784000	1596.441733	2735.300000	2660.875650	3086.656697	2649.255869	0.838925	10	-2.700000	0.784000	7.000000
15	76	0	0.647188	0.777000	1733.058332	3363.222222	2911.467911	3094.693918	2949.244419	0.828631	9	-13.400000	0.770000	7.000000
15	77	0	0.706842	0.786000	1383.841231	2388.200000	2332.189400	2694.102192	2313.966283	0.841210	10	-2.300000	0.787000	7.000000
15	78	0	0.835320	0.878000	755.190075	2046.538462	2046.537492	1936.940440	1770.283173	0.913958	13	-0.000000	0.878000	7.000000
15	79	0	0.763403	0.821000	1040.931400	1400.583333	1400.582525	2235.178596	1952.944578	0.873730	12	-0.000000	0.821000	7.000000
15	80	0	0.923863	0.945000	996.453669	3818.777778	3818.778144	3830.322531	3681.620293	0.961178	9	0.000000	0.945000	7.000000
16	1	0	0.886693	0.917000	1593.174381	3500.000000	3499.990567	4943.444511	4655.048696	0.941644	12	-0.000000	0.917000	8.000000
16	2	0	0.757159	0.816000	1941.183744	3690.500000	3690.498292	4114.336763	3580.090045	0.870149	12	-0.000000	0.816000	8.000000
16	3	0	0.900102	0.928000	824.025163	2269.538462	2269.538854	2713.585961	2574.480037	0.948737	13	0.000000	0.928000	8.000000
16	4	0	0.803287	0.853000	1553.119237	3580.600000	3580.605250	3691.198938	3308.296662	0.896263	10	0.000000	0.853000	8.000000
16	5	0	0.940738	0.957000	886.220161	3938.636364	3938.634627	3818.132614	3703.272309	0.969917	11	-0.000000	0.957000	8.000000
16	6	0	0.722303	0.788000	2172.938484	4949.727273	4949.727482	4324.719369	3675.524134	0.849884	11	0.000000	0.788000	8.000000
16	7	0	0.827963	0.873000	1359.093440	2748.176471	2748.176076	3377.561495	3073.327274	0.909925	17	-0.000000	0.873000	8.000000
16	8	0	0.896065	0.924000	683.745134	2027.250000	2027.249692	2215.177486	2096.903478	0.946607	12	-0.000000	0.924000	8.000000
16	9	0	0.805841	0.855000	926.842990	2172.181818	2172.181545	2206.090561	1980.377237	0.897686	11	-0.000000	0.855000	8.000000
16	10	0	0.784818	0.839000	1511.983097	3811.500000	3811.485210	3435.759280	3043.720381	0.885900	10	-0.000000	0.839000	8.000000
16	11	0	0.879786	0.912000	1025.116680	2896.411765	2896.399000	3047.616201	2858.579074	0.937969	17	-0.000000	0.912000	8.000000
16	12	0	0.680084	0.752000	1126.860713	2592.363636	2592.363145	2089.531348	1723.178693	0.824672	11	-0.000000	0.752000	8.000000
16	13	0	0.548600	0.633000	1310.812559	2601.090909	2601.091055	2046.238083	1515.598362	0.740675	11	0.000000	0.633000	8.000000
16	14	0	0.807947	0.857000	1245.393641	2797.916667	2797.911108	2968.178213	2667.975547	0.898859	12	-0.000000	0.857000	8.000000
16	15	0	0.950380	0.964000	741.508592	2872.230769	2872.230146	3464.734072	3377.680323	0.974874	13	-0.000000	0.964000	8.000000
16	16	0	0.838628	0.881000	1181.414343	2760.923077	2760.920862	3061.041448	2803.197953	0.915766	13	-0.000000	0.881000	8.000000
16	17	0	0.946157	0.961000	620.430819	2890.800000	2890.799640	2767.651743	2692.111615	0.972706	15	-0.000000	0.961000	8.000000
16	18	0	0.806409	0.856000	1130.686168	2260.866667	2260.857660	2659.999218	2388.693568	0.898003	15	-0.000000	0.856000	8.000000
16	19	0	0.931742	0.951000	590.608714	3220.090909	3220.090127	2370.939453	2288.592287	0.965268	11	-0.000000	0.951000	8.000000
16	20	0	0.845899	0.886000	1220.089599	3471.076923	3471.032015	3234.972706	2975.265739	0.919728	13	-0.000000	0.886000	8.000000
16	21	0	0.991353	0.994000	227.653360	1537.166667	1537.166942	2556.988599	2545.908985	0.995667	12	0.000000	0.994000	8.000000
16	22	0	0.728964	0.793000	2218.257135	2513.818182	2513.731400	4468.839040	3815.439172	0.853794	11	-0.000000	0.793000	8.000000
16	23	0	0.899190	0.927000	974.406911	3233.222222	3233.222522	3255.099721	3086.669078	0.948256	9	0.000000	0.927000	8.000000
16	24	0	0.903708	0.930000	1529.878948	5719.333333	5719.333558	5149.389467	4895.190386	0.950635	12	0.000000	0.930000	8.000000
16	25	0	0.950195	0.964000	393.745207	1684.500000	1684.499825	1886.139671	1838.570056	0.974779	8	-0.000000	0.964000	8.000000
16	26	0	0.676057	0.749000	440.954252	512.300000	512.299980	816.654292	671.475253	0.822227	10	-0.000000	0.749000	8.000000
16	27	0	0.963904	0.974000	946.571265	4393.333333	4393.332400	5284.481905	5188.232091	0.981786	9	-0.000000	0.974000	8.000000
16	28	0	0.950476	0.965000	1185.507444	4128.181818	4128.186873	5587.170193	5447.069472	0.974923	11	0.000000	0.965000	8.000000
16	29	0	0.975317	0.982000	668.786761	3190.700000	3190.700120	4487.111594	4431.387699	0.987581	10	0.000000	0.982000	8.000000
16	30	0	0.874190	0.908000	1454.475547	4556.916667	4556.952542	4282.959331	4004.542719	0.934982	12	0.000000	0.908000	8.000000
16	31	0	0.991435	0.994000	216.255698	2048.444444	2048.444467	2478.463945	2467.827164	0.995708	9	0.000000	0.994000	8.000000
16	32	0	0.681005	0.753000	496.759490	768.500000	768.499550	918.646089	758.094717	0.825230	12	-0.000000	0.753000	8.000000
16	33	0	0.891519	0.921000	1609.240858	4326.500000	4326.500230	5150.195234	4862.829872	0.944203	10	0.000000	0.921000	8.000000
16	34	0	0.929073	0.949000	1163.699995	3491.545455	3491.546718	4582.820973	4417.309590	0.963885	11	0.000000	0.949000	8.000000
16	35	0	0.891420	0.921000	1153.658497	2861.625000	2861.632700	3742.814981	3533.742863	0.944150	8	0.000000	0.921000	8.000000
16	36	0	0.845180	0.886000	1597.844516	3745.100000	3745.101710	4280.551793	3935.315508	0.919337	10	0.000000	0.886000	8.000000
16	37	0	0.896637	0.925000	1342.422493	3068.000000	3068.003425	4361.152496	4129.625294	0.946909	12	0.000000	0.925000	8.000000
16	38	0	0.857554	0.895000	991.564040	2094.000000	2094.003445	2755.448457	2551.664291	0.926042	11	0.000000	0.895000	8.000000
16	39	0	0.733576	0.797000	1565.412043	3049.000000	3048.993700	3156.627604	2703.627798	0.856491	13	-0.000000	0.797000	8.000000
16	40	0	0.777635	0.833000	1273.773588	2526.272727	2526.273109	2833.055456	2498.290895	0.881836	11	0.000000	0.833000	8.000000
16	41	0	0.979156	0.985000	608.275073	3806.300000	3806.299450	4441.085079	4394.556695	0.989523	10	-0.000000	0.985000	8.000000
16	42	0	0.895786	0.924000	1019.130994	3685.545455	3685.534109	3311.029277	3133.774255	0.946460	11	-0.000000	0.924000	8.000000
16	43	0	0.827802	0.872000	1167.427198	3504.200000	3504.199880	2965.479530	2698.100693	0.909836	10	-0.000000	0.872000	8.000000
16	44	0	0.776171	0.832000	1308.837359	2298.500000	2298.500086	2870.909578	2529.287086	0.881005	14	0.000000	0.832000	8.000000
16	45	0	0.902654	0.929000	1078.973381	3104.909091	3104.919664	3626.995022	3445.954765	0.950081	11	0.000000	0.929000	8.000000
16	46	0	0.845903	0.886000	1853.875760	4871.090909	4871.107073	4953.127506	4555.624655	0.919730	11	0.000000	0.886000	8.000000
16	47	0	0.894389	0.923000	1035.428893	2746.187500	2746.186906	3290.640793	3112.029958	0.945722	16	-0.000000	0.923000	8.000000
16	48	0	0.931019	0.950000	994.858549	3158.538462	3158.532238	3942.554705	3804.154832	0.964893	13	-0.000000	0.950000	8.000000
16	49	0	0.820726	0.867000	1618.935386	2978.384615	2978.390331	3979.713422	3605.384298	0.905939	13	0.000000	0.867000	8.000000
16	50	0	0.933394	0.952000	1097.573191	5055.200000	5055.197560	4482.855707	4330.999711	0.966123	10	-0.000000	0.952000	8.000000
16	51	0	0.790400	0.843000	1969.506987	4167.583333	4167.589775	4493.203584	3994.675742	0.889044	12	0.000000	0.843000	8.000000
16	52	0	0.933116	0.952000	1180.955742	5542.500000	5542.506829	4738.777914	4577.562062	0.965980	14	0.000000	0.952000	8.000000
16	53	0	0.883578	0.915000	1494.299712	5318.750000	5318.765392	4574.197100	4299.775259	0.939988	12	0.000000	0.915000	8.000000
16	54	0	0.843410	0.885000	1660.889033	4742.583333	4742.594308	4383.818955	4026.040538	0.918373	12	0.000000	0.885000	8.000000
16	55	0	0.899331	0.927000	1016.218326	3293.230769	3293.230808	3333.646731	3161.398686	0.948330	13	0.000000	0.927000	8.000000
16	56	0	0.875166	0.909000	1214.239427	3124.666667	3124.666767	3557.287764	3327.853105	0.935503	15	0.000000	0.909000	8.000000
16	57	0	0.931520	0.951000	1161.258201	3673.066667	3673.069080	4593.326502	4433.262009	0.965153	15	0.000000	0.951000	8.000000
16	58	0	0.973835	0.981000	799.350622	4464.888889	4464.889633	5241.464834	5172.438360	0.986831	9	0.000000	0.981000	8.000000
16	59	0	0.847278	0.888000	1439.490098	3214.923077	3214.942123	3833.881790	3528.962453	0.920477	13	0.000000	0.888000	8.000000
16	60	0	0.804852	0.855000	1034.935041	1753.800000	1753.799113	2425.008106	2175.561577	0.897136	15	-0.000000	0.855000	8.000000
16	61	0	0.747989	0.809000	667.670302	978.363636	978.363409	1394.917078	1206.412769	0.864863	11	-0.000000	0.809000	8.000000
16	62	0	0.976529	0.983000	452.647785	3973.777778	3973.778422	3133.814001	3096.819904	0.988195	9	0.000000	0.983000	8.000000
16	63	0	0.824471	0.870000	1066.262183	1984.500000	1984.500075	2658.180119	2413.641718	0.908004	12	0.000000	0.870000	8.000000
16	64	0	0.904907	0.931000	990.942058	2964.615385	2964.613762	3344.674985	3181.691228	0.951266	13	-0.000000	0.931000	8.000000
16	65	0	0.949150	0.964000	831.117142	3256.444444	3256.447111	3909.258245	3808.574423	0.974243	9	0.000000	0.964000	8.000000
16	66	0	0.864113	0.900000	1555.986761	4009.857143	4009.854229	4380.347753	4071.871043	0.929577	14	-0.000000	0.900000	8.000000
16	67	0	0.807139	0.856000	1392.172744	2770.727273	2770.752109	3324.815306	2987.017432	0.898409	11	0.000000	0.856000	8.000000
16	68	0	0.897500	0.926000	1152.349619	3532.444444	3532.440367	3817.664080	3616.695312	0.947365	9	-0.000000	0.926000	8.000000
16	69	0	0.871623	0.906000	845.337671	2361.615385	2361.615192	2455.652036	2292.614876	0.933607	13	-0.000000	0.906000	8.000000
16	70	0	0.909828	0.935000	699.200379	2239.076923	2239.076892	2423.518189	2311.670307	0.953849	13	-0.000000	0.935000	8.000000
16	71	0	0.903935	0.930000	914.841987	3351.000000	3350.999658	3082.894744	2931.078062	0.950755	12	-0.000000	0.930000	8.000000
16	72	0	0.904205	0.931000	871.399597	3353.250000	3353.250308	2940.633856	2796.240662	0.950897	12	0.000000	0.931000	8.000000
16	73	0	0.913499	0.937000	1137.893885	3224.300000	3224.296120	4078.203936	3897.851576	0.955771	10	-0.000000	0.937000	8.000000
16	74	0	0.877081	0.910000	944.497818	2423.000000	2423.000143	2909.812480	2725.114588	0.936526	7	0.000000	0.910000	8.000000
16	75	0	0.941409	0.958000	702.111591	2486.636364	2486.636827	3042.182482	2951.714179	0.970262	11	0.000000	0.958000	8.000000
16	76	0	0.912867	0.937000	825.588262	2017.933333	2017.933373	2895.040006	2766.039546	0.955441	15	0.000000	0.937000	8.000000
16	77	0	0.834969	0.878000	1028.508695	2171.090909	2171.091600	2655.347038	2426.367871	0.913766	11	0.000000	0.878000	8.000000
16	78	0	0.838789	0.881000	747.192935	2046.538462	2046.538123	1936.940440	1773.955068	0.915854	13	-0.000000	0.881000	8.000000
16	79	0	0.764582	0.822000	1038.335594	1400.583333	1400.583317	2235.178596	1954.448836	0.874404	12	-0.000000	0.822000	8.000000
16	80	0	0.930662	0.950000	950.922909	3818.777778	3818.764811	3830.322531	3695.140391	0.964708	9	-0.000000	0.950000	8.000000
17	1	0	0.973112	0.981000	1.199111	105.246667	105.246667	7.756328	7.651354	0.986464	9	0.000000	0.981000	9.000000
17	2	0	0.893482	0.923000	2.524163	106.944167	106.944183	8.077924	7.635599	0.945242	12	0.000000	0.923000	9.000000
17	3	0	0.970444	0.979000	1.294061	107.181667	107.181667	7.861857	7.744795	0.985111	12	-0.000000	0.979000	9.000000
17	4	0	0.953777	0.967000	1.747616	106.628000	106.627990	8.568298	8.367925	0.976615	10	-0.000000	0.967000	9.000000
17	5	0	0.955273	0.968000	1.764569	107.260000	107.260010	8.794972	8.596028	0.977381	10	0.000000	0.968000	9.000000
17	6	0	0.914171	0.938000	1.962555	108.100833	108.100842	6.996802	6.689796	0.956123	12	0.000000	0.938000	9.000000
17	7	0	0.994325	0.996000	0.592692	107.274545	107.274555	8.251960	8.228519	0.997159	11	0.000000	0.996000	9.000000
17	8	0	0.942064	0.958000	1.924508	104.175000	104.174986	8.297334	8.053404	0.970600	14	-0.000000	0.958000	9.000000
17	9	0	0.931051	0.950000	2.062750	105.413571	105.413571	8.152204	7.866147	0.964910	14	0.000000	0.950000	9.000000
17	10	0	0.932456	0.951000	1.874580	105.082500	105.082483	7.533656	7.274778	0.965638	12	-0.000000	0.951000	9.000000
17	11	0	0.906740	0.932000	2.418960	105.434545	105.434555	8.307637	7.910763	0.952229	11	0.000000	0.932000	9.000000
17	12	0	0.979158	0.985000	1.125509	106.483571	106.483586	8.090374	8.005620	0.989524	14	0.000000	0.985000	9.000000
17	13	0	0.932866	0.952000	1.959255	105.613333	105.613333	7.897970	7.628244	0.965850	12	-0.000000	0.952000	9.000000
17	14	0	0.911620	0.936000	2.102208	105.532308	105.532315	7.360025	7.027266	0.954788	13	0.000000	0.936000	9.000000
17	15	0	0.931718	0.951000	1.892328	106.942500	106.942483	7.563732	7.300931	0.965255	12	-0.000000	0.951000	9.000000
17	16	0	0.983712	0.988000	0.880874	106.508462	106.508462	7.183969	7.125218	0.991823	13	0.000000	0.988000	9.000000
17	17	0	0.968032	0.977000	1.554500	105.778182	105.778209	9.118626	8.971686	0.983886	11	0.000000	0.977000	9.000000
17	18	0	0.955043	0.968000	1.596102	107.028333	107.028342	7.862375	7.683600	0.977263	12	0.000000	0.968000	9.000000
17	19	0	0.958317	0.970000	1.338528	106.342727	106.342718	6.876112	6.731290	0.978937	11	-0.000000	0.970000	9.000000
17	20	0	0.936287	0.954000	1.845612	107.358462	107.358469	7.610405	7.363970	0.967619	13	0.000000	0.954000	9.000000
17	21	0	0.913879	0.938000	2.021160	105.254444	105.254456	7.305038	6.983392	0.955970	9	0.000000	0.938000	9.000000
17	22	0	0.935369	0.954000	1.643088	103.191250	103.191250	6.909342	6.682351	0.967145	8	0.000000	0.954000	9.000000
17	23	0	0.900569	0.928000	2.443054	102.735833	102.735833	8.092184	7.679345	0.948983	12	0.000000	0.928000	9.000000
17	24	0	0.935346	0.954000	2.009401	107.800000	107.800010	8.330071	8.056274	0.967133	10	0.000000	0.954000	9.000000
17	25	0	0.944492	0.960000	1.613758	104.982727	104.982727	7.183847	6.981620	0.971850	11	0.000000	0.960000	9.000000
17	26	0	0.908249	0.934000	2.288012	106.679091	106.679091	7.922265	7.550093	0.953021	11	0.000000	0.934000	9.000000
17	27	0	0.940799	0.958000	1.877658	104.538750	104.538737	7.970131	7.730622	0.969948	16	-0.000000	0.958000	9.000000
17	28	0	0.947502	0.962000	1.972489	105.537500	105.537500	8.991604	8.752407	0.973397	12	-0.000000	0.962000	9.000000
17	29	0	0.948154	0.963000	2.077495	107.344167	107.344175	9.529652	9.279314	0.973732	12	0.000000	0.963000	9.000000
17	30	0	0.974384	0.982000	1.359931	105.926667	105.926658	8.874814	8.760415	0.987109	12	-0.000000	0.982000	9.000000
17	31	0	0.943695	0.960000	1.437206	105.952308	105.952308	6.304163	6.124104	0.971440	13	-0.000000	0.960000	9.000000
17	32	0	0.967914	0.977000	1.484828	106.758000	106.758010	8.737677	8.596340	0.983826	10	0.000000	0.977000	9.000000
17	33	0	0.938586	0.956000	1.970020	105.933333	105.933325	8.302941	8.043954	0.968807	12	-0.000000	0.956000	9.000000
17	34	0	0.943483	0.959000	1.525155	104.592000	104.592010	6.762443	6.568576	0.971331	10	0.000000	0.959000	9.000000
17	35	0	0.908348	0.934000	2.425580	104.363750	104.363737	8.565255	8.163299	0.953073	8	-0.000000	0.934000	9.000000
17	36	0	0.951152	0.965000	1.497130	105.948333	105.948325	7.075048	6.900087	0.975270	12	-0.000000	0.965000	9.000000
17	37	0	0.948615	0.963000	1.763477	102.260667	102.260660	8.052527	7.842916	0.973969	15	-0.000000	0.963000	9.000000
17	38	0	0.923157	0.945000	2.454748	100.821000	100.821010	9.334362	8.968558	0.960811	10	0.000000	0.945000	9.000000
17	39	0	0.934405	0.953000	1.558695	105.057143	105.057150	6.315654	6.105019	0.966646	14	0.000000	0.953000	9.000000
17	40	0	0.938035	0.955000	2.212940	102.101818	102.101809	9.323781	9.030280	0.968522	11	-0.000000	0.955000	9.000000
