5.2000	3.8200
3.2000	2.3500
4.1000	1.5500
2.6000	1.7900
3.8000	2.8900
4.1000	4.0500
6.5000	7.8100
5.7000	6.2500
4.9000	5.9800
4.7000	5.0100
3.2000	3.6100
2.9000	2.7600
2.7000	2.4000
3.3000	2.6600
3.9000	4.3200
6.6000	8.1800
8.1000	9.3900
8.3000	8.2400
7.3000	6.0200
7.8000	7.2200
7.2700	6.5500
4.7000	5.6800
5.3000	6.1700
5.3000	6.1400
4.1300	5.1900
4.2900	4.5000
4.0600	4.4000
3.5400	3.8900
3.1200	3.5100
3.9800	3.2900
5.2000	4.4700
2.8900	3.2100
3.2400	1.8500
2.3000	2.2400
1.6200	2.5300
5.9700	5.4000
6.2000	4.6700
1.1200	6.3600
7.7600	5.6500
9.7800	9.8300
12.9000	10.0700
2.2100	7.5200
13.7000	9.0000
1.9500	6.4000
1.7100	6.5400
10.9000	7.3000
17.1700	9.4300
10.9000	8.1900
7.7400	6.3200
7.9300	6.3100
2.4500	6.3800
6.7700	6.8800
4.7400	5.8600
4.2200	5.8300
1.1100	3.2100
