2.8000	3.0200
1.7000	2.3200
2.6000	1.6900
1.6000	1.8800
2.2000	2.0700
2.8000	2.8400
6.3000	4.6400
3.9000	4.1300
5.2000	4.8400
3.9000	4.5500
5.3000	4.3000
3.2000	3.4200
2.9000	2.8600
1.9000	2.6500
2.5000	2.4100
2.3000	2.6400
4.8000	4.1200
3.7000	4.5400
4.5000	4.9100
2.5000	3.3500
6.2000	4.9900
4.5000	4.8600
4.2400	4.0500
4.5000	3.9400
3.9100	4.1100
3.9300	3.5000
2.1100	2.9900
1.9000	3.0000
1.5500	2.8000
2.7200	2.1300
2.3900	1.9300
2.3900	2.6900
2.4900	1.9500
1.8900	1.0600
2.1600	2.0000
0.5500	1.1200
5.0200	3.9500
3.5500	3.8600
3.5100	4.0500
2.5000	3.1800
5.1000	4.4600
4.4200	3.9700
2.6800	3.1700
3.2400	3.1700
2.8600	3.1400
2.9200	3.2400
2.8800	2.7200
2.8600	2.8100
1.6800	1.2400
