4.2000	3.5600
3.8000	3.9400
4.1000	2.9400
3.2000	3.0100
4.6000	4.6100
5.7000	4.0800
7.4000	7.1100
4.2000	6.8100
5.1000	5.2600
5.4000	5.5600
6.1000	6.4100
5.4000	5.2600
5.0000	4.7400
4.9000	4.5300
4.1000	5.1900
13.9000	10.3900
10.7000	9.9500
10.3000	9.4900
5.1000	5.6700
5.4000	7.5800
6.0800	6.0700
4.9400	5.2900
5.9000	5.8800
6.3000	5.9400
5.7400	6.1400
5.0800	5.8700
5.8300	5.3000
5.3300	4.5300
5.9200	5.4800
6.1800	5.7300
5.8100	7.1200
6.2800	6.4300
4.8200	4.7600
1.8900	3.5500
3.1400	4.0100
6.3700	6.3500
4.0300	5.7700
7.5600	8.2900
7.7600	8.1900
11.9700	11.3300
12.3000	11.8500
10.2600	8.5400
10.3000	10.0000
10.8800	7.7500
6.8000	7.1100
8.1000	8.2600
9.6000	10.1000
8.7900	8.9800
6.8200	7.6600
7.5100	7.6400
7.4200	7.5400
7.2300	7.6500
7.1600	7.4800
7.1900	7.7800
6.1200	5.5700
