4.0000	4.1400
2.7000	3.9500
3.5000	4.0100
3.2000	3.5000
3.6000	3.8100
4.9000	4.3900
5.8000	5.4600
5.0000	5.4700
6.1000	5.8500
6.0000	5.8500
5.5000	5.2300
5.2000	4.7700
4.1000	4.1000
4.3000	4.0600
4.5000	4.3400
5.0000	4.6800
4.9000	5.1600
4.1000	4.6100
5.2000	5.8200
6.0800	5.5700
4.5600	4.7300
4.3000	4.5700
4.9000	4.8300
4.7500	4.5500
4.8900	4.3800
4.6500	4.3500
4.1300	4.1000
3.5200	3.6600
3.9800	3.5900
3.5900	3.9600
3.8900	3.3200
3.5000	2.9600
3.7600	3.1100
2.1500	2.4000
3.8300	4.0900
3.5500	3.8300
4.7000	4.7600
4.3000	4.2700
4.2900	4.8700
4.9100	4.7500
4.8500	4.5500
4.6200	4.5400
4.8700	4.5600
4.6300	4.3900
4.3100	4.1600
4.3100	4.1200
1.7800	3.0400
