2.4000	2.2700
1.6000	2.0000
1.4000	2.5000
1.4000	1.6200
1.8000	1.8700
2.0000	2.2400
1.3000	1.7800
3.3000	2.4100
3.4000	3.2900
3.2000	3.4900
3.5000	3.4300
2.7000	2.9800
2.4000	2.2800
1.8000	2.1700
1.3000	1.9800
3.3000	3.0900
4.1000	3.2500
3.7000	4.1500
0.9000	1.5400
5.0000	4.3000
3.5100	3.5600
3.1500	2.8900
3.5100	3.1400
2.7300	3.0000
3.3000	2.8200
3.0800	2.7700
2.5400	2.3600
2.3200	2.4100
2.9900	2.7100
3.5900	2.6900
1.7000	1.6500
1.6600	1.0800
1.6900	1.6500
2.1600	1.9400
2.5500	2.6200
4.4200	3.8700
1.9500	3.0600
2.3200	2.6700
2.5000	2.6500
2.2300	2.5000
2.0100	2.5400
2.2700	1.9200
2.1900	1.7100
1.9800	1.9700
1.5900	1.5000
1.5900	1.7800
1.7600	1.6600
1.0500	1.0700
