3.6000	3.7800
3.8000	3.7700
3.5000	3.4100
2.8000	3.4600
3.2000	4.3400
3.6000	5.2600
4.6000	4.9600
4.4000	6.0800
6.4000	6.0100
4.5000	5.6400
6.1000	4.9200
4.4000	4.1400
4.8000	3.9700
4.6000	3.7100
2.4000	3.8800
3.5000	4.9400
5.3000	5.6400
9.3000	6.1500
8.1000	4.2700
5.3000	6.1500
6.0700	5.4900
5.9000	5.2800
5.5400	4.8500
5.2800	4.9500
4.2600	4.7700
3.9400	4.3700
3.1200	4.4200
3.9800	4.8500
4.6000	3.9400
3.8900	3.4100
3.7000	4.4200
4.1700	5.5700
8.3600	7.7800
7.5900	7.7800
9.3400	7.4900
8.5000	7.4700
6.3000	8.1900
9.6300	7.9200
8.2300	7.1200
6.6600	7.1300
6.2200	7.4700
7.2700	7.4400
6.8200	7.0000
