2.4000	2.2000
2.8000	2.0700
1.4000	1.6800
1.8000	1.8900
1.6000	1.6600
2.2000	1.9500
2.5000	2.4200
2.5000	2.3800
2.8000	3.0400
3.5000	2.9900
3.0000	2.8500
2.8000	2.5500
2.2000	2.3900
2.4000	2.3300
1.7000	2.0600
1.5000	1.6700
1.6000	1.7200
1.5000	1.6900
2.3000	2.3100
1.9000	1.8300
2.2000	2.6500
2.7200	2.8400
2.5300	2.4700
2.6000	2.2300
2.1200	2.3700
2.1300	2.1400
1.9100	1.9100
2.0900	1.9700
2.3400	2.0000
1.9200	1.5100
1.5900	1.3800
0.9800	1.7000
1.3000	1.5700
0.2900	1.0900
0.5600	0.9200
0.1500	-0.0200
1.8400	1.1200
1.3600	1.0800
1.5200	1.6300
0.7100	1.3900
1.5100	1.8900
1.1700	1.8300
1.8900	1.7600
2.0100	1.8000
2.1000	1.7300
1.6900	1.7200
1.8600	1.5300
2.0100	1.6300
1.1400	1.0900
