5.0000	4.7300
4.5000	3.9400
6.1000	4.7900
3.6000	3.6600
3.4000	3.1000
3.9000	4.2500
3.3000	2.8500
3.1000	3.6800
6.2000	6.2400
6.8000	6.3400
4.6000	5.6600
4.6000	5.2300
4.2000	4.2500
3.5000	4.1300
3.3000	3.3200
3.2000	2.7500
3.4000	2.3900
2.2000	2.9700
3.5000	4.8800
2.1000	2.5400
8.4000	6.1900
7.4700	6.0300
6.0300	5.1100
4.7000	4.7000
3.7100	5.1900
4.5400	4.6500
4.0900	4.2900
3.8600	4.5500
3.5400	4.3500
3.7200	3.5500
3.5900	3.7500
2.7900	3.4100
3.2900	2.0800
0.4900	3.2300
3.0400	2.8800
1.5600	2.4500
5.6400	3.6100
4.0800	2.7400
0.7500	1.7700
2.8300	3.4000
1.3600	2.1400
6.0700	3.1700
2.1000	2.9800
4.9500	3.8400
4.2300	2.4700
1.3100	3.4700
3.3200	2.9200
2.6500	3.3800
2.9800	2.9600
2.2300	2.7300
2.0800	3.1500
2.2800	2.4900
3.0800	2.6800
3.1000	2.3600
1.8400	1.8600
