2.4000	2.6600
1.6000	2.0100
2.4000	3.1800
1.6000	1.4500
2.6000	2.9800
3.4000	3.8000
6.6000	5.4300
5.8000	5.1700
5.4000	4.3700
6.4000	5.1600
5.0000	4.5600
4.7000	3.7000
2.4000	2.7600
2.1000	2.5700
3.3000	2.3700
4.2000	4.0000
5.9000	5.8000
6.7000	7.0600
5.7000	6.1300
2.9000	4.8500
4.4000	5.9700
4.5000	4.6200
4.2300	3.7300
4.2000	4.3700
4.7000	4.5400
4.9400	4.3100
3.7000	4.3500
4.2600	4.1400
4.1300	3.3300
3.5200	3.8400
2.9900	4.1300
4.6000	4.2600
2.6900	2.7300
1.9400	2.6800
2.5000	3.5600
3.5000	3.7800
6.5700	5.5400
7.5300	6.3800
6.1300	6.9600
9.1600	7.2500
8.7800	9.0200
10.5000	8.6700
6.8000	7.2900
8.1000	8.3800
6.8000	7.6700
7.2200	6.5100
7.1000	7.6900
7.5800	7.9300
6.7300	7.4900
6.3900	6.4800
7.0400	6.3200
6.3600	6.7900
6.3200	6.5400
6.2600	6.3300
5.8700	5.7900
4.5200	4.2500
