2.4000	2.6800
2.0000	2.5100
1.6000	1.8200
1.4000	2.0700
3.0000	2.4000
2.2000	2.7700
3.9000	4.9000
4.8000	4.2900
3.7000	4.2300
4.0000	4.3800
4.0000	4.2200
3.4000	3.5000
3.1000	3.2000
3.2000	3.0600
2.2000	2.8800
3.3000	3.0000
3.6000	3.9700
4.8000	4.2000
4.1000	4.1900
4.1000	3.6300
4.8000	4.0400
3.9000	4.0000
3.1700	3.4100
4.3000	3.5100
3.5100	3.6500
3.5300	3.3900
3.1000	3.0800
3.0800	3.0100
2.9400	2.9000
2.7200	2.5700
3.1900	2.3900
4.4000	3.2400
2.1000	2.9900
3.3000	2.1300
3.3600	3.0900
1.1500	2.3500
4.0200	4.7100
4.3500	5.2400
6.1000	5.8000
3.7000	4.8600
9.3400	6.1400
4.8800	5.6300
4.3800	5.2400
4.5600	5.3900
6.0700	5.3400
5.4900	5.5700
5.5100	4.9800
5.7400	5.0100
3.5800	3.4900
