4.4000	4.3900
4.2000	3.4100
3.0000	3.3100
3.2000	3.2700
4.8000	4.0000
4.3000	4.6100
5.6000	6.1200
5.8000	5.3600
5.6000	5.0200
4.1000	4.3800
4.7000	4.3200
4.3000	3.7100
3.5000	3.3000
3.9000	3.1200
3.4000	3.4200
4.1000	4.7100
6.5000	7.0500
6.9000	6.8300
5.9000	5.6600
7.2000	6.2300
4.8900	5.6600
5.5700	5.3500
5.4000	5.6300
5.3000	5.4700
4.5400	4.9300
5.2800	4.6600
5.0400	4.5900
4.3300	4.2200
3.5200	4.1700
3.1900	4.1100
3.5700	4.4100
3.0900	3.5900
1.7800	2.9600
3.1000	3.2800
3.4600	3.4400
4.3700	5.0300
3.5800	4.8500
8.4200	5.8400
6.7600	5.7500
7.2000	7.2000
8.9400	6.9100
2.2200	5.0700
6.3000	5.6700
1.4000	4.3500
3.2200	4.2500
6.3000	4.9800
5.6600	5.7500
5.5300	5.1400
3.5300	3.9900
3.4500	3.8600
4.4800	3.8900
4.3300	4.0900
3.7400	3.7500
4.7700	3.7600
3.9900	2.8300
