2.8000	3.2500
2.3000	1.7600
3.0000	3.2200
1.6000	1.4700
2.0000	3.0000
4.9000	4.4600
7.3000	6.4200
6.9000	5.4500
4.9000	4.7000
4.8000	5.0000
6.3000	3.9900
3.7000	3.1400
2.7000	2.1400
2.8000	1.9100
1.8000	1.7300
3.7000	3.5200
5.2000	5.8400
7.1000	7.9700
5.1000	6.1500
4.1000	5.9700
4.8000	6.0700
4.8900	4.9900
4.4600	4.2800
4.8000	5.1000
4.7000	5.1200
4.1300	4.4600
4.4900	4.4400
4.4500	4.4000
3.1400	3.6700
2.1900	4.0300
4.2000	3.9200
2.1000	2.2000
1.8500	2.5600
3.9000	4.2100
5.6000	4.4700
9.9700	6.7000
8.6000	7.5200
9.4500	7.8900
7.3600	8.3200
9.5800	10.0300
13.1000	9.6700
6.9800	8.2300
13.5000	9.3500
4.7300	8.4100
6.6300	7.6400
7.7000	8.7200
5.5100	8.9100
9.8300	8.3600
6.1500	7.0600
6.9600	6.9000
8.9000	7.5000
8.4400	7.5000
6.8500	6.9200
6.1200	6.1600
2.3800	4.6300
