1.6000	1.8600
2.7000	1.2900
1.4000	1.2500
1.2000	0.9000
1.8000	2.6900
6.7000	5.6700
4.5000	4.5800
3.2000	3.6800
4.9000	4.1200
3.0000	3.3500
1.9000	2.5500
1.7000	2.2200
1.4000	2.0500
1.9000	1.6300
2.4000	2.1000
2.2000	3.2300
4.9000	4.3000
3.1000	3.1700
4.3000	4.4800
4.0000	3.5000
3.3100	3.3200
1.8800	2.6100
3.2000	2.8400
2.9200	2.8900
2.5300	2.4200
2.7100	2.3100
1.9000	2.2400
1.3500	1.9700
1.9200	1.5800
1.3900	1.2600
2.3900	1.8900
1.1000	1.3600
1.6900	1.3400
1.9600	2.6400
0.7500	1.9700
3.8300	3.9100
5.5500	4.3300
4.9000	5.4000
5.7000	4.3300
4.5000	5.5800
4.1400	4.9900
4.9100	4.6300
4.5300	4.7500
5.0900	4.7500
6.5400	5.0500
4.0700	4.2100
3.9900	4.0300
2.0600	2.4000
