4.8000	3.5000
2.9000	3.0000
2.0000	2.8600
2.6000	2.9700
3.6000	3.4500
3.4000	3.9400
4.7000	5.5900
4.3000	4.7800
3.9000	4.0700
4.4000	3.9300
3.5000	3.5300
3.0000	3.2100
2.8000	3.2300
3.0000	3.1500
3.0000	3.0400
3.3000	3.4000
3.8000	4.2500
5.7000	4.8800
4.7000	3.8500
6.7000	5.1800
4.8000	4.0400
4.1000	4.0600
2.9900	3.8600
3.6000	3.8800
3.7100	3.7400
3.3300	3.3500
3.5000	3.3100
3.2700	3.2900
2.7400	3.1900
2.3200	2.8500
2.3900	2.5400
3.7900	2.7800
2.4900	2.6200
2.7000	2.4400
2.7600	3.1200
2.5500	2.6300
4.2200	3.1300
1.7600	3.1900
1.7000	3.4500
1.9000	2.9000
4.1900	3.6200
3.5400	3.2500
3.2600	3.0200
2.8700	3.0500
3.2400	2.8900
3.2300	3.1800
3.4200	2.7100
3.2200	2.7600
3.1900	2.2200
