3.2000	3.0100
2.3000	2.4100
1.8000	2.4400
2.8000	2.1500
4.2000	2.8900
3.2000	3.4100
4.1000	5.0700
2.9000	4.4200
3.5000	3.9600
3.7000	3.9000
3.3000	3.7000
2.6000	3.1000
2.6000	2.6800
2.8000	2.5300
3.1000	2.6200
4.2000	3.5600
6.2000	5.2100
8.3000	5.9200
5.9000	5.1300
3.7000	4.4100
4.8000	4.6900
3.9000	4.1900
4.8100	3.8000
4.3000	4.1600
3.7100	4.1500
3.1300	3.8300
3.3000	3.6600
3.2700	3.5700
3.1400	3.2400
2.9200	3.3000
2.9900	3.2900
3.1900	3.6800
2.6900	3.0200
2.0900	2.6800
3.3000	2.9800
3.1000	3.1600
4.1700	4.5300
3.5300	4.4400
10.7000	5.1400
2.1500	5.0900
5.2100	6.6700
5.9500	6.7800
4.4300	5.6100
5.5000	6.3500
8.6700	5.3200
8.2200	5.2100
3.7000	5.6400
5.4700	6.3700
5.7600	5.8500
5.1800	5.0500
6.2100	5.0300
6.0200	5.1700
5.0800	5.3200
5.4200	4.9100
5.2800	4.7600
1.0900	3.6100
