5.6000	5.8500
6.2000	4.9800
4.9000	4.5200
4.4000	4.5300
4.4000	4.2600
4.3000	5.1400
6.5000	5.6900
7.2000	5.6900
6.9000	7.6300
5.7000	7.1100
6.0000	7.0100
4.7000	6.1400
4.6000	5.2500
4.6000	5.0300
5.0000	4.8100
4.6000	4.9000
5.4000	6.3200
5.7000	6.6200
9.3000	7.9700
4.3000	4.5200
10.7000	8.0000
8.0600	7.7900
6.2200	6.9200
6.6000	6.7600
6.6900	7.0900
6.9500	6.4400
6.4700	5.7500
5.6300	5.8700
4.9300	5.6700
5.5200	4.9700
5.5800	5.0000
6.4100	5.5800
5.2900	4.4900
4.3000	3.9900
4.3700	4.7000
3.3500	4.1100
6.0100	7.3600
6.7400	6.8800
7.3000	6.6700
7.7000	6.1900
7.8500	7.0200
7.6000	6.7400
5.9300	5.6700
3.7200	5.5700
5.5700	5.7600
5.6100	5.6100
5.2400	5.3500
5.0400	5.3400
3.4700	3.8600
